x,y,tick,phase,distance_walked,walking_speed,cutting_speed,start_pos,prolific_id
24.0,40.0,1,train,0.0,1.0,1.0,"(1, 2)",650a2466738bb786a6c7849b
24.0,40.0,2,train,0.0,1.0,1.0,"(1, 2)",650a2466738bb786a6c7849b
24.0,40.0,3,train,0.0,1.0,1.0,"(1, 2)",650a2466738bb786a6c7849b
24.0,40.0,4,train,0.0,1.0,1.0,"(1, 2)",650a2466738bb786a6c7849b
24.0,40.0,5,train,0.0,1.0,1.0,"(1, 2)",650a2466738bb786a6c7849b
24.0,40.0,6,train,0.0,1.0,1.0,"(1, 2)",650a2466738bb786a6c7849b
24.0,40.0,7,train,0.0,1.0,1.0,"(1, 2)",650a2466738bb786a6c7849b
24.0,40.0,8,train,0.0,1.0,1.0,"(1, 2)",650a2466738bb786a6c7849b
24.0,40.0,9,train,0.0,1.0,1.0,"(1, 2)",650a2466738bb786a6c7849b
24.0,40.0,10,train,0.0,1.0,1.0,"(1, 2)",650a2466738bb786a6c7849b
24.0,40.0,11,train,0.0,1.0,1.0,"(1, 2)",650a2466738bb786a6c7849b
24.0,40.0,12,train,0.0,1.0,1.0,"(1, 2)",650a2466738bb786a6c7849b
24.0,40.0,13,train,0.0,1.0,1.0,"(1, 2)",650a2466738bb786a6c7849b
24.0,40.0,14,train,0.0,1.0,1.0,"(1, 2)",650a2466738bb786a6c7849b
24.0,40.0,15,train,0.0,1.0,1.0,"(1, 2)",650a2466738bb786a6c7849b
24.0,40.0,16,train,0.0,1.0,1.0,"(1, 2)",650a2466738bb786a6c7849b
24.0,40.0,17,train,0.0,1.0,1.0,"(1, 2)",650a2466738bb786a6c7849b
24.0,40.0,18,train,0.0,1.0,1.0,"(1, 2)",650a2466738bb786a6c7849b
24.0,40.0,19,train,0.0,1.0,1.0,"(1, 2)",650a2466738bb786a6c7849b
24.0,40.0,20,train,0.0,1.0,1.0,"(1, 2)",650a2466738bb786a6c7849b
24.0,40.0,21,train,0.0,1.0,1.0,"(1, 2)",650a2466738bb786a6c7849b
24.0,40.0,22,train,0.0,1.0,1.0,"(1, 2)",650a2466738bb786a6c7849b
24.0,40.0,23,train,0.0,1.0,1.0,"(1, 2)",650a2466738bb786a6c7849b
24.0,40.0,24,train,0.0,1.0,1.0,"(1, 2)",650a2466738bb786a6c7849b
24.0,40.0,25,train,0.0,1.0,1.0,"(1, 2)",650a2466738bb786a6c7849b
24.0,40.0,26,train,0.0,1.0,1.0,"(1, 2)",650a2466738bb786a6c7849b
24.0,40.0,27,train,0.0,1.0,1.0,"(1, 2)",650a2466738bb786a6c7849b
24.0,40.0,28,train,0.0,1.0,1.0,"(1, 2)",650a2466738bb786a6c7849b
24.0,40.0,29,train,0.0,1.0,1.0,"(1, 2)",650a2466738bb786a6c7849b
24.0,40.0,30,train,0.0,1.0,1.0,"(1, 2)",650a2466738bb786a6c7849b
24.0,40.0,31,train,0.0,1.0,1.0,"(1, 2)",650a2466738bb786a6c7849b
24.0,40.0,32,train,0.0,1.0,1.0,"(1, 2)",650a2466738bb786a6c7849b
24.0,40.0,33,train,0.0,1.0,1.0,"(1, 2)",650a2466738bb786a6c7849b
24.0,40.0,34,train,0.0,1.0,1.0,"(1, 2)",650a2466738bb786a6c7849b
24.0,40.0,35,train,0.0,1.0,1.0,"(1, 2)",650a2466738bb786a6c7849b
24.0,40.0,36,train,0.0,1.0,1.0,"(1, 2)",650a2466738bb786a6c7849b
24.0,40.0,37,train,0.0,1.0,1.0,"(1, 2)",650a2466738bb786a6c7849b
24.0,40.0,38,train,0.0,1.0,1.0,"(1, 2)",650a2466738bb786a6c7849b
24.0,40.0,39,train,0.0,1.0,1.0,"(1, 2)",650a2466738bb786a6c7849b
24.0,40.0,40,train,0.0,1.0,1.0,"(1, 2)",650a2466738bb786a6c7849b
24.0,40.0,41,train,0.0,1.0,1.0,"(1, 2)",650a2466738bb786a6c7849b
24.0,40.0,42,train,0.0,1.0,1.0,"(1, 2)",650a2466738bb786a6c7849b
24.0,40.0,43,train,0.0,1.0,1.0,"(1, 2)",650a2466738bb786a6c7849b
24.0,40.0,44,train,0.0,1.0,1.0,"(1, 2)",650a2466738bb786a6c7849b
24.0,40.0,45,train,0.0,1.0,1.0,"(1, 2)",650a2466738bb786a6c7849b
24.0,40.0,46,train,0.0,1.0,1.0,"(1, 2)",650a2466738bb786a6c7849b
24.0,40.0,47,train,0.0,1.0,1.0,"(1, 2)",650a2466738bb786a6c7849b
24.0,40.0,48,train,0.0,1.0,1.0,"(1, 2)",650a2466738bb786a6c7849b
24.0,40.0,49,train,0.0,1.0,1.0,"(1, 2)",650a2466738bb786a6c7849b
24.0,40.0,50,train,0.0,1.0,1.0,"(1, 2)",650a2466738bb786a6c7849b
24.0,40.0,51,train,0.0,1.0,1.0,"(1, 2)",650a2466738bb786a6c7849b
24.0,40.0,52,train,0.0,1.0,1.0,"(1, 2)",650a2466738bb786a6c7849b
24.0,40.0,53,train,0.0,1.0,1.0,"(1, 2)",650a2466738bb786a6c7849b
24.0,40.0,54,train,0.0,1.0,1.0,"(1, 2)",650a2466738bb786a6c7849b
24.0,40.0,55,train,0.0,1.0,1.0,"(1, 2)",650a2466738bb786a6c7849b
24.0,40.0,56,train,0.0,1.0,1.0,"(1, 2)",650a2466738bb786a6c7849b
24.0,40.0,57,train,0.0,1.0,1.0,"(1, 2)",650a2466738bb786a6c7849b
24.0,40.0,58,train,0.0,1.0,1.0,"(1, 2)",650a2466738bb786a6c7849b
24.0,40.0,59,train,0.0,1.0,1.0,"(1, 2)",650a2466738bb786a6c7849b
24.0,40.0,60,train,0.0,1.0,1.0,"(1, 2)",650a2466738bb786a6c7849b
24.0,40.0,61,train,0.0,1.0,1.0,"(1, 2)",650a2466738bb786a6c7849b
24.0,40.0,62,train,0.0,1.0,1.0,"(1, 2)",650a2466738bb786a6c7849b
24.0,40.0,63,train,0.0,1.0,1.0,"(1, 2)",650a2466738bb786a6c7849b
24.0,40.0,64,train,0.0,1.0,1.0,"(1, 2)",650a2466738bb786a6c7849b
24.0,40.0,65,train,0.0,1.0,1.0,"(1, 2)",650a2466738bb786a6c7849b
24.0,40.0,66,train,0.0,1.0,1.0,"(1, 2)",650a2466738bb786a6c7849b
24.0,40.0,67,train,0.0,1.0,1.0,"(1, 2)",650a2466738bb786a6c7849b
24.0,40.0,68,train,0.0,1.0,1.0,"(1, 2)",650a2466738bb786a6c7849b
24.0,40.0,69,train,0.0,1.0,1.0,"(1, 2)",650a2466738bb786a6c7849b
24.0,40.0,70,train,0.0,1.0,1.0,"(1, 2)",650a2466738bb786a6c7849b
24.0,40.0,71,train,0.0,1.0,1.0,"(1, 2)",650a2466738bb786a6c7849b
24.0,40.0,72,train,0.0,1.0,1.0,"(1, 2)",650a2466738bb786a6c7849b
24.88388347648305,39.11611652351695,73,train,1.249999999999809,1.0,1.0,"(1, 2)",650a2466738bb786a6c7849b
25.7677669529661,38.2322330470339,74,train,2.499999999999618,1.0,1.0,"(1, 2)",650a2466738bb786a6c7849b
26.65165042944915,37.34834957055085,75,train,3.749999999999427,1.0,1.0,"(1, 2)",650a2466738bb786a6c7849b
27.535533905932198,36.4644660940678,76,train,4.999999999999236,1.0,1.0,"(1, 2)",650a2466738bb786a6c7849b
28.419417382415247,35.58058261758475,77,train,6.249999999999045,1.0,1.0,"(1, 2)",650a2466738bb786a6c7849b
29.303300858898297,34.6966991411017,78,train,7.499999999998854,1.0,1.0,"(1, 2)",650a2466738bb786a6c7849b
30.187184335381346,33.812815664618654,79,train,8.749999999998664,1.0,1.0,"(1, 2)",650a2466738bb786a6c7849b
31.071067811864395,32.928932188135605,80,train,9.999999999998472,1.0,1.0,"(1, 2)",650a2466738bb786a6c7849b
31.954951288347445,32.045048711652555,81,train,11.24999999999828,1.0,1.0,"(1, 2)",650a2466738bb786a6c7849b
32.838834764830494,31.161165235169506,82,train,12.499999999998089,1.0,1.0,"(1, 2)",650a2466738bb786a6c7849b
33.722718241313544,30.277281758686456,83,train,13.749999999997897,1.0,1.0,"(1, 2)",650a2466738bb786a6c7849b
34.60660171779659,29.393398282203407,84,train,14.999999999997705,1.0,1.0,"(1, 2)",650a2466738bb786a6c7849b
35.49048519427964,28.509514805720357,85,train,16.249999999997513,1.0,1.0,"(1, 2)",650a2466738bb786a6c7849b
36.37436867076269,27.625631329237308,86,train,17.49999999999732,1.0,1.0,"(1, 2)",650a2466738bb786a6c7849b
37.25825214724574,26.74174785275426,87,train,18.74999999999713,1.0,1.0,"(1, 2)",650a2466738bb786a6c7849b
38.14213562372879,25.85786437627121,88,train,19.999999999996938,1.0,1.0,"(1, 2)",650a2466738bb786a6c7849b
39.02601910021184,24.97398089978816,89,train,21.249999999996746,1.0,1.0,"(1, 2)",650a2466738bb786a6c7849b
39.95382555869017,24.194346815316237,90,train,22.46188041079002,1.0,1.0,"(1, 2)",650a2466738bb786a6c7849b
41.203733885133886,24.179208272259245,91,train,23.711880410789707,1.0,1.0,"(1, 2)",650a2466738bb786a6c7849b
42.4536422115776,24.164069729202254,92,train,24.961880410789394,1.0,1.0,"(1, 2)",650a2466738bb786a6c7849b
43.70355053802132,24.148931186145262,93,train,26.21188041078908,1.0,1.0,"(1, 2)",650a2466738bb786a6c7849b
44.953458864465034,24.13379264308827,94,train,27.46188041078877,1.0,1.0,"(1, 2)",650a2466738bb786a6c7849b
46.20336719090875,24.11865410003119,95,train,28.711880410788456,1.0,1.0,"(1, 2)",650a2466738bb786a6c7849b
47.453275517352466,24.103515556974024,96,train,29.961880410788147,1.0,1.0,"(1, 2)",650a2466738bb786a6c7849b
48.70318384379618,24.08837701391686,97,train,31.21188041078784,1.0,1.0,"(1, 2)",650a2466738bb786a6c7849b
49.9530921702399,24.073238470859692,98,train,32.46188041078753,1.0,1.0,"(1, 2)",650a2466738bb786a6c7849b
51.203000496683615,24.058099927802527,99,train,33.71188041078722,1.0,1.0,"(1, 2)",650a2466738bb786a6c7849b
52.45290882312733,24.04296138474536,100,train,34.961880410786904,1.0,1.0,"(1, 2)",650a2466738bb786a6c7849b
53.70281714957105,24.027822841688195,101,train,36.21188041078659,1.0,1.0,"(1, 2)",650a2466738bb786a6c7849b
54.95272547601476,24.01268429863103,102,train,37.46188041078628,1.0,1.0,"(1, 2)",650a2466738bb786a6c7849b
56.20266313364169,24.00233106509779,103,train,38.71186094559412,1.0,1.0,"(1, 2)",650a2466738bb786a6c7849b
57.45266312003295,24.002146614302884,104,train,39.96186094559422,1.0,1.0,"(1, 2)",650a2466738bb786a6c7849b
58.70266310642421,24.00196216350798,105,train,41.21186094559432,1.0,1.0,"(1, 2)",650a2466738bb786a6c7849b
59.95266309281547,24.001777712713075,106,train,42.46186094559442,1.0,1.0,"(1, 2)",650a2466738bb786a6c7849b
61.20266307920673,24.00159326191817,107,train,43.711860945594516,1.0,1.0,"(1, 2)",650a2466738bb786a6c7849b
62.45266306559799,24.001408811123397,108,train,44.961860945594616,1.0,1.0,"(1, 2)",650a2466738bb786a6c7849b
63.70266305198925,24.00122436032867,109,train,46.211860945594715,1.0,1.0,"(1, 2)",650a2466738bb786a6c7849b
64.95266303837997,24.001039909533944,110,train,47.461860945594275,1.0,1.0,"(1, 2)",650a2466738bb786a6c7849b
66.20266302477052,24.000855458739217,111,train,48.71186094559366,1.0,1.0,"(1, 2)",650a2466738bb786a6c7849b
67.45266301116106,24.00067100794449,112,train,49.96186094559305,1.0,1.0,"(1, 2)",650a2466738bb786a6c7849b
68.70266299755161,24.000486557149763,113,train,51.21186094559244,1.0,1.0,"(1, 2)",650a2466738bb786a6c7849b
69.95266298394216,24.000302106355036,114,train,52.46186094559183,1.0,1.0,"(1, 2)",650a2466738bb786a6c7849b
71.20266297033271,24.00011765556031,115,train,53.71186094559122,1.0,1.0,"(1, 2)",650a2466738bb786a6c7849b
72.45266296379884,24.00002795062462,116,train,54.96186094227614,1.0,1.0,"(1, 2)",650a2466738bb786a6c7849b
73.70266296379629,24.000025703404965,117,train,56.2118609422756,1.0,1.0,"(1, 2)",650a2466738bb786a6c7849b
74.95266296379373,24.00002345618531,118,train,57.46186094227506,1.0,1.0,"(1, 2)",650a2466738bb786a6c7849b
76.20266296379117,24.000021208965656,119,train,58.71186094227452,1.0,1.0,"(1, 2)",650a2466738bb786a6c7849b
77.45266296378861,24.000018961746,120,train,59.96186094227398,1.0,1.0,"(1, 2)",650a2466738bb786a6c7849b
78.70266296378605,24.000016714526346,121,train,61.21186094227344,1.0,1.0,"(1, 2)",650a2466738bb786a6c7849b
79.9526629637835,24.00001446730669,122,train,62.4618609422729,1.0,1.0,"(1, 2)",650a2466738bb786a6c7849b
81.20266296378094,24.000012220087036,123,train,63.71186094227236,1.0,1.0,"(1, 2)",650a2466738bb786a6c7849b
82.45266296377838,24.00000997286738,124,train,64.96186094227183,1.0,1.0,"(1, 2)",650a2466738bb786a6c7849b
83.70266296377582,24.000007725647727,125,train,66.21186094227129,1.0,1.0,"(1, 2)",650a2466738bb786a6c7849b
84.95266296377326,24.000005478428115,126,train,67.46186094227075,1.0,1.0,"(1, 2)",650a2466738bb786a6c7849b
86.2026629637707,24.000003231208638,127,train,68.7118609422702,1.0,1.0,"(1, 2)",650a2466738bb786a6c7849b
87.45266296376815,24.00000098398916,128,train,69.96186094226967,1.0,1.0,"(1, 2)",650a2466738bb786a6c7849b
88.0,24.0,129,train,70.5091979785024,1.0,1.0,"(1, 2)",650a2466738bb786a6c7849b
88.0,24.0,130,train,70.5091979785024,1.0,1.0,"(1, 2)",650a2466738bb786a6c7849b
88.0,24.0,131,train,70.5091979785024,1.0,1.0,"(1, 2)",650a2466738bb786a6c7849b
88.0,24.0,132,train,70.5091979785024,1.0,1.0,"(1, 2)",650a2466738bb786a6c7849b
88.0,24.0,133,train,70.5091979785024,1.0,1.0,"(1, 2)",650a2466738bb786a6c7849b
88.0,24.0,134,train,70.5091979785024,1.0,1.0,"(1, 2)",650a2466738bb786a6c7849b
88.0,24.0,135,train,70.5091979785024,1.0,1.0,"(1, 2)",650a2466738bb786a6c7849b
88.0,24.0,136,train,70.5091979785024,1.0,1.0,"(1, 2)",650a2466738bb786a6c7849b
88.0,24.0,137,train,70.5091979785024,1.0,1.0,"(1, 2)",650a2466738bb786a6c7849b
88.0,24.0,138,train,70.5091979785024,1.0,1.0,"(1, 2)",650a2466738bb786a6c7849b
88.0,24.0,139,train,70.5091979785024,1.0,1.0,"(1, 2)",650a2466738bb786a6c7849b
88.0,24.0,140,train,70.5091979785024,1.0,1.0,"(1, 2)",650a2466738bb786a6c7849b
88.0,24.0,141,train,70.5091979785024,1.0,1.0,"(1, 2)",650a2466738bb786a6c7849b
88.0,24.0,142,train,70.5091979785024,1.0,1.0,"(1, 2)",650a2466738bb786a6c7849b
88.0,24.0,143,train,70.5091979785024,1.0,1.0,"(1, 2)",650a2466738bb786a6c7849b
88.0,24.0,144,train,70.5091979785024,1.0,1.0,"(1, 2)",650a2466738bb786a6c7849b
88.0,24.0,145,train,70.5091979785024,1.0,1.0,"(1, 2)",650a2466738bb786a6c7849b
88.0,24.0,146,train,70.5091979785024,1.0,1.0,"(1, 2)",650a2466738bb786a6c7849b
88.0,24.0,147,train,70.5091979785024,1.0,1.0,"(1, 2)",650a2466738bb786a6c7849b
88.0,24.0,148,train,70.5091979785024,1.0,1.0,"(1, 2)",650a2466738bb786a6c7849b
88.0,24.0,149,train,70.5091979785024,1.0,1.0,"(1, 2)",650a2466738bb786a6c7849b
88.0,24.0,150,train,70.5091979785024,1.0,1.0,"(1, 2)",650a2466738bb786a6c7849b
88.0,24.0,151,train,70.5091979785024,1.0,1.0,"(1, 2)",650a2466738bb786a6c7849b
88.0,24.0,152,train,70.5091979785024,1.0,1.0,"(1, 2)",650a2466738bb786a6c7849b
86.74999999999972,24.0,153,train,71.75919797850268,1.0,1.0,"(1, 2)",650a2466738bb786a6c7849b
85.49999999999943,24.0,154,train,73.00919797850297,1.0,1.0,"(1, 2)",650a2466738bb786a6c7849b
84.24999999999915,24.0,155,train,74.25919797850325,1.0,1.0,"(1, 2)",650a2466738bb786a6c7849b
82.99999999999886,24.0,156,train,75.50919797850354,1.0,1.0,"(1, 2)",650a2466738bb786a6c7849b
81.74999999999858,24.0,157,train,76.75919797850382,1.0,1.0,"(1, 2)",650a2466738bb786a6c7849b
80.4999999999983,24.0,158,train,78.0091979785041,1.0,1.0,"(1, 2)",650a2466738bb786a6c7849b
79.24999999999801,24.0,159,train,79.25919797850439,1.0,1.0,"(1, 2)",650a2466738bb786a6c7849b
77.99999999999773,24.0,160,train,80.50919797850467,1.0,1.0,"(1, 2)",650a2466738bb786a6c7849b
76.74999999999744,24.0,161,train,81.75919797850496,1.0,1.0,"(1, 2)",650a2466738bb786a6c7849b
75.49999999999716,24.0,162,train,83.00919797850524,1.0,1.0,"(1, 2)",650a2466738bb786a6c7849b
74.24999999999687,24.0,163,train,84.25919797850553,1.0,1.0,"(1, 2)",650a2466738bb786a6c7849b
72.99999999999659,24.0,164,train,85.50919797850581,1.0,1.0,"(1, 2)",650a2466738bb786a6c7849b
71.87983173883686,24.31621556657754,165,train,86.67314351754773,1.0,1.0,"(1, 2)",650a2466738bb786a6c7849b
70.9904754578381,25.19459214040404,166,train,87.92314351754737,1.0,1.0,"(1, 2)",650a2466738bb786a6c7849b
70.10111917683935,26.07296871423054,167,train,89.17314351754702,1.0,1.0,"(1, 2)",650a2466738bb786a6c7849b
69.2117628958406,26.95134528805704,168,train,90.42314351754666,1.0,1.0,"(1, 2)",650a2466738bb786a6c7849b
68.32240661484184,27.82972186188354,169,train,91.67314351754631,1.0,1.0,"(1, 2)",650a2466738bb786a6c7849b
67.43305033384308,28.708098435710042,170,train,92.92314351754595,1.0,1.0,"(1, 2)",650a2466738bb786a6c7849b
66.54369405284433,29.586475009536542,171,train,94.1731435175456,1.0,1.0,"(1, 2)",650a2466738bb786a6c7849b
65.65433777184558,30.464851583363043,172,train,95.42314351754524,1.0,1.0,"(1, 2)",650a2466738bb786a6c7849b
64.76498149084682,31.343228157189543,173,train,96.67314351754489,1.0,1.0,"(1, 2)",650a2466738bb786a6c7849b
63.87562520984797,32.22160473101604,174,train,97.9231435175446,1.0,1.0,"(1, 2)",650a2466738bb786a6c7849b
62.9862689288485,33.099981304842544,175,train,99.17314351754476,1.0,1.0,"(1, 2)",650a2466738bb786a6c7849b
62.09691264784904,33.978357878669044,176,train,100.42314351754491,1.0,1.0,"(1, 2)",650a2466738bb786a6c7849b
61.20755636684957,34.856734452495544,177,train,101.67314351754507,1.0,1.0,"(1, 2)",650a2466738bb786a6c7849b
60.31820008585011,35.735111026322045,178,train,102.92314351754523,1.0,1.0,"(1, 2)",650a2466738bb786a6c7849b
59.42884380485064,36.613487600148545,179,train,104.17314351754538,1.0,1.0,"(1, 2)",650a2466738bb786a6c7849b
58.53948752385118,37.491864173975046,180,train,105.42314351754554,1.0,1.0,"(1, 2)",650a2466738bb786a6c7849b
57.650131242851714,38.370240747801546,181,train,106.6731435175457,1.0,1.0,"(1, 2)",650a2466738bb786a6c7849b
56.76077496185225,39.24861732162794,182,train,107.92314351754577,1.0,1.0,"(1, 2)",650a2466738bb786a6c7849b
56.0,40.0,183,train,108.99242106427481,1.0,1.0,"(1, 2)",650a2466738bb786a6c7849b
56.0,40.0,184,train,108.99242106427481,1.0,1.0,"(1, 2)",650a2466738bb786a6c7849b
56.0,40.0,185,train,108.99242106427481,1.0,1.0,"(1, 2)",650a2466738bb786a6c7849b
56.0,40.0,186,train,108.99242106427481,1.0,1.0,"(1, 2)",650a2466738bb786a6c7849b
56.0,40.0,187,train,108.99242106427481,1.0,1.0,"(1, 2)",650a2466738bb786a6c7849b
56.0,40.0,188,train,108.99242106427481,1.0,1.0,"(1, 2)",650a2466738bb786a6c7849b
56.0,40.0,189,train,108.99242106427481,1.0,1.0,"(1, 2)",650a2466738bb786a6c7849b
56.0,40.0,190,train,108.99242106427481,1.0,1.0,"(1, 2)",650a2466738bb786a6c7849b
56.0,40.0,191,train,108.99242106427481,1.0,1.0,"(1, 2)",650a2466738bb786a6c7849b
56.0,40.0,192,train,108.99242106427481,1.0,1.0,"(1, 2)",650a2466738bb786a6c7849b
56.0,40.0,193,train,108.99242106427481,1.0,1.0,"(1, 2)",650a2466738bb786a6c7849b
56.0,40.0,194,train,108.99242106427481,1.0,1.0,"(1, 2)",650a2466738bb786a6c7849b
56.0,40.0,195,train,108.99242106427481,1.0,1.0,"(1, 2)",650a2466738bb786a6c7849b
56.0,40.0,196,train,108.99242106427481,1.0,1.0,"(1, 2)",650a2466738bb786a6c7849b
56.0,40.0,197,train,108.99242106427481,1.0,1.0,"(1, 2)",650a2466738bb786a6c7849b
56.0,40.0,198,train,108.99242106427481,1.0,1.0,"(1, 2)",650a2466738bb786a6c7849b
56.0,40.0,199,train,108.99242106427481,1.0,1.0,"(1, 2)",650a2466738bb786a6c7849b
57.250000000000284,40.0,200,train,110.24242106427509,1.0,1.0,"(1, 2)",650a2466738bb786a6c7849b
58.50000000000057,40.0,201,train,111.49242106427538,1.0,1.0,"(1, 2)",650a2466738bb786a6c7849b
59.75000000000085,40.0,202,train,112.74242106427566,1.0,1.0,"(1, 2)",650a2466738bb786a6c7849b
61.00000000000114,40.0,203,train,113.99242106427594,1.0,1.0,"(1, 2)",650a2466738bb786a6c7849b
62.25000000000142,40.0,204,train,115.24242106427623,1.0,1.0,"(1, 2)",650a2466738bb786a6c7849b
63.500000000001705,40.0,205,train,116.49242106427651,1.0,1.0,"(1, 2)",650a2466738bb786a6c7849b
64.75000000000199,40.0,206,train,117.7424210642768,1.0,1.0,"(1, 2)",650a2466738bb786a6c7849b
66.00000000000227,40.0,207,train,118.99242106427708,1.0,1.0,"(1, 2)",650a2466738bb786a6c7849b
67.25000000000256,40.0,208,train,120.24242106427737,1.0,1.0,"(1, 2)",650a2466738bb786a6c7849b
68.50000000000284,40.0,209,train,121.49242106427765,1.0,1.0,"(1, 2)",650a2466738bb786a6c7849b
69.75000000000313,40.0,210,train,122.74242106427793,1.0,1.0,"(1, 2)",650a2466738bb786a6c7849b
71.00000000000341,40.0,211,train,123.99242106427822,1.0,1.0,"(1, 2)",650a2466738bb786a6c7849b
72.12016826116314,39.68378443342246,212,train,125.15636660332014,1.0,1.0,"(1, 2)",650a2466738bb786a6c7849b
73.0095245421619,38.80540785959596,213,train,126.40636660331978,1.0,1.0,"(1, 2)",650a2466738bb786a6c7849b
73.89888082316065,37.92703128576946,214,train,127.65636660331943,1.0,1.0,"(1, 2)",650a2466738bb786a6c7849b
74.7882371041594,37.04865471194296,215,train,128.90636660331907,1.0,1.0,"(1, 2)",650a2466738bb786a6c7849b
75.67759338515816,36.17027813811646,216,train,130.15636660331873,1.0,1.0,"(1, 2)",650a2466738bb786a6c7849b
76.56694966615692,35.29190156428996,217,train,131.4063666033184,1.0,1.0,"(1, 2)",650a2466738bb786a6c7849b
77.45630594715567,34.41352499046346,218,train,132.65636660331805,1.0,1.0,"(1, 2)",650a2466738bb786a6c7849b
78.34566222815442,33.53514841663696,219,train,133.9063666033177,1.0,1.0,"(1, 2)",650a2466738bb786a6c7849b
79.23501850915318,32.65677184281046,220,train,135.15636660331737,1.0,1.0,"(1, 2)",650a2466738bb786a6c7849b
80.12437479015193,31.778395268983957,221,train,136.40636660331703,1.0,1.0,"(1, 2)",650a2466738bb786a6c7849b
81.01373107115069,30.900018695157552,222,train,137.6563666033166,1.0,1.0,"(1, 2)",650a2466738bb786a6c7849b
81.90308735214953,30.021642121331407,223,train,138.90636660331606,1.0,1.0,"(1, 2)",650a2466738bb786a6c7849b
82.79244363314886,29.143265547505262,224,train,140.15636660331586,1.0,1.0,"(1, 2)",650a2466738bb786a6c7849b
83.68179991414819,28.264888973679117,225,train,141.40636660331566,1.0,1.0,"(1, 2)",650a2466738bb786a6c7849b
84.57115619514751,27.386512399852972,226,train,142.65636660331546,1.0,1.0,"(1, 2)",650a2466738bb786a6c7849b
85.46051247614683,26.508135826026827,227,train,143.90636660331526,1.0,1.0,"(1, 2)",650a2466738bb786a6c7849b
86.34986875714615,25.62975925220068,228,train,145.15636660331506,1.0,1.0,"(1, 2)",650a2466738bb786a6c7849b
87.23922503814548,24.751382678374537,229,train,146.40636660331486,1.0,1.0,"(1, 2)",650a2466738bb786a6c7849b
88.0,24.0,230,train,147.47564415004726,1.0,1.0,"(1, 2)",650a2466738bb786a6c7849b
88.0,24.0,231,train,147.47564415004726,1.0,1.0,"(1, 2)",650a2466738bb786a6c7849b
88.0,24.0,232,train,147.47564415004726,1.0,1.0,"(1, 2)",650a2466738bb786a6c7849b
88.0,24.0,233,train,147.47564415004726,1.0,1.0,"(1, 2)",650a2466738bb786a6c7849b
88.0,24.0,234,train,147.47564415004726,1.0,1.0,"(1, 2)",650a2466738bb786a6c7849b
88.0,24.0,235,train,147.47564415004726,1.0,1.0,"(1, 2)",650a2466738bb786a6c7849b
88.0,24.0,236,train,147.47564415004726,1.0,1.0,"(1, 2)",650a2466738bb786a6c7849b
88.0,24.0,237,train,147.47564415004726,1.0,1.0,"(1, 2)",650a2466738bb786a6c7849b
88.0,24.0,238,train,147.47564415004726,1.0,1.0,"(1, 2)",650a2466738bb786a6c7849b
88.0,24.0,239,train,147.47564415004726,1.0,1.0,"(1, 2)",650a2466738bb786a6c7849b
88.0,24.0,240,train,147.47564415004726,1.0,1.0,"(1, 2)",650a2466738bb786a6c7849b
88.0,24.0,241,train,147.47564415004726,1.0,1.0,"(1, 2)",650a2466738bb786a6c7849b
88.0,24.0,242,train,147.47564415004726,1.0,1.0,"(1, 2)",650a2466738bb786a6c7849b
88.0,24.0,243,train,147.47564415004726,1.0,1.0,"(1, 2)",650a2466738bb786a6c7849b
88.0,24.0,244,train,147.47564415004726,1.0,1.0,"(1, 2)",650a2466738bb786a6c7849b
88.0,24.0,245,train,147.47564415004726,1.0,1.0,"(1, 2)",650a2466738bb786a6c7849b
88.0,24.0,246,train,147.47564415004726,1.0,1.0,"(1, 2)",650a2466738bb786a6c7849b
88.0,24.0,247,train,147.47564415004726,1.0,1.0,"(1, 2)",650a2466738bb786a6c7849b
87.11611652351695,24.88388347648305,248,train,148.72564415004706,1.0,1.0,"(1, 2)",650a2466738bb786a6c7849b
86.2322330470339,25.7677669529661,249,train,149.97564415004686,1.0,1.0,"(1, 2)",650a2466738bb786a6c7849b
85.34834957055085,26.65165042944915,250,train,151.22564415004666,1.0,1.0,"(1, 2)",650a2466738bb786a6c7849b
84.4644660940678,27.535533905932198,251,train,152.47564415004646,1.0,1.0,"(1, 2)",650a2466738bb786a6c7849b
83.58058261758475,28.419417382415247,252,train,153.72564415004626,1.0,1.0,"(1, 2)",650a2466738bb786a6c7849b
82.6966991411017,29.303300858898297,253,train,154.97564415004607,1.0,1.0,"(1, 2)",650a2466738bb786a6c7849b
81.81281566461865,30.187184335381346,254,train,156.22564415004587,1.0,1.0,"(1, 2)",650a2466738bb786a6c7849b
80.9289321881356,31.071067811864395,255,train,157.47564415004567,1.0,1.0,"(1, 2)",650a2466738bb786a6c7849b
80.04504871165256,31.954951288347445,256,train,158.72564415004547,1.0,1.0,"(1, 2)",650a2466738bb786a6c7849b
79.1611652351695,32.838834764830494,257,train,159.97564415004527,1.0,1.0,"(1, 2)",650a2466738bb786a6c7849b
78.27728175868646,33.722718241313544,258,train,161.22564415004507,1.0,1.0,"(1, 2)",650a2466738bb786a6c7849b
77.3933982822034,34.60660171779659,259,train,162.47564415004487,1.0,1.0,"(1, 2)",650a2466738bb786a6c7849b
76.50951480572036,35.49048519427964,260,train,163.72564415004467,1.0,1.0,"(1, 2)",650a2466738bb786a6c7849b
75.62563132923731,36.37436867076269,261,train,164.97564415004447,1.0,1.0,"(1, 2)",650a2466738bb786a6c7849b
74.74174785275426,37.25825214724574,262,train,166.22564415004427,1.0,1.0,"(1, 2)",650a2466738bb786a6c7849b
73.85786437627121,38.14213562372879,263,train,167.47564415004408,1.0,1.0,"(1, 2)",650a2466738bb786a6c7849b
72.97398089978816,39.02601910021184,264,train,168.72564415004388,1.0,1.0,"(1, 2)",650a2466738bb786a6c7849b
72.09009742330511,39.90990257669489,265,train,169.97564415004368,1.0,1.0,"(1, 2)",650a2466738bb786a6c7849b
71.20621394682206,40.79378605317794,266,train,171.22564415004348,1.0,1.0,"(1, 2)",650a2466738bb786a6c7849b
70.32233047033901,41.67766952966099,267,train,172.47564415004328,1.0,1.0,"(1, 2)",650a2466738bb786a6c7849b
69.43844699385596,42.56155300614404,268,train,173.72564415004308,1.0,1.0,"(1, 2)",650a2466738bb786a6c7849b
68.55456351737291,43.44543648262709,269,train,174.97564415004288,1.0,1.0,"(1, 2)",650a2466738bb786a6c7849b
67.67068004088986,44.32931995911014,270,train,176.22564415004268,1.0,1.0,"(1, 2)",650a2466738bb786a6c7849b
66.78679656440681,45.213203435593186,271,train,177.47564415004248,1.0,1.0,"(1, 2)",650a2466738bb786a6c7849b
65.90291308792376,46.097086912076236,272,train,178.72564415004229,1.0,1.0,"(1, 2)",650a2466738bb786a6c7849b
65.01902961144071,46.980970388559285,273,train,179.9756441500421,1.0,1.0,"(1, 2)",650a2466738bb786a6c7849b
64.13514613495767,47.864853865042335,274,train,181.2256441500419,1.0,1.0,"(1, 2)",650a2466738bb786a6c7849b
63.251262658474616,48.748737341525384,275,train,182.4756441500417,1.0,1.0,"(1, 2)",650a2466738bb786a6c7849b
62.367379181991566,49.632620818008434,276,train,183.7256441500415,1.0,1.0,"(1, 2)",650a2466738bb786a6c7849b
61.48349570550852,50.51650429449148,277,train,184.9756441500413,1.0,1.0,"(1, 2)",650a2466738bb786a6c7849b
60.59961222902547,51.40038777097453,278,train,186.2256441500411,1.0,1.0,"(1, 2)",650a2466738bb786a6c7849b
59.71572875254242,52.28427124745758,279,train,187.4756441500409,1.0,1.0,"(1, 2)",650a2466738bb786a6c7849b
58.83184527605937,53.16815472394063,280,train,188.7256441500407,1.0,1.0,"(1, 2)",650a2466738bb786a6c7849b
57.94796179957632,54.05203820042368,281,train,189.9756441500405,1.0,1.0,"(1, 2)",650a2466738bb786a6c7849b
57.06407832309327,54.93592167690673,282,train,191.2256441500403,1.0,1.0,"(1, 2)",650a2466738bb786a6c7849b
56.0,56.0,283,train,192.730478145986,1.0,1.0,"(1, 2)",650a2466738bb786a6c7849b
56.0,56.0,284,train,192.730478145986,1.0,1.0,"(1, 2)",650a2466738bb786a6c7849b
56.0,56.0,285,train,192.730478145986,1.0,1.0,"(1, 2)",650a2466738bb786a6c7849b
56.0,56.0,286,train,192.730478145986,1.0,1.0,"(1, 2)",650a2466738bb786a6c7849b
56.0,56.0,287,train,192.730478145986,1.0,1.0,"(1, 2)",650a2466738bb786a6c7849b
56.0,56.0,288,train,192.730478145986,1.0,1.0,"(1, 2)",650a2466738bb786a6c7849b
56.0,56.0,289,train,192.730478145986,1.0,1.0,"(1, 2)",650a2466738bb786a6c7849b
56.0,56.0,290,train,192.730478145986,1.0,1.0,"(1, 2)",650a2466738bb786a6c7849b
56.0,56.0,291,train,192.730478145986,1.0,1.0,"(1, 2)",650a2466738bb786a6c7849b
56.0,56.0,292,train,192.730478145986,1.0,1.0,"(1, 2)",650a2466738bb786a6c7849b
56.0,56.0,293,train,192.730478145986,1.0,1.0,"(1, 2)",650a2466738bb786a6c7849b
56.0,56.0,294,train,192.730478145986,1.0,1.0,"(1, 2)",650a2466738bb786a6c7849b
56.0,56.0,295,train,192.730478145986,1.0,1.0,"(1, 2)",650a2466738bb786a6c7849b
56.0,56.0,296,train,192.730478145986,1.0,1.0,"(1, 2)",650a2466738bb786a6c7849b
56.0,56.0,297,train,192.730478145986,1.0,1.0,"(1, 2)",650a2466738bb786a6c7849b
56.0,56.0,298,train,192.730478145986,1.0,1.0,"(1, 2)",650a2466738bb786a6c7849b
56.0,56.0,299,train,192.730478145986,1.0,1.0,"(1, 2)",650a2466738bb786a6c7849b
56.88388347648305,55.11611652351695,300,train,193.9804781459858,1.0,1.0,"(1, 2)",650a2466738bb786a6c7849b
57.7677669529661,54.2322330470339,301,train,195.23047814598561,1.0,1.0,"(1, 2)",650a2466738bb786a6c7849b
58.65165042944915,53.34834957055085,302,train,196.48047814598542,1.0,1.0,"(1, 2)",650a2466738bb786a6c7849b
59.5355339059322,52.4644660940678,303,train,197.73047814598522,1.0,1.0,"(1, 2)",650a2466738bb786a6c7849b
60.41941738241525,51.58058261758475,304,train,198.98047814598502,1.0,1.0,"(1, 2)",650a2466738bb786a6c7849b
61.3033008588983,50.6966991411017,305,train,200.23047814598482,1.0,1.0,"(1, 2)",650a2466738bb786a6c7849b
62.187184335381346,49.812815664618654,306,train,201.48047814598462,1.0,1.0,"(1, 2)",650a2466738bb786a6c7849b
63.071067811864395,48.928932188135605,307,train,202.73047814598442,1.0,1.0,"(1, 2)",650a2466738bb786a6c7849b
63.954951288347445,48.045048711652555,308,train,203.98047814598422,1.0,1.0,"(1, 2)",650a2466738bb786a6c7849b
64.8388347648305,47.161165235169506,309,train,205.23047814598402,1.0,1.0,"(1, 2)",650a2466738bb786a6c7849b
65.72271824131354,46.277281758686456,310,train,206.48047814598382,1.0,1.0,"(1, 2)",650a2466738bb786a6c7849b
66.6066017177966,45.39339828220341,311,train,207.73047814598362,1.0,1.0,"(1, 2)",650a2466738bb786a6c7849b
67.49048519427964,44.50951480572036,312,train,208.98047814598343,1.0,1.0,"(1, 2)",650a2466738bb786a6c7849b
68.37436867076269,43.62563132923731,313,train,210.23047814598323,1.0,1.0,"(1, 2)",650a2466738bb786a6c7849b
69.25825214724574,42.74174785275426,314,train,211.48047814598303,1.0,1.0,"(1, 2)",650a2466738bb786a6c7849b
70.14213562372879,41.85786437627121,315,train,212.73047814598283,1.0,1.0,"(1, 2)",650a2466738bb786a6c7849b
71.02601910021184,40.97398089978816,316,train,213.98047814598263,1.0,1.0,"(1, 2)",650a2466738bb786a6c7849b
71.90990257669489,40.09009742330511,317,train,215.23047814598243,1.0,1.0,"(1, 2)",650a2466738bb786a6c7849b
72.79378605317794,39.20621394682206,318,train,216.48047814598223,1.0,1.0,"(1, 2)",650a2466738bb786a6c7849b
73.67766952966099,38.32233047033901,319,train,217.73047814598203,1.0,1.0,"(1, 2)",650a2466738bb786a6c7849b
74.56155300614404,37.43844699385596,320,train,218.98047814598183,1.0,1.0,"(1, 2)",650a2466738bb786a6c7849b
75.44543648262709,36.55456351737291,321,train,220.23047814598164,1.0,1.0,"(1, 2)",650a2466738bb786a6c7849b
76.32931995911014,35.67068004088986,322,train,221.48047814598144,1.0,1.0,"(1, 2)",650a2466738bb786a6c7849b
77.21320343559319,34.786796564406814,323,train,222.73047814598124,1.0,1.0,"(1, 2)",650a2466738bb786a6c7849b
78.09708691207624,33.902913087923764,324,train,223.98047814598104,1.0,1.0,"(1, 2)",650a2466738bb786a6c7849b
78.98097038855929,33.019029611440715,325,train,225.23047814598084,1.0,1.0,"(1, 2)",650a2466738bb786a6c7849b
79.86485386504233,32.135146134957665,326,train,226.48047814598064,1.0,1.0,"(1, 2)",650a2466738bb786a6c7849b
80.74873734152538,31.251262658474616,327,train,227.73047814598044,1.0,1.0,"(1, 2)",650a2466738bb786a6c7849b
81.63262081800843,30.367379181991566,328,train,228.98047814598024,1.0,1.0,"(1, 2)",650a2466738bb786a6c7849b
82.51650429449148,29.483495705508517,329,train,230.23047814598004,1.0,1.0,"(1, 2)",650a2466738bb786a6c7849b
83.40038777097453,28.599612229025468,330,train,231.48047814597984,1.0,1.0,"(1, 2)",650a2466738bb786a6c7849b
84.28427124745758,27.715728752542418,331,train,232.73047814597965,1.0,1.0,"(1, 2)",650a2466738bb786a6c7849b
85.16815472394063,26.83184527605937,332,train,233.98047814597945,1.0,1.0,"(1, 2)",650a2466738bb786a6c7849b
86.05203820042368,25.94796179957632,333,train,235.23047814597925,1.0,1.0,"(1, 2)",650a2466738bb786a6c7849b
86.93592167690673,25.06407832309327,334,train,236.48047814597905,1.0,1.0,"(1, 2)",650a2466738bb786a6c7849b
88.0,24.0,335,train,237.98531214192477,1.0,1.0,"(1, 2)",650a2466738bb786a6c7849b
88.0,24.0,336,train,237.98531214192477,1.0,1.0,"(1, 2)",650a2466738bb786a6c7849b
88.0,24.0,337,train,237.98531214192477,1.0,1.0,"(1, 2)",650a2466738bb786a6c7849b
88.0,24.0,338,train,237.98531214192477,1.0,1.0,"(1, 2)",650a2466738bb786a6c7849b
88.0,24.0,339,train,237.98531214192477,1.0,1.0,"(1, 2)",650a2466738bb786a6c7849b
88.0,24.0,340,train,237.98531214192477,1.0,1.0,"(1, 2)",650a2466738bb786a6c7849b
88.0,24.0,341,train,237.98531214192477,1.0,1.0,"(1, 2)",650a2466738bb786a6c7849b
88.0,24.0,342,train,237.98531214192477,1.0,1.0,"(1, 2)",650a2466738bb786a6c7849b
88.0,24.0,343,train,237.98531214192477,1.0,1.0,"(1, 2)",650a2466738bb786a6c7849b
88.0,24.0,344,train,237.98531214192477,1.0,1.0,"(1, 2)",650a2466738bb786a6c7849b
88.0,24.0,345,train,237.98531214192477,1.0,1.0,"(1, 2)",650a2466738bb786a6c7849b
88.0,24.0,346,train,237.98531214192477,1.0,1.0,"(1, 2)",650a2466738bb786a6c7849b
88.0,24.0,347,train,237.98531214192477,1.0,1.0,"(1, 2)",650a2466738bb786a6c7849b
88.0,24.0,348,train,237.98531214192477,1.0,1.0,"(1, 2)",650a2466738bb786a6c7849b
88.0,24.0,349,train,237.98531214192477,1.0,1.0,"(1, 2)",650a2466738bb786a6c7849b
88.0,24.0,350,train,237.98531214192477,1.0,1.0,"(1, 2)",650a2466738bb786a6c7849b
88.0,24.0,351,train,237.98531214192477,1.0,1.0,"(1, 2)",650a2466738bb786a6c7849b
88.0,24.0,352,train,237.98531214192477,1.0,1.0,"(1, 2)",650a2466738bb786a6c7849b
88.0,24.0,353,train,237.98531214192477,1.0,1.0,"(1, 2)",650a2466738bb786a6c7849b
88.0,24.0,354,train,237.98531214192477,1.0,1.0,"(1, 2)",650a2466738bb786a6c7849b
88.0,24.0,355,train,237.98531214192477,1.0,1.0,"(1, 2)",650a2466738bb786a6c7849b
88.0,24.0,356,train,237.98531214192477,1.0,1.0,"(1, 2)",650a2466738bb786a6c7849b
88.0,24.0,357,train,237.98531214192477,1.0,1.0,"(1, 2)",650a2466738bb786a6c7849b
88.0,24.0,358,train,237.98531214192477,1.0,1.0,"(1, 2)",650a2466738bb786a6c7849b
86.74999999999972,24.0,359,train,239.23531214192505,1.0,1.0,"(1, 2)",650a2466738bb786a6c7849b
85.49999999999943,24.0,360,train,240.48531214192533,1.0,1.0,"(1, 2)",650a2466738bb786a6c7849b
84.24999999999915,24.0,361,train,241.73531214192562,1.0,1.0,"(1, 2)",650a2466738bb786a6c7849b
82.99999999999886,24.0,362,train,242.9853121419259,1.0,1.0,"(1, 2)",650a2466738bb786a6c7849b
81.74999999999858,24.0,363,train,244.2353121419262,1.0,1.0,"(1, 2)",650a2466738bb786a6c7849b
80.4999999999983,24.0,364,train,245.48531214192647,1.0,1.0,"(1, 2)",650a2466738bb786a6c7849b
79.24999999999801,24.0,365,train,246.73531214192676,1.0,1.0,"(1, 2)",650a2466738bb786a6c7849b
77.99999999999773,24.0,366,train,247.98531214192704,1.0,1.0,"(1, 2)",650a2466738bb786a6c7849b
76.74999999999744,24.0,367,train,249.23531214192732,1.0,1.0,"(1, 2)",650a2466738bb786a6c7849b
75.49999999999716,24.0,368,train,250.4853121419276,1.0,1.0,"(1, 2)",650a2466738bb786a6c7849b
74.24999999999687,24.0,369,train,251.7353121419279,1.0,1.0,"(1, 2)",650a2466738bb786a6c7849b
72.99999999999659,24.0,370,train,252.98531214192818,1.0,1.0,"(1, 2)",650a2466738bb786a6c7849b
71.7499999999963,24.0,371,train,254.23531214192846,1.0,1.0,"(1, 2)",650a2466738bb786a6c7849b
70.49999999999602,24.0,372,train,255.48531214192874,1.0,1.0,"(1, 2)",650a2466738bb786a6c7849b
69.24999999999574,24.0,373,train,256.73531214192906,1.0,1.0,"(1, 2)",650a2466738bb786a6c7849b
67.99999999999545,24.0,374,train,257.98531214192934,1.0,1.0,"(1, 2)",650a2466738bb786a6c7849b
66.74999999999517,24.0,375,train,259.2353121419296,1.0,1.0,"(1, 2)",650a2466738bb786a6c7849b
65.49999999999488,24.0,376,train,260.4853121419299,1.0,1.0,"(1, 2)",650a2466738bb786a6c7849b
64.2499999999946,24.0,377,train,261.7353121419302,1.0,1.0,"(1, 2)",650a2466738bb786a6c7849b
62.999999999994316,24.0,378,train,262.9853121419305,1.0,1.0,"(1, 2)",650a2466738bb786a6c7849b
61.74999999999403,24.0,379,train,264.23531214193076,1.0,1.0,"(1, 2)",650a2466738bb786a6c7849b
60.49999999999375,24.0,380,train,265.48531214193105,1.0,1.0,"(1, 2)",650a2466738bb786a6c7849b
59.24999999999346,24.0,381,train,266.73531214193133,1.0,1.0,"(1, 2)",650a2466738bb786a6c7849b
57.99999999999318,24.0,382,train,267.9853121419316,1.0,1.0,"(1, 2)",650a2466738bb786a6c7849b
56.749999999992895,24.0,383,train,269.2353121419319,1.0,1.0,"(1, 2)",650a2466738bb786a6c7849b
55.49999999999261,24.0,384,train,270.4853121419322,1.0,1.0,"(1, 2)",650a2466738bb786a6c7849b
54.249999999992326,24.0,385,train,271.73531214193247,1.0,1.0,"(1, 2)",650a2466738bb786a6c7849b
52.99999999999204,24.0,386,train,272.98531214193275,1.0,1.0,"(1, 2)",650a2466738bb786a6c7849b
51.74999999999176,24.0,387,train,274.23531214193304,1.0,1.0,"(1, 2)",650a2466738bb786a6c7849b
50.49999999999147,24.0,388,train,275.4853121419333,1.0,1.0,"(1, 2)",650a2466738bb786a6c7849b
49.24999999999119,24.0,389,train,276.7353121419336,1.0,1.0,"(1, 2)",650a2466738bb786a6c7849b
47.999999999990905,24.0,390,train,277.9853121419339,1.0,1.0,"(1, 2)",650a2466738bb786a6c7849b
46.74999999999062,24.0,391,train,279.2353121419342,1.0,1.0,"(1, 2)",650a2466738bb786a6c7849b
45.49999999999034,24.0,392,train,280.48531214193446,1.0,1.0,"(1, 2)",650a2466738bb786a6c7849b
44.24999999999005,24.0,393,train,281.73531214193474,1.0,1.0,"(1, 2)",650a2466738bb786a6c7849b
42.99999999998977,24.0,394,train,282.985312141935,1.0,1.0,"(1, 2)",650a2466738bb786a6c7849b
41.749999999989484,24.0,395,train,284.2353121419353,1.0,1.0,"(1, 2)",650a2466738bb786a6c7849b
40.4999999999892,24.0,396,train,285.4853121419356,1.0,1.0,"(1, 2)",650a2466738bb786a6c7849b
39.249999999988916,24.0,397,train,286.7353121419359,1.0,1.0,"(1, 2)",650a2466738bb786a6c7849b
37.99999999998863,24.0,398,train,287.98531214193616,1.0,1.0,"(1, 2)",650a2466738bb786a6c7849b
36.74999999998835,24.0,399,train,289.23531214193645,1.0,1.0,"(1, 2)",650a2466738bb786a6c7849b
35.49999999998806,24.0,400,train,290.48531214193673,1.0,1.0,"(1, 2)",650a2466738bb786a6c7849b
34.24999999998778,24.0,401,train,291.735312141937,1.0,1.0,"(1, 2)",650a2466738bb786a6c7849b
32.999999999987494,24.0,402,train,292.9853121419373,1.0,1.0,"(1, 2)",650a2466738bb786a6c7849b
31.749999999987285,24.0,403,train,294.2353121419375,1.0,1.0,"(1, 2)",650a2466738bb786a6c7849b
30.499999999987356,24.0,404,train,295.48531214193747,1.0,1.0,"(1, 2)",650a2466738bb786a6c7849b
29.249999999987427,24.0,405,train,296.7353121419374,1.0,1.0,"(1, 2)",650a2466738bb786a6c7849b
27.999999999987498,24.0,406,train,297.98531214193736,1.0,1.0,"(1, 2)",650a2466738bb786a6c7849b
26.74999999998757,24.0,407,train,299.2353121419373,1.0,1.0,"(1, 2)",650a2466738bb786a6c7849b
25.49999999998764,24.0,408,train,300.48531214193724,1.0,1.0,"(1, 2)",650a2466738bb786a6c7849b
24.24999999998771,24.0,409,train,301.7353121419372,1.0,1.0,"(1, 2)",650a2466738bb786a6c7849b
24.0,24.0,410,train,301.9853121419249,1.0,1.0,"(1, 2)",650a2466738bb786a6c7849b
24.0,24.0,411,train,301.9853121419249,1.0,1.0,"(1, 2)",650a2466738bb786a6c7849b
24.0,24.0,412,train,301.9853121419249,1.0,1.0,"(1, 2)",650a2466738bb786a6c7849b
24.0,24.0,413,train,301.9853121419249,1.0,1.0,"(1, 2)",650a2466738bb786a6c7849b
24.0,24.0,414,train,301.9853121419249,1.0,1.0,"(1, 2)",650a2466738bb786a6c7849b
24.0,24.0,415,train,301.9853121419249,1.0,1.0,"(1, 2)",650a2466738bb786a6c7849b
24.0,24.0,416,train,301.9853121419249,1.0,1.0,"(1, 2)",650a2466738bb786a6c7849b
24.0,24.0,417,train,301.9853121419249,1.0,1.0,"(1, 2)",650a2466738bb786a6c7849b
24.0,24.0,418,train,301.9853121419249,1.0,1.0,"(1, 2)",650a2466738bb786a6c7849b
24.0,24.0,419,train,301.9853121419249,1.0,1.0,"(1, 2)",650a2466738bb786a6c7849b
24.0,24.0,420,train,301.9853121419249,1.0,1.0,"(1, 2)",650a2466738bb786a6c7849b
24.0,24.0,421,train,301.9853121419249,1.0,1.0,"(1, 2)",650a2466738bb786a6c7849b
24.0,24.0,422,train,301.9853121419249,1.0,1.0,"(1, 2)",650a2466738bb786a6c7849b
24.0,24.0,423,train,301.9853121419249,1.0,1.0,"(1, 2)",650a2466738bb786a6c7849b
24.0,24.0,424,train,301.9853121419249,1.0,1.0,"(1, 2)",650a2466738bb786a6c7849b
24.0,24.0,425,train,301.9853121419249,1.0,1.0,"(1, 2)",650a2466738bb786a6c7849b
24.0,24.0,426,train,301.9853121419249,1.0,1.0,"(1, 2)",650a2466738bb786a6c7849b
24.0,24.0,427,train,301.9853121419249,1.0,1.0,"(1, 2)",650a2466738bb786a6c7849b
24.0,24.0,428,train,301.9853121419249,1.0,1.0,"(1, 2)",650a2466738bb786a6c7849b
24.0,24.0,429,train,301.9853121419249,1.0,1.0,"(1, 2)",650a2466738bb786a6c7849b
24.0,24.0,430,train,301.9853121419249,1.0,1.0,"(1, 2)",650a2466738bb786a6c7849b
24.0,24.0,431,train,301.9853121419249,1.0,1.0,"(1, 2)",650a2466738bb786a6c7849b
24.0,24.0,432,train,301.9853121419249,1.0,1.0,"(1, 2)",650a2466738bb786a6c7849b
24.0,24.0,433,train,301.9853121419249,1.0,1.0,"(1, 2)",650a2466738bb786a6c7849b
24.0,24.0,434,train,301.9853121419249,1.0,1.0,"(1, 2)",650a2466738bb786a6c7849b
24.0,24.0,435,train,301.9853121419249,1.0,1.0,"(1, 2)",650a2466738bb786a6c7849b
24.0,24.0,436,train,301.9853121419249,1.0,1.0,"(1, 2)",650a2466738bb786a6c7849b
24.0,24.0,437,train,301.9853121419249,1.0,1.0,"(1, 2)",650a2466738bb786a6c7849b
24.0,24.0,438,train,301.9853121419249,1.0,1.0,"(1, 2)",650a2466738bb786a6c7849b
24.0,24.0,439,train,301.9853121419249,1.0,1.0,"(1, 2)",650a2466738bb786a6c7849b
24.0,24.0,440,train,301.9853121419249,1.0,1.0,"(1, 2)",650a2466738bb786a6c7849b
24.0,24.0,441,train,301.9853121419249,1.0,1.0,"(1, 2)",650a2466738bb786a6c7849b
24.0,24.0,442,train,301.9853121419249,1.0,1.0,"(1, 2)",650a2466738bb786a6c7849b
24.0,24.0,443,train,301.9853121419249,1.0,1.0,"(1, 2)",650a2466738bb786a6c7849b
24.0,24.0,444,train,301.9853121419249,1.0,1.0,"(1, 2)",650a2466738bb786a6c7849b
24.0,24.0,445,train,301.9853121419249,1.0,1.0,"(1, 2)",650a2466738bb786a6c7849b
24.0,24.0,446,train,301.9853121419249,1.0,1.0,"(1, 2)",650a2466738bb786a6c7849b
24.0,24.0,447,train,301.9853121419249,1.0,1.0,"(1, 2)",650a2466738bb786a6c7849b
24.0,24.0,448,train,301.9853121419249,1.0,1.0,"(1, 2)",650a2466738bb786a6c7849b
24.0,24.0,449,train,301.9853121419249,1.0,1.0,"(1, 2)",650a2466738bb786a6c7849b
24.0,24.0,450,train,301.9853121419249,1.0,1.0,"(1, 2)",650a2466738bb786a6c7849b
24.0,24.0,451,train,301.9853121419249,1.0,1.0,"(1, 2)",650a2466738bb786a6c7849b
24.0,24.0,452,train,301.9853121419249,1.0,1.0,"(1, 2)",650a2466738bb786a6c7849b
24.0,24.0,453,train,301.9853121419249,1.0,1.0,"(1, 2)",650a2466738bb786a6c7849b
24.0,24.0,454,train,301.9853121419249,1.0,1.0,"(1, 2)",650a2466738bb786a6c7849b
25.24999999999993,24.0,455,train,303.23531214192485,1.0,1.0,"(1, 2)",650a2466738bb786a6c7849b
26.499999999999858,24.0,456,train,304.4853121419248,1.0,1.0,"(1, 2)",650a2466738bb786a6c7849b
27.749999999999787,24.0,457,train,305.73531214192474,1.0,1.0,"(1, 2)",650a2466738bb786a6c7849b
28.999999999999716,24.0,458,train,306.9853121419247,1.0,1.0,"(1, 2)",650a2466738bb786a6c7849b
30.249999999999645,24.0,459,train,308.2353121419246,1.0,1.0,"(1, 2)",650a2466738bb786a6c7849b
31.499999999999574,24.0,460,train,309.48531214192457,1.0,1.0,"(1, 2)",650a2466738bb786a6c7849b
32.749999999999716,24.0,461,train,310.73531214192474,1.0,1.0,"(1, 2)",650a2466738bb786a6c7849b
34.0,24.0,462,train,311.985312141925,1.0,1.0,"(1, 2)",650a2466738bb786a6c7849b
35.250000000000284,24.0,463,train,313.2353121419253,1.0,1.0,"(1, 2)",650a2466738bb786a6c7849b
36.50000000000057,24.0,464,train,314.4853121419256,1.0,1.0,"(1, 2)",650a2466738bb786a6c7849b
37.75000000000085,24.0,465,train,315.7353121419259,1.0,1.0,"(1, 2)",650a2466738bb786a6c7849b
39.00000000000114,24.0,466,train,316.98531214192616,1.0,1.0,"(1, 2)",650a2466738bb786a6c7849b
40.25000000000142,24.0,467,train,318.23531214192644,1.0,1.0,"(1, 2)",650a2466738bb786a6c7849b
41.500000000001705,24.0,468,train,319.4853121419267,1.0,1.0,"(1, 2)",650a2466738bb786a6c7849b
42.75000000000199,24.0,469,train,320.735312141927,1.0,1.0,"(1, 2)",650a2466738bb786a6c7849b
44.000000000002274,24.0,470,train,321.9853121419273,1.0,1.0,"(1, 2)",650a2466738bb786a6c7849b
45.25000000000256,24.0,471,train,323.2353121419276,1.0,1.0,"(1, 2)",650a2466738bb786a6c7849b
46.50000000000284,24.0,472,train,324.48531214192786,1.0,1.0,"(1, 2)",650a2466738bb786a6c7849b
47.750000000003126,24.0,473,train,325.73531214192815,1.0,1.0,"(1, 2)",650a2466738bb786a6c7849b
49.00000000000341,24.0,474,train,326.98531214192843,1.0,1.0,"(1, 2)",650a2466738bb786a6c7849b
50.250000000003695,24.0,475,train,328.2353121419287,1.0,1.0,"(1, 2)",650a2466738bb786a6c7849b
51.50000000000398,24.0,476,train,329.485312141929,1.0,1.0,"(1, 2)",650a2466738bb786a6c7849b
52.75000000000426,24.0,477,train,330.7353121419293,1.0,1.0,"(1, 2)",650a2466738bb786a6c7849b
54.00000000000455,24.0,478,train,331.98531214192957,1.0,1.0,"(1, 2)",650a2466738bb786a6c7849b
55.25000000000483,24.0,479,train,333.23531214192985,1.0,1.0,"(1, 2)",650a2466738bb786a6c7849b
56.500000000005116,24.0,480,train,334.48531214193014,1.0,1.0,"(1, 2)",650a2466738bb786a6c7849b
57.7500000000054,24.0,481,train,335.7353121419304,1.0,1.0,"(1, 2)",650a2466738bb786a6c7849b
59.000000000005684,24.0,482,train,336.9853121419307,1.0,1.0,"(1, 2)",650a2466738bb786a6c7849b
60.25000000000597,24.0,483,train,338.235312141931,1.0,1.0,"(1, 2)",650a2466738bb786a6c7849b
61.50000000000625,24.0,484,train,339.4853121419313,1.0,1.0,"(1, 2)",650a2466738bb786a6c7849b
62.75000000000654,24.0,485,train,340.73531214193156,1.0,1.0,"(1, 2)",650a2466738bb786a6c7849b
64.00000000000682,24.0,486,train,341.98531214193184,1.0,1.0,"(1, 2)",650a2466738bb786a6c7849b
65.2500000000071,24.0,487,train,343.2353121419321,1.0,1.0,"(1, 2)",650a2466738bb786a6c7849b
66.50000000000739,24.0,488,train,344.4853121419324,1.0,1.0,"(1, 2)",650a2466738bb786a6c7849b
67.75000000000767,24.0,489,train,345.7353121419327,1.0,1.0,"(1, 2)",650a2466738bb786a6c7849b
69.00000000000796,24.0,490,train,346.985312141933,1.0,1.0,"(1, 2)",650a2466738bb786a6c7849b
70.25000000000824,24.0,491,train,348.23531214193326,1.0,1.0,"(1, 2)",650a2466738bb786a6c7849b
71.50000000000853,24.0,492,train,349.48531214193355,1.0,1.0,"(1, 2)",650a2466738bb786a6c7849b
72.75000000000881,24.0,493,train,350.73531214193383,1.0,1.0,"(1, 2)",650a2466738bb786a6c7849b
74.0000000000091,24.0,494,train,351.9853121419341,1.0,1.0,"(1, 2)",650a2466738bb786a6c7849b
75.25000000000938,24.0,495,train,353.2353121419344,1.0,1.0,"(1, 2)",650a2466738bb786a6c7849b
76.50000000000966,24.0,496,train,354.4853121419347,1.0,1.0,"(1, 2)",650a2466738bb786a6c7849b
77.75000000000995,24.0,497,train,355.73531214193497,1.0,1.0,"(1, 2)",650a2466738bb786a6c7849b
79.00000000001023,24.0,498,train,356.98531214193525,1.0,1.0,"(1, 2)",650a2466738bb786a6c7849b
80.25000000001052,24.0,499,train,358.23531214193554,1.0,1.0,"(1, 2)",650a2466738bb786a6c7849b
81.5000000000108,24.0,500,train,359.4853121419358,1.0,1.0,"(1, 2)",650a2466738bb786a6c7849b
82.75000000001108,24.0,501,train,360.7353121419361,1.0,1.0,"(1, 2)",650a2466738bb786a6c7849b
84.00000000001137,24.0,502,train,361.9853121419364,1.0,1.0,"(1, 2)",650a2466738bb786a6c7849b
85.25000000001165,24.0,503,train,363.2353121419367,1.0,1.0,"(1, 2)",650a2466738bb786a6c7849b
86.50000000001194,24.0,504,train,364.48531214193696,1.0,1.0,"(1, 2)",650a2466738bb786a6c7849b
87.75000000001222,24.0,505,train,365.73531214193724,1.0,1.0,"(1, 2)",650a2466738bb786a6c7849b
89.0000000000125,24.0,506,train,366.9853121419375,1.0,1.0,"(1, 2)",650a2466738bb786a6c7849b
90.25000000001279,24.0,507,train,368.2353121419378,1.0,1.0,"(1, 2)",650a2466738bb786a6c7849b
91.50000000001307,24.0,508,train,369.4853121419381,1.0,1.0,"(1, 2)",650a2466738bb786a6c7849b
92.75000000001336,24.0,509,train,370.7353121419384,1.0,1.0,"(1, 2)",650a2466738bb786a6c7849b
94.00000000001364,24.0,510,train,371.98531214193866,1.0,1.0,"(1, 2)",650a2466738bb786a6c7849b
95.25000000001393,24.0,511,train,373.23531214193895,1.0,1.0,"(1, 2)",650a2466738bb786a6c7849b
96.50000000001421,24.0,512,train,374.48531214193923,1.0,1.0,"(1, 2)",650a2466738bb786a6c7849b
97.7500000000145,24.0,513,train,375.7353121419395,1.0,1.0,"(1, 2)",650a2466738bb786a6c7849b
99.00000000001478,24.0,514,train,376.9853121419398,1.0,1.0,"(1, 2)",650a2466738bb786a6c7849b
100.25000000001506,24.0,515,train,378.2353121419401,1.0,1.0,"(1, 2)",650a2466738bb786a6c7849b
101.50000000001535,24.0,516,train,379.48531214194037,1.0,1.0,"(1, 2)",650a2466738bb786a6c7849b
102.75000000001563,24.0,517,train,380.73531214194065,1.0,1.0,"(1, 2)",650a2466738bb786a6c7849b
104.00000000001592,24.0,518,train,381.98531214194094,1.0,1.0,"(1, 2)",650a2466738bb786a6c7849b
105.2500000000162,24.0,519,train,383.2353121419412,1.0,1.0,"(1, 2)",650a2466738bb786a6c7849b
106.50000000001648,24.0,520,train,384.4853121419415,1.0,1.0,"(1, 2)",650a2466738bb786a6c7849b
107.75000000001677,24.0,521,train,385.7353121419418,1.0,1.0,"(1, 2)",650a2466738bb786a6c7849b
109.00000000001705,24.0,522,train,386.9853121419421,1.0,1.0,"(1, 2)",650a2466738bb786a6c7849b
110.25000000001734,24.0,523,train,388.23531214194236,1.0,1.0,"(1, 2)",650a2466738bb786a6c7849b
111.50000000001762,24.0,524,train,389.48531214194264,1.0,1.0,"(1, 2)",650a2466738bb786a6c7849b
112.7500000000179,24.0,525,train,390.7353121419429,1.0,1.0,"(1, 2)",650a2466738bb786a6c7849b
114.00000000001819,24.0,526,train,391.9853121419432,1.0,1.0,"(1, 2)",650a2466738bb786a6c7849b
115.25000000001847,24.0,527,train,393.2353121419435,1.0,1.0,"(1, 2)",650a2466738bb786a6c7849b
116.50000000001876,24.0,528,train,394.4853121419438,1.0,1.0,"(1, 2)",650a2466738bb786a6c7849b
117.75000000001904,24.0,529,train,395.73531214194406,1.0,1.0,"(1, 2)",650a2466738bb786a6c7849b
119.00000000001933,24.0,530,train,396.98531214194435,1.0,1.0,"(1, 2)",650a2466738bb786a6c7849b
120.25000000001961,24.0,531,train,398.23531214194463,1.0,1.0,"(1, 2)",650a2466738bb786a6c7849b
121.5000000000199,24.0,532,train,399.4853121419449,1.0,1.0,"(1, 2)",650a2466738bb786a6c7849b
122.75000000002018,24.0,533,train,400.7353121419452,1.0,1.0,"(1, 2)",650a2466738bb786a6c7849b
124.00000000002046,24.0,534,train,401.9853121419455,1.0,1.0,"(1, 2)",650a2466738bb786a6c7849b
125.25000000002075,24.0,535,train,403.23531214194577,1.0,1.0,"(1, 2)",650a2466738bb786a6c7849b
126.50000000002103,24.0,536,train,404.48531214194605,1.0,1.0,"(1, 2)",650a2466738bb786a6c7849b
127.75000000002132,24.0,537,train,405.73531214194634,1.0,1.0,"(1, 2)",650a2466738bb786a6c7849b
129.00000000002046,24.0,538,train,406.9853121419455,1.0,1.0,"(1, 2)",650a2466738bb786a6c7849b
130.25000000001933,24.0,539,train,408.23531214194435,1.0,1.0,"(1, 2)",650a2466738bb786a6c7849b
131.5000000000182,24.0,540,train,409.4853121419432,1.0,1.0,"(1, 2)",650a2466738bb786a6c7849b
132.75000000001705,24.0,541,train,410.7353121419421,1.0,1.0,"(1, 2)",650a2466738bb786a6c7849b
134.00000000001592,24.0,542,train,411.98531214194094,1.0,1.0,"(1, 2)",650a2466738bb786a6c7849b
135.25000000001478,24.0,543,train,413.2353121419398,1.0,1.0,"(1, 2)",650a2466738bb786a6c7849b
136.0,24.0,544,train,413.985312141925,1.0,1.0,"(1, 2)",650a2466738bb786a6c7849b
136.0,24.0,545,train,413.985312141925,1.0,1.0,"(1, 2)",650a2466738bb786a6c7849b
136.0,24.0,546,train,413.985312141925,1.0,1.0,"(1, 2)",650a2466738bb786a6c7849b
136.0,24.0,547,train,413.985312141925,1.0,1.0,"(1, 2)",650a2466738bb786a6c7849b
136.0,24.0,548,train,413.985312141925,1.0,1.0,"(1, 2)",650a2466738bb786a6c7849b
136.0,24.0,549,train,413.985312141925,1.0,1.0,"(1, 2)",650a2466738bb786a6c7849b
136.0,24.0,550,train,413.985312141925,1.0,1.0,"(1, 2)",650a2466738bb786a6c7849b
136.0,24.0,551,train,413.985312141925,1.0,1.0,"(1, 2)",650a2466738bb786a6c7849b
136.0,24.0,552,train,413.985312141925,1.0,1.0,"(1, 2)",650a2466738bb786a6c7849b
136.0,24.0,553,train,413.985312141925,1.0,1.0,"(1, 2)",650a2466738bb786a6c7849b
136.0,24.0,554,train,413.985312141925,1.0,1.0,"(1, 2)",650a2466738bb786a6c7849b
134.75000000000114,24.0,555,train,415.2353121419239,1.0,1.0,"(1, 2)",650a2466738bb786a6c7849b
133.50000000000227,24.0,556,train,416.48531214192275,1.0,1.0,"(1, 2)",650a2466738bb786a6c7849b
132.2500000000034,24.0,557,train,417.7353121419216,1.0,1.0,"(1, 2)",650a2466738bb786a6c7849b
131.00000000000455,24.0,558,train,418.9853121419205,1.0,1.0,"(1, 2)",650a2466738bb786a6c7849b
129.75000000000568,24.0,559,train,420.23531214191934,1.0,1.0,"(1, 2)",650a2466738bb786a6c7849b
128.50000000000682,24.0,560,train,421.4853121419182,1.0,1.0,"(1, 2)",650a2466738bb786a6c7849b
127.2500000000071,24.0,561,train,422.7353121419179,1.0,1.0,"(1, 2)",650a2466738bb786a6c7849b
126.00000000000682,24.0,562,train,423.9853121419182,1.0,1.0,"(1, 2)",650a2466738bb786a6c7849b
124.75000000000654,24.0,563,train,425.2353121419185,1.0,1.0,"(1, 2)",650a2466738bb786a6c7849b
123.50000000000625,24.0,564,train,426.48531214191877,1.0,1.0,"(1, 2)",650a2466738bb786a6c7849b
122.25000000000597,24.0,565,train,427.73531214191905,1.0,1.0,"(1, 2)",650a2466738bb786a6c7849b
121.00000000000568,24.0,566,train,428.98531214191934,1.0,1.0,"(1, 2)",650a2466738bb786a6c7849b
119.7500000000054,24.0,567,train,430.2353121419196,1.0,1.0,"(1, 2)",650a2466738bb786a6c7849b
118.50000000000512,24.0,568,train,431.4853121419199,1.0,1.0,"(1, 2)",650a2466738bb786a6c7849b
117.25000000000483,24.0,569,train,432.7353121419202,1.0,1.0,"(1, 2)",650a2466738bb786a6c7849b
116.00000000000455,24.0,570,train,433.9853121419205,1.0,1.0,"(1, 2)",650a2466738bb786a6c7849b
114.75000000000426,24.0,571,train,435.23531214192076,1.0,1.0,"(1, 2)",650a2466738bb786a6c7849b
113.50000000000398,24.0,572,train,436.48531214192104,1.0,1.0,"(1, 2)",650a2466738bb786a6c7849b
112.2500000000037,24.0,573,train,437.7353121419213,1.0,1.0,"(1, 2)",650a2466738bb786a6c7849b
111.00000000000341,24.0,574,train,438.9853121419216,1.0,1.0,"(1, 2)",650a2466738bb786a6c7849b
109.75000000000313,24.0,575,train,440.2353121419219,1.0,1.0,"(1, 2)",650a2466738bb786a6c7849b
108.50000000000284,24.0,576,train,441.4853121419222,1.0,1.0,"(1, 2)",650a2466738bb786a6c7849b
107.25000000000256,24.0,577,train,442.73531214192246,1.0,1.0,"(1, 2)",650a2466738bb786a6c7849b
106.00000000000227,24.0,578,train,443.98531214192275,1.0,1.0,"(1, 2)",650a2466738bb786a6c7849b
104.75000000000199,24.0,579,train,445.23531214192303,1.0,1.0,"(1, 2)",650a2466738bb786a6c7849b
103.5000000000017,24.0,580,train,446.4853121419233,1.0,1.0,"(1, 2)",650a2466738bb786a6c7849b
102.25000000000142,24.0,581,train,447.7353121419236,1.0,1.0,"(1, 2)",650a2466738bb786a6c7849b
101.00000000000114,24.0,582,train,448.9853121419239,1.0,1.0,"(1, 2)",650a2466738bb786a6c7849b
99.75000000000085,24.0,583,train,450.23531214192417,1.0,1.0,"(1, 2)",650a2466738bb786a6c7849b
98.50000000000057,24.0,584,train,451.48531214192445,1.0,1.0,"(1, 2)",650a2466738bb786a6c7849b
97.25000000000028,24.0,585,train,452.73531214192474,1.0,1.0,"(1, 2)",650a2466738bb786a6c7849b
96.0,24.0,586,train,453.985312141925,1.0,1.0,"(1, 2)",650a2466738bb786a6c7849b
94.74999999999972,24.0,587,train,455.2353121419253,1.0,1.0,"(1, 2)",650a2466738bb786a6c7849b
93.49999999999943,24.0,588,train,456.4853121419256,1.0,1.0,"(1, 2)",650a2466738bb786a6c7849b
92.24999999999915,24.0,589,train,457.7353121419259,1.0,1.0,"(1, 2)",650a2466738bb786a6c7849b
90.99999999999886,24.0,590,train,458.98531214192616,1.0,1.0,"(1, 2)",650a2466738bb786a6c7849b
89.74999999999858,24.0,591,train,460.23531214192644,1.0,1.0,"(1, 2)",650a2466738bb786a6c7849b
88.4999999999983,24.0,592,train,461.4853121419267,1.0,1.0,"(1, 2)",650a2466738bb786a6c7849b
87.24999999999801,24.0,593,train,462.735312141927,1.0,1.0,"(1, 2)",650a2466738bb786a6c7849b
85.99999999999773,24.0,594,train,463.9853121419273,1.0,1.0,"(1, 2)",650a2466738bb786a6c7849b
84.74999999999744,24.0,595,train,465.2353121419276,1.0,1.0,"(1, 2)",650a2466738bb786a6c7849b
83.49999999999716,24.0,596,train,466.48531214192786,1.0,1.0,"(1, 2)",650a2466738bb786a6c7849b
82.24999999999687,24.0,597,train,467.73531214192815,1.0,1.0,"(1, 2)",650a2466738bb786a6c7849b
80.99999999999659,24.0,598,train,468.98531214192843,1.0,1.0,"(1, 2)",650a2466738bb786a6c7849b
79.7499999999963,24.0,599,train,470.2353121419287,1.0,1.0,"(1, 2)",650a2466738bb786a6c7849b
78.49999999999602,24.0,600,train,471.485312141929,1.0,1.0,"(1, 2)",650a2466738bb786a6c7849b
77.24999999999574,24.0,601,train,472.7353121419293,1.0,1.0,"(1, 2)",650a2466738bb786a6c7849b
75.99999999999545,24.0,602,train,473.98531214192957,1.0,1.0,"(1, 2)",650a2466738bb786a6c7849b
74.74999999999517,24.0,603,train,475.23531214192985,1.0,1.0,"(1, 2)",650a2466738bb786a6c7849b
73.49999999999488,24.0,604,train,476.48531214193014,1.0,1.0,"(1, 2)",650a2466738bb786a6c7849b
72.2499999999946,24.0,605,train,477.7353121419304,1.0,1.0,"(1, 2)",650a2466738bb786a6c7849b
71.34621797023578,24.84324151087344,606,train,478.971385846438,1.0,1.0,"(1, 2)",650a2466738bb786a6c7849b
70.45686168923703,25.72161808469994,607,train,480.22138584643767,1.0,1.0,"(1, 2)",650a2466738bb786a6c7849b
69.56750540823828,26.59999465852644,608,train,481.47138584643733,1.0,1.0,"(1, 2)",650a2466738bb786a6c7849b
68.67814912723952,27.47837123235294,609,train,482.721385846437,1.0,1.0,"(1, 2)",650a2466738bb786a6c7849b
67.78879284624077,28.356747806179442,610,train,483.97138584643665,1.0,1.0,"(1, 2)",650a2466738bb786a6c7849b
66.89943656524201,29.235124380005942,611,train,485.2213858464363,1.0,1.0,"(1, 2)",650a2466738bb786a6c7849b
66.01008028424326,30.113500953832443,612,train,486.47138584643596,1.0,1.0,"(1, 2)",650a2466738bb786a6c7849b
65.1207240032445,30.991877527658943,613,train,487.7213858464356,1.0,1.0,"(1, 2)",650a2466738bb786a6c7849b
64.23136772224575,31.870254101485443,614,train,488.9713858464353,1.0,1.0,"(1, 2)",650a2466738bb786a6c7849b
63.34201144124647,32.748630675311944,615,train,490.2213858464353,1.0,1.0,"(1, 2)",650a2466738bb786a6c7849b
62.452655160247005,33.627007249138444,616,train,491.47138584643545,1.0,1.0,"(1, 2)",650a2466738bb786a6c7849b
61.56329887924754,34.505383822964944,617,train,492.7213858464356,1.0,1.0,"(1, 2)",650a2466738bb786a6c7849b
60.673942598248075,35.383760396791445,618,train,493.9713858464358,1.0,1.0,"(1, 2)",650a2466738bb786a6c7849b
59.78458631724861,36.262136970617945,619,train,495.22138584643596,1.0,1.0,"(1, 2)",650a2466738bb786a6c7849b
58.895230036249146,37.140513544444445,620,train,496.47138584643614,1.0,1.0,"(1, 2)",650a2466738bb786a6c7849b
58.00587375524984,38.018890118270946,621,train,497.7213858464362,1.0,1.0,"(1, 2)",650a2466738bb786a6c7849b
57.11651747425088,38.897266692097446,622,train,498.97138584643596,1.0,1.0,"(1, 2)",650a2466738bb786a6c7849b
56.22716119325191,39.77564326592395,623,train,500.22138584643574,1.0,1.0,"(1, 2)",650a2466738bb786a6c7849b
56.0,40.0,624,train,500.54066339316415,1.0,1.0,"(1, 2)",650a2466738bb786a6c7849b
56.0,40.0,625,train,500.54066339316415,1.0,1.0,"(1, 2)",650a2466738bb786a6c7849b
56.0,40.0,626,train,500.54066339316415,1.0,1.0,"(1, 2)",650a2466738bb786a6c7849b
56.0,40.0,627,train,500.54066339316415,1.0,1.0,"(1, 2)",650a2466738bb786a6c7849b
56.0,40.0,628,train,500.54066339316415,1.0,1.0,"(1, 2)",650a2466738bb786a6c7849b
56.0,40.0,629,train,500.54066339316415,1.0,1.0,"(1, 2)",650a2466738bb786a6c7849b
56.0,40.0,630,train,500.54066339316415,1.0,1.0,"(1, 2)",650a2466738bb786a6c7849b
56.0,40.0,631,train,500.54066339316415,1.0,1.0,"(1, 2)",650a2466738bb786a6c7849b
56.0,40.0,632,train,500.54066339316415,1.0,1.0,"(1, 2)",650a2466738bb786a6c7849b
56.0,40.0,633,train,500.54066339316415,1.0,1.0,"(1, 2)",650a2466738bb786a6c7849b
56.0,40.0,634,train,500.54066339316415,1.0,1.0,"(1, 2)",650a2466738bb786a6c7849b
56.0,40.0,635,train,500.54066339316415,1.0,1.0,"(1, 2)",650a2466738bb786a6c7849b
56.0,40.0,636,train,500.54066339316415,1.0,1.0,"(1, 2)",650a2466738bb786a6c7849b
56.0,40.0,637,train,500.54066339316415,1.0,1.0,"(1, 2)",650a2466738bb786a6c7849b
56.0,40.0,638,train,500.54066339316415,1.0,1.0,"(1, 2)",650a2466738bb786a6c7849b
56.0,40.0,639,train,500.54066339316415,1.0,1.0,"(1, 2)",650a2466738bb786a6c7849b
56.0,40.0,640,train,500.54066339316415,1.0,1.0,"(1, 2)",650a2466738bb786a6c7849b
56.0,40.0,641,train,500.54066339316415,1.0,1.0,"(1, 2)",650a2466738bb786a6c7849b
56.0,40.0,642,train,500.54066339316415,1.0,1.0,"(1, 2)",650a2466738bb786a6c7849b
56.0,40.0,643,train,500.54066339316415,1.0,1.0,"(1, 2)",650a2466738bb786a6c7849b
56.0,40.0,644,train,500.54066339316415,1.0,1.0,"(1, 2)",650a2466738bb786a6c7849b
56.0,40.0,645,train,500.54066339316415,1.0,1.0,"(1, 2)",650a2466738bb786a6c7849b
55.11611652351695,39.11611652351695,646,train,501.790663393164,1.0,1.0,"(1, 2)",650a2466738bb786a6c7849b
54.2322330470339,38.2322330470339,647,train,503.0406633931638,1.0,1.0,"(1, 2)",650a2466738bb786a6c7849b
53.34834957055085,37.34834957055085,648,train,504.29066339316364,1.0,1.0,"(1, 2)",650a2466738bb786a6c7849b
52.4644660940678,36.4644660940678,649,train,505.54066339316347,1.0,1.0,"(1, 2)",650a2466738bb786a6c7849b
51.58058261758475,35.58058261758475,650,train,506.7906633931633,1.0,1.0,"(1, 2)",650a2466738bb786a6c7849b
50.6966991411017,34.6966991411017,651,train,508.04066339316313,1.0,1.0,"(1, 2)",650a2466738bb786a6c7849b
49.812815664618654,33.812815664618654,652,train,509.29066339316296,1.0,1.0,"(1, 2)",650a2466738bb786a6c7849b
48.928932188135605,32.928932188135605,653,train,510.5406633931628,1.0,1.0,"(1, 2)",650a2466738bb786a6c7849b
48.045048711652555,32.045048711652555,654,train,511.7906633931626,1.0,1.0,"(1, 2)",650a2466738bb786a6c7849b
47.161165235169506,31.161165235169506,655,train,513.0406633931624,1.0,1.0,"(1, 2)",650a2466738bb786a6c7849b
46.277281758686456,30.277281758686456,656,train,514.2906633931622,1.0,1.0,"(1, 2)",650a2466738bb786a6c7849b
45.39339828220341,29.393398282203407,657,train,515.5406633931619,1.0,1.0,"(1, 2)",650a2466738bb786a6c7849b
44.50951480572036,28.509514805720357,658,train,516.7906633931617,1.0,1.0,"(1, 2)",650a2466738bb786a6c7849b
43.62563132923731,27.625631329237308,659,train,518.0406633931615,1.0,1.0,"(1, 2)",650a2466738bb786a6c7849b
42.74174785275426,26.74174785275426,660,train,519.2906633931613,1.0,1.0,"(1, 2)",650a2466738bb786a6c7849b
41.85786437627121,25.85786437627121,661,train,520.540663393161,1.0,1.0,"(1, 2)",650a2466738bb786a6c7849b
40.97398089978816,24.97398089978816,662,train,521.7906633931608,1.0,1.0,"(1, 2)",650a2466738bb786a6c7849b
40.04617444130983,24.194346815316237,663,train,523.002543803954,1.0,1.0,"(1, 2)",650a2466738bb786a6c7849b
38.796266114866114,24.179208272259245,664,train,524.2525438039537,1.0,1.0,"(1, 2)",650a2466738bb786a6c7849b
37.5463577884224,24.164069729202254,665,train,525.5025438039534,1.0,1.0,"(1, 2)",650a2466738bb786a6c7849b
36.29644946197868,24.148931186145262,666,train,526.752543803953,1.0,1.0,"(1, 2)",650a2466738bb786a6c7849b
35.046541135534966,24.13379264308827,667,train,528.0025438039527,1.0,1.0,"(1, 2)",650a2466738bb786a6c7849b
33.79663280909125,24.11865410003119,668,train,529.2525438039523,1.0,1.0,"(1, 2)",650a2466738bb786a6c7849b
32.546724482647534,24.103515556974024,669,train,530.502543803952,1.0,1.0,"(1, 2)",650a2466738bb786a6c7849b
31.296816156203615,24.088377013916855,670,train,531.7525438039519,1.0,1.0,"(1, 2)",650a2466738bb786a6c7849b
30.046907829759544,24.073238470859685,671,train,533.0025438039519,1.0,1.0,"(1, 2)",650a2466738bb786a6c7849b
28.796999503315472,24.058099927802516,672,train,534.2525438039519,1.0,1.0,"(1, 2)",650a2466738bb786a6c7849b
27.5470911768714,24.042961384745347,673,train,535.5025438039519,1.0,1.0,"(1, 2)",650a2466738bb786a6c7849b
26.29718285042733,24.027822841688177,674,train,536.7525438039519,1.0,1.0,"(1, 2)",650a2466738bb786a6c7849b
25.04727452398326,24.012684298631005,675,train,538.0025438039519,1.0,1.0,"(1, 2)",650a2466738bb786a6c7849b
24.0,24.0,676,train,539.0498951394721,1.0,1.0,"(1, 2)",650a2466738bb786a6c7849b
24.0,24.0,677,train,539.0498951394721,1.0,1.0,"(1, 2)",650a2466738bb786a6c7849b
24.0,24.0,678,train,539.0498951394721,1.0,1.0,"(1, 2)",650a2466738bb786a6c7849b
24.0,24.0,679,train,539.0498951394721,1.0,1.0,"(1, 2)",650a2466738bb786a6c7849b
24.0,24.0,680,train,539.0498951394721,1.0,1.0,"(1, 2)",650a2466738bb786a6c7849b
24.0,24.0,681,train,539.0498951394721,1.0,1.0,"(1, 2)",650a2466738bb786a6c7849b
24.0,24.0,682,train,539.0498951394721,1.0,1.0,"(1, 2)",650a2466738bb786a6c7849b
24.0,24.0,683,train,539.0498951394721,1.0,1.0,"(1, 2)",650a2466738bb786a6c7849b
24.0,24.0,684,train,539.0498951394721,1.0,1.0,"(1, 2)",650a2466738bb786a6c7849b
24.0,24.0,685,train,539.0498951394721,1.0,1.0,"(1, 2)",650a2466738bb786a6c7849b
24.0,24.0,686,train,539.0498951394721,1.0,1.0,"(1, 2)",650a2466738bb786a6c7849b
24.0,24.0,687,train,539.0498951394721,1.0,1.0,"(1, 2)",650a2466738bb786a6c7849b
24.0,24.0,688,train,539.0498951394721,1.0,1.0,"(1, 2)",650a2466738bb786a6c7849b
24.0,24.0,689,train,539.0498951394721,1.0,1.0,"(1, 2)",650a2466738bb786a6c7849b
24.0,24.0,690,train,539.0498951394721,1.0,1.0,"(1, 2)",650a2466738bb786a6c7849b
24.0,24.0,691,train,539.0498951394721,1.0,1.0,"(1, 2)",650a2466738bb786a6c7849b
24.0,24.0,692,train,539.0498951394721,1.0,1.0,"(1, 2)",650a2466738bb786a6c7849b
24.0,24.0,693,train,539.0498951394721,1.0,1.0,"(1, 2)",650a2466738bb786a6c7849b
24.0,24.0,694,train,539.0498951394721,1.0,1.0,"(1, 2)",650a2466738bb786a6c7849b
24.0,24.0,695,train,539.0498951394721,1.0,1.0,"(1, 2)",650a2466738bb786a6c7849b
25.24999999999993,24.0,696,train,540.299895139472,1.0,1.0,"(1, 2)",650a2466738bb786a6c7849b
26.499999999999858,24.0,697,train,541.5498951394719,1.0,1.0,"(1, 2)",650a2466738bb786a6c7849b
27.749999999999787,24.0,698,train,542.7998951394718,1.0,1.0,"(1, 2)",650a2466738bb786a6c7849b
28.999999999999716,24.0,699,train,544.0498951394717,1.0,1.0,"(1, 2)",650a2466738bb786a6c7849b
30.249999999999645,24.0,700,train,545.2998951394716,1.0,1.0,"(1, 2)",650a2466738bb786a6c7849b
31.499999999999574,24.0,701,train,546.5498951394715,1.0,1.0,"(1, 2)",650a2466738bb786a6c7849b
32.749999999999716,24.0,702,train,547.7998951394716,1.0,1.0,"(1, 2)",650a2466738bb786a6c7849b
34.0,24.0,703,train,549.0498951394718,1.0,1.0,"(1, 2)",650a2466738bb786a6c7849b
35.250000000000284,24.0,704,train,550.299895139472,1.0,1.0,"(1, 2)",650a2466738bb786a6c7849b
36.50000000000057,24.0,705,train,551.5498951394723,1.0,1.0,"(1, 2)",650a2466738bb786a6c7849b
37.75000000000085,24.0,706,train,552.7998951394725,1.0,1.0,"(1, 2)",650a2466738bb786a6c7849b
39.00000000000114,24.0,707,train,554.0498951394727,1.0,1.0,"(1, 2)",650a2466738bb786a6c7849b
40.0,24.0,708,train,555.0498951394716,1.0,1.0,"(1, 2)",650a2466738bb786a6c7849b
40.0,24.0,709,train,555.0498951394716,1.0,1.0,"(1, 2)",650a2466738bb786a6c7849b
40.0,24.0,710,train,555.0498951394716,1.0,1.0,"(1, 2)",650a2466738bb786a6c7849b
40.0,24.0,711,train,555.0498951394716,1.0,1.0,"(1, 2)",650a2466738bb786a6c7849b
40.0,24.0,712,train,555.0498951394716,1.0,1.0,"(1, 2)",650a2466738bb786a6c7849b
40.0,24.0,713,train,555.0498951394716,1.0,1.0,"(1, 2)",650a2466738bb786a6c7849b
40.0,24.0,714,train,555.0498951394716,1.0,1.0,"(1, 2)",650a2466738bb786a6c7849b
40.0,24.0,715,train,555.0498951394716,1.0,1.0,"(1, 2)",650a2466738bb786a6c7849b
40.0,24.0,716,train,555.0498951394716,1.0,1.0,"(1, 2)",650a2466738bb786a6c7849b
40.0,24.0,717,train,555.0498951394716,1.0,1.0,"(1, 2)",650a2466738bb786a6c7849b
40.0,24.0,718,train,555.0498951394716,1.0,1.0,"(1, 2)",650a2466738bb786a6c7849b
40.0,24.0,719,train,555.0498951394716,1.0,1.0,"(1, 2)",650a2466738bb786a6c7849b
40.0,24.0,720,train,555.0498951394716,1.0,1.0,"(1, 2)",650a2466738bb786a6c7849b
40.0,24.0,721,train,555.0498951394716,1.0,1.0,"(1, 2)",650a2466738bb786a6c7849b
40.0,24.0,722,train,555.0498951394716,1.0,1.0,"(1, 2)",650a2466738bb786a6c7849b
40.0,24.0,723,train,555.0498951394716,1.0,1.0,"(1, 2)",650a2466738bb786a6c7849b
40.0,24.0,724,train,555.0498951394716,1.0,1.0,"(1, 2)",650a2466738bb786a6c7849b
40.0,24.0,725,train,555.0498951394716,1.0,1.0,"(1, 2)",650a2466738bb786a6c7849b
40.0,24.0,726,train,555.0498951394716,1.0,1.0,"(1, 2)",650a2466738bb786a6c7849b
40.0,24.0,727,train,555.0498951394716,1.0,1.0,"(1, 2)",650a2466738bb786a6c7849b
38.749999999999716,24.0,728,train,556.2998951394718,1.0,1.0,"(1, 2)",650a2466738bb786a6c7849b
37.49999999999943,24.0,729,train,557.549895139472,1.0,1.0,"(1, 2)",650a2466738bb786a6c7849b
36.24999999999915,24.0,730,train,558.7998951394723,1.0,1.0,"(1, 2)",650a2466738bb786a6c7849b
34.99999999999886,24.0,731,train,560.0498951394725,1.0,1.0,"(1, 2)",650a2466738bb786a6c7849b
33.74999999999858,24.0,732,train,561.2998951394727,1.0,1.0,"(1, 2)",650a2466738bb786a6c7849b
32.499999999998295,24.0,733,train,562.5498951394729,1.0,1.0,"(1, 2)",650a2466738bb786a6c7849b
31.249999999998227,24.0,734,train,563.799895139473,1.0,1.0,"(1, 2)",650a2466738bb786a6c7849b
29.9999999999983,24.0,735,train,565.0498951394729,1.0,1.0,"(1, 2)",650a2466738bb786a6c7849b
28.74999999999837,24.0,736,train,566.2998951394728,1.0,1.0,"(1, 2)",650a2466738bb786a6c7849b
27.49999999999844,24.0,737,train,567.5498951394727,1.0,1.0,"(1, 2)",650a2466738bb786a6c7849b
26.24999999999851,24.0,738,train,568.7998951394726,1.0,1.0,"(1, 2)",650a2466738bb786a6c7849b
24.999999999998582,24.0,739,train,570.0498951394725,1.0,1.0,"(1, 2)",650a2466738bb786a6c7849b
24.0,24.0,740,train,571.0498951394711,1.0,1.0,"(1, 2)",650a2466738bb786a6c7849b
24.0,24.0,741,train,571.0498951394711,1.0,1.0,"(1, 2)",650a2466738bb786a6c7849b
24.0,24.0,742,train,571.0498951394711,1.0,1.0,"(1, 2)",650a2466738bb786a6c7849b
24.0,24.0,743,train,571.0498951394711,1.0,1.0,"(1, 2)",650a2466738bb786a6c7849b
24.0,24.0,744,train,571.0498951394711,1.0,1.0,"(1, 2)",650a2466738bb786a6c7849b
24.0,24.0,745,train,571.0498951394711,1.0,1.0,"(1, 2)",650a2466738bb786a6c7849b
24.0,24.0,746,train,571.0498951394711,1.0,1.0,"(1, 2)",650a2466738bb786a6c7849b
24.0,24.0,747,train,571.0498951394711,1.0,1.0,"(1, 2)",650a2466738bb786a6c7849b
24.0,24.0,748,train,571.0498951394711,1.0,1.0,"(1, 2)",650a2466738bb786a6c7849b
24.0,24.0,749,train,571.0498951394711,1.0,1.0,"(1, 2)",650a2466738bb786a6c7849b
24.0,24.0,750,train,571.0498951394711,1.0,1.0,"(1, 2)",650a2466738bb786a6c7849b
24.0,24.0,751,train,571.0498951394711,1.0,1.0,"(1, 2)",650a2466738bb786a6c7849b
24.0,24.0,752,train,571.0498951394711,1.0,1.0,"(1, 2)",650a2466738bb786a6c7849b
24.0,24.0,753,train,571.0498951394711,1.0,1.0,"(1, 2)",650a2466738bb786a6c7849b
24.0,24.0,754,train,571.0498951394711,1.0,1.0,"(1, 2)",650a2466738bb786a6c7849b
24.0,24.0,755,train,571.0498951394711,1.0,1.0,"(1, 2)",650a2466738bb786a6c7849b
24.0,24.0,756,train,571.0498951394711,1.0,1.0,"(1, 2)",650a2466738bb786a6c7849b
24.0,24.0,757,train,571.0498951394711,1.0,1.0,"(1, 2)",650a2466738bb786a6c7849b
24.0,24.0,758,train,571.0498951394711,1.0,1.0,"(1, 2)",650a2466738bb786a6c7849b
24.0,24.0,759,train,571.0498951394711,1.0,1.0,"(1, 2)",650a2466738bb786a6c7849b
24.0,24.0,760,train,571.0498951394711,1.0,1.0,"(1, 2)",650a2466738bb786a6c7849b
24.0,24.0,761,train,571.0498951394711,1.0,1.0,"(1, 2)",650a2466738bb786a6c7849b
24.0,24.0,762,train,571.0498951394711,1.0,1.0,"(1, 2)",650a2466738bb786a6c7849b
24.0,24.0,763,train,571.0498951394711,1.0,1.0,"(1, 2)",650a2466738bb786a6c7849b
25.24999999999993,24.0,764,train,572.299895139471,1.0,1.0,"(1, 2)",650a2466738bb786a6c7849b
26.499999999999858,24.0,765,train,573.5498951394709,1.0,1.0,"(1, 2)",650a2466738bb786a6c7849b
27.749999999999787,24.0,766,train,574.7998951394708,1.0,1.0,"(1, 2)",650a2466738bb786a6c7849b
28.999999999999716,24.0,767,train,576.0498951394707,1.0,1.0,"(1, 2)",650a2466738bb786a6c7849b
30.249999999999645,24.0,768,train,577.2998951394706,1.0,1.0,"(1, 2)",650a2466738bb786a6c7849b
31.499999999999574,24.0,769,train,578.5498951394704,1.0,1.0,"(1, 2)",650a2466738bb786a6c7849b
32.749999999999716,24.0,770,train,579.7998951394706,1.0,1.0,"(1, 2)",650a2466738bb786a6c7849b
34.0,24.0,771,train,581.0498951394709,1.0,1.0,"(1, 2)",650a2466738bb786a6c7849b
35.250000000000284,24.0,772,train,582.2998951394711,1.0,1.0,"(1, 2)",650a2466738bb786a6c7849b
36.50000000000057,24.0,773,train,583.5498951394713,1.0,1.0,"(1, 2)",650a2466738bb786a6c7849b
37.75000000000085,24.0,774,train,584.7998951394716,1.0,1.0,"(1, 2)",650a2466738bb786a6c7849b
39.00000000000114,24.0,775,train,586.0498951394718,1.0,1.0,"(1, 2)",650a2466738bb786a6c7849b
40.0,24.0,776,train,587.0498951394707,1.0,1.0,"(1, 2)",650a2466738bb786a6c7849b
40.0,24.0,777,train,587.0498951394707,1.0,1.0,"(1, 2)",650a2466738bb786a6c7849b
40.0,24.0,778,train,587.0498951394707,1.0,1.0,"(1, 2)",650a2466738bb786a6c7849b
40.0,24.0,779,train,587.0498951394707,1.0,1.0,"(1, 2)",650a2466738bb786a6c7849b
40.0,24.0,780,train,587.0498951394707,1.0,1.0,"(1, 2)",650a2466738bb786a6c7849b
40.0,24.0,781,train,587.0498951394707,1.0,1.0,"(1, 2)",650a2466738bb786a6c7849b
40.0,24.0,782,train,587.0498951394707,1.0,1.0,"(1, 2)",650a2466738bb786a6c7849b
40.0,24.0,783,train,587.0498951394707,1.0,1.0,"(1, 2)",650a2466738bb786a6c7849b
40.0,24.0,784,train,587.0498951394707,1.0,1.0,"(1, 2)",650a2466738bb786a6c7849b
40.0,24.0,785,train,587.0498951394707,1.0,1.0,"(1, 2)",650a2466738bb786a6c7849b
40.0,24.0,786,train,587.0498951394707,1.0,1.0,"(1, 2)",650a2466738bb786a6c7849b
40.0,24.0,787,train,587.0498951394707,1.0,1.0,"(1, 2)",650a2466738bb786a6c7849b
40.0,24.0,788,train,587.0498951394707,1.0,1.0,"(1, 2)",650a2466738bb786a6c7849b
40.0,24.0,789,train,587.0498951394707,1.0,1.0,"(1, 2)",650a2466738bb786a6c7849b
40.0,24.0,790,train,587.0498951394707,1.0,1.0,"(1, 2)",650a2466738bb786a6c7849b
40.0,24.0,791,train,587.0498951394707,1.0,1.0,"(1, 2)",650a2466738bb786a6c7849b
40.0,24.0,792,train,587.0498951394707,1.0,1.0,"(1, 2)",650a2466738bb786a6c7849b
40.0,24.0,793,train,587.0498951394707,1.0,1.0,"(1, 2)",650a2466738bb786a6c7849b
40.0,24.0,794,train,587.0498951394707,1.0,1.0,"(1, 2)",650a2466738bb786a6c7849b
40.0,24.0,795,train,587.0498951394707,1.0,1.0,"(1, 2)",650a2466738bb786a6c7849b
40.0,24.0,796,train,587.0498951394707,1.0,1.0,"(1, 2)",650a2466738bb786a6c7849b
38.749999999999716,24.0,797,train,588.2998951394709,1.0,1.0,"(1, 2)",650a2466738bb786a6c7849b
37.49999999999943,24.0,798,train,589.5498951394711,1.0,1.0,"(1, 2)",650a2466738bb786a6c7849b
36.24999999999915,24.0,799,train,590.7998951394713,1.0,1.0,"(1, 2)",650a2466738bb786a6c7849b
34.99999999999886,24.0,800,train,592.0498951394716,1.0,1.0,"(1, 2)",650a2466738bb786a6c7849b
33.74999999999858,24.0,801,train,593.2998951394718,1.0,1.0,"(1, 2)",650a2466738bb786a6c7849b
32.499999999998295,24.0,802,train,594.549895139472,1.0,1.0,"(1, 2)",650a2466738bb786a6c7849b
31.249999999998227,24.0,803,train,595.7998951394721,1.0,1.0,"(1, 2)",650a2466738bb786a6c7849b
29.9999999999983,24.0,804,train,597.049895139472,1.0,1.0,"(1, 2)",650a2466738bb786a6c7849b
28.74999999999837,24.0,805,train,598.2998951394719,1.0,1.0,"(1, 2)",650a2466738bb786a6c7849b
27.49999999999844,24.0,806,train,599.5498951394718,1.0,1.0,"(1, 2)",650a2466738bb786a6c7849b
26.24999999999851,24.0,807,train,600.7998951394717,1.0,1.0,"(1, 2)",650a2466738bb786a6c7849b
24.999999999998582,24.0,808,train,602.0498951394716,1.0,1.0,"(1, 2)",650a2466738bb786a6c7849b
24.0,24.0,809,train,603.0498951394702,1.0,1.0,"(1, 2)",650a2466738bb786a6c7849b
24.0,24.0,810,train,603.0498951394702,1.0,1.0,"(1, 2)",650a2466738bb786a6c7849b
24.0,24.0,811,train,603.0498951394702,1.0,1.0,"(1, 2)",650a2466738bb786a6c7849b
24.0,24.0,812,train,603.0498951394702,1.0,1.0,"(1, 2)",650a2466738bb786a6c7849b
24.0,24.0,813,train,603.0498951394702,1.0,1.0,"(1, 2)",650a2466738bb786a6c7849b
24.0,24.0,814,train,603.0498951394702,1.0,1.0,"(1, 2)",650a2466738bb786a6c7849b
24.0,24.0,815,train,603.0498951394702,1.0,1.0,"(1, 2)",650a2466738bb786a6c7849b
24.0,24.0,816,train,603.0498951394702,1.0,1.0,"(1, 2)",650a2466738bb786a6c7849b
24.0,24.0,817,train,603.0498951394702,1.0,1.0,"(1, 2)",650a2466738bb786a6c7849b
24.0,24.0,818,train,603.0498951394702,1.0,1.0,"(1, 2)",650a2466738bb786a6c7849b
24.0,24.0,819,train,603.0498951394702,1.0,1.0,"(1, 2)",650a2466738bb786a6c7849b
24.0,24.0,820,train,603.0498951394702,1.0,1.0,"(1, 2)",650a2466738bb786a6c7849b
24.0,24.0,821,train,603.0498951394702,1.0,1.0,"(1, 2)",650a2466738bb786a6c7849b
24.0,24.0,822,train,603.0498951394702,1.0,1.0,"(1, 2)",650a2466738bb786a6c7849b
24.0,24.0,823,train,603.0498951394702,1.0,1.0,"(1, 2)",650a2466738bb786a6c7849b
24.0,24.0,824,train,603.0498951394702,1.0,1.0,"(1, 2)",650a2466738bb786a6c7849b
24.0,24.0,825,train,603.0498951394702,1.0,1.0,"(1, 2)",650a2466738bb786a6c7849b
24.0,24.0,826,train,603.0498951394702,1.0,1.0,"(1, 2)",650a2466738bb786a6c7849b
24.0,24.0,827,train,603.0498951394702,1.0,1.0,"(1, 2)",650a2466738bb786a6c7849b
24.0,24.0,828,train,603.0498951394702,1.0,1.0,"(1, 2)",650a2466738bb786a6c7849b
24.0,24.0,829,train,603.0498951394702,1.0,1.0,"(1, 2)",650a2466738bb786a6c7849b
24.0,24.0,830,train,603.0498951394702,1.0,1.0,"(1, 2)",650a2466738bb786a6c7849b
24.0,24.0,831,train,603.0498951394702,1.0,1.0,"(1, 2)",650a2466738bb786a6c7849b
24.0,24.0,832,train,603.0498951394702,1.0,1.0,"(1, 2)",650a2466738bb786a6c7849b
24.0,24.0,833,train,603.0498951394702,1.0,1.0,"(1, 2)",650a2466738bb786a6c7849b
24.0,24.0,834,train,603.0498951394702,1.0,1.0,"(1, 2)",650a2466738bb786a6c7849b
24.0,24.0,835,train,603.0498951394702,1.0,1.0,"(1, 2)",650a2466738bb786a6c7849b
24.0,24.0,836,train,603.0498951394702,1.0,1.0,"(1, 2)",650a2466738bb786a6c7849b
24.0,24.0,837,train,603.0498951394702,1.0,1.0,"(1, 2)",650a2466738bb786a6c7849b
24.0,24.0,838,train,603.0498951394702,1.0,1.0,"(1, 2)",650a2466738bb786a6c7849b
24.0,24.0,839,train,603.0498951394702,1.0,1.0,"(1, 2)",650a2466738bb786a6c7849b
24.0,24.0,840,train,603.0498951394702,1.0,1.0,"(1, 2)",650a2466738bb786a6c7849b
24.0,24.0,841,train,603.0498951394702,1.0,1.0,"(1, 2)",650a2466738bb786a6c7849b
24.0,24.0,842,train,603.0498951394702,1.0,1.0,"(1, 2)",650a2466738bb786a6c7849b
24.0,24.0,843,train,603.0498951394702,1.0,1.0,"(1, 2)",650a2466738bb786a6c7849b
24.0,24.0,844,train,603.0498951394702,1.0,1.0,"(1, 2)",650a2466738bb786a6c7849b
24.0,24.0,845,train,603.0498951394702,1.0,1.0,"(1, 2)",650a2466738bb786a6c7849b
24.0,24.0,846,train,603.0498951394702,1.0,1.0,"(1, 2)",650a2466738bb786a6c7849b
24.0,24.0,847,train,603.0498951394702,1.0,1.0,"(1, 2)",650a2466738bb786a6c7849b
24.0,24.0,848,train,603.0498951394702,1.0,1.0,"(1, 2)",650a2466738bb786a6c7849b
24.0,24.0,849,train,603.0498951394702,1.0,1.0,"(1, 2)",650a2466738bb786a6c7849b
24.0,24.0,850,train,603.0498951394702,1.0,1.0,"(1, 2)",650a2466738bb786a6c7849b
24.0,24.0,851,train,603.0498951394702,1.0,1.0,"(1, 2)",650a2466738bb786a6c7849b
24.0,24.0,852,train,603.0498951394702,1.0,1.0,"(1, 2)",650a2466738bb786a6c7849b
25.24999999999993,24.0,853,train,604.2998951394701,1.0,1.0,"(1, 2)",650a2466738bb786a6c7849b
26.499999999999858,24.0,854,train,605.54989513947,1.0,1.0,"(1, 2)",650a2466738bb786a6c7849b
27.749999999999787,24.0,855,train,606.7998951394699,1.0,1.0,"(1, 2)",650a2466738bb786a6c7849b
28.999999999999716,24.0,856,train,608.0498951394698,1.0,1.0,"(1, 2)",650a2466738bb786a6c7849b
30.249999999999645,24.0,857,train,609.2998951394696,1.0,1.0,"(1, 2)",650a2466738bb786a6c7849b
31.499999999999574,24.0,858,train,610.5498951394695,1.0,1.0,"(1, 2)",650a2466738bb786a6c7849b
32.749999999999716,24.0,859,train,611.7998951394696,1.0,1.0,"(1, 2)",650a2466738bb786a6c7849b
34.0,24.0,860,train,613.04989513947,1.0,1.0,"(1, 2)",650a2466738bb786a6c7849b
35.250000000000284,24.0,861,train,614.2998951394702,1.0,1.0,"(1, 2)",650a2466738bb786a6c7849b
36.50000000000057,24.0,862,train,615.5498951394704,1.0,1.0,"(1, 2)",650a2466738bb786a6c7849b
37.75000000000085,24.0,863,train,616.7998951394707,1.0,1.0,"(1, 2)",650a2466738bb786a6c7849b
39.00000000000114,24.0,864,train,618.0498951394709,1.0,1.0,"(1, 2)",650a2466738bb786a6c7849b
40.0,24.0,865,train,619.0498951394698,1.0,1.0,"(1, 2)",650a2466738bb786a6c7849b
40.0,24.0,866,train,619.0498951394698,1.0,1.0,"(1, 2)",650a2466738bb786a6c7849b
40.0,24.0,867,train,619.0498951394698,1.0,1.0,"(1, 2)",650a2466738bb786a6c7849b
40.0,24.0,868,train,619.0498951394698,1.0,1.0,"(1, 2)",650a2466738bb786a6c7849b
40.0,24.0,869,train,619.0498951394698,1.0,1.0,"(1, 2)",650a2466738bb786a6c7849b
40.0,24.0,870,train,619.0498951394698,1.0,1.0,"(1, 2)",650a2466738bb786a6c7849b
40.0,24.0,871,train,619.0498951394698,1.0,1.0,"(1, 2)",650a2466738bb786a6c7849b
38.749999999999716,24.0,872,train,620.29989513947,1.0,1.0,"(1, 2)",650a2466738bb786a6c7849b
37.49999999999943,24.0,873,train,621.5498951394702,1.0,1.0,"(1, 2)",650a2466738bb786a6c7849b
36.24999999999915,24.0,874,train,622.7998951394704,1.0,1.0,"(1, 2)",650a2466738bb786a6c7849b
34.99999999999886,24.0,875,train,624.0498951394707,1.0,1.0,"(1, 2)",650a2466738bb786a6c7849b
33.74999999999858,24.0,876,train,625.2998951394709,1.0,1.0,"(1, 2)",650a2466738bb786a6c7849b
32.499999999998295,24.0,877,train,626.5498951394711,1.0,1.0,"(1, 2)",650a2466738bb786a6c7849b
31.249999999998227,24.0,878,train,627.7998951394712,1.0,1.0,"(1, 2)",650a2466738bb786a6c7849b
29.9999999999983,24.0,879,train,629.0498951394711,1.0,1.0,"(1, 2)",650a2466738bb786a6c7849b
28.74999999999837,24.0,880,train,630.299895139471,1.0,1.0,"(1, 2)",650a2466738bb786a6c7849b
27.49999999999844,24.0,881,train,631.5498951394709,1.0,1.0,"(1, 2)",650a2466738bb786a6c7849b
26.24999999999851,24.0,882,train,632.7998951394708,1.0,1.0,"(1, 2)",650a2466738bb786a6c7849b
24.999999999998582,24.0,883,train,634.0498951394707,1.0,1.0,"(1, 2)",650a2466738bb786a6c7849b
24.0,24.0,884,train,635.0498951394693,1.0,1.0,"(1, 2)",650a2466738bb786a6c7849b
24.0,24.0,885,train,635.0498951394693,1.0,1.0,"(1, 2)",650a2466738bb786a6c7849b
24.0,24.0,886,train,635.0498951394693,1.0,1.0,"(1, 2)",650a2466738bb786a6c7849b
24.0,24.0,887,train,635.0498951394693,1.0,1.0,"(1, 2)",650a2466738bb786a6c7849b
24.0,24.0,888,train,635.0498951394693,1.0,1.0,"(1, 2)",650a2466738bb786a6c7849b
24.0,24.0,889,train,635.0498951394693,1.0,1.0,"(1, 2)",650a2466738bb786a6c7849b
24.0,24.0,890,train,635.0498951394693,1.0,1.0,"(1, 2)",650a2466738bb786a6c7849b
24.0,24.0,891,train,635.0498951394693,1.0,1.0,"(1, 2)",650a2466738bb786a6c7849b
24.0,24.0,892,train,635.0498951394693,1.0,1.0,"(1, 2)",650a2466738bb786a6c7849b
24.0,24.0,893,train,635.0498951394693,1.0,1.0,"(1, 2)",650a2466738bb786a6c7849b
24.0,24.0,894,train,635.0498951394693,1.0,1.0,"(1, 2)",650a2466738bb786a6c7849b
24.0,24.0,895,train,635.0498951394693,1.0,1.0,"(1, 2)",650a2466738bb786a6c7849b
24.0,24.0,896,train,635.0498951394693,1.0,1.0,"(1, 2)",650a2466738bb786a6c7849b
24.0,24.0,897,train,635.0498951394693,1.0,1.0,"(1, 2)",650a2466738bb786a6c7849b
24.0,24.0,898,train,635.0498951394693,1.0,1.0,"(1, 2)",650a2466738bb786a6c7849b
24.0,24.0,899,train,635.0498951394693,1.0,1.0,"(1, 2)",650a2466738bb786a6c7849b
24.0,24.0,900,train,635.0498951394693,1.0,1.0,"(1, 2)",650a2466738bb786a6c7849b
24.0,24.0,901,train,635.0498951394693,1.0,1.0,"(1, 2)",650a2466738bb786a6c7849b
24.0,24.0,902,train,635.0498951394693,1.0,1.0,"(1, 2)",650a2466738bb786a6c7849b
24.0,24.0,903,train,635.0498951394693,1.0,1.0,"(1, 2)",650a2466738bb786a6c7849b
24.0,24.0,904,train,635.0498951394693,1.0,1.0,"(1, 2)",650a2466738bb786a6c7849b
24.0,24.0,905,train,635.0498951394693,1.0,1.0,"(1, 2)",650a2466738bb786a6c7849b
24.0,24.0,906,train,635.0498951394693,1.0,1.0,"(1, 2)",650a2466738bb786a6c7849b
24.0,24.0,907,train,635.0498951394693,1.0,1.0,"(1, 2)",650a2466738bb786a6c7849b
24.0,24.0,908,train,635.0498951394693,1.0,1.0,"(1, 2)",650a2466738bb786a6c7849b
24.0,24.0,909,train,635.0498951394693,1.0,1.0,"(1, 2)",650a2466738bb786a6c7849b
24.0,24.0,910,train,635.0498951394693,1.0,1.0,"(1, 2)",650a2466738bb786a6c7849b
24.0,24.0,911,train,635.0498951394693,1.0,1.0,"(1, 2)",650a2466738bb786a6c7849b
24.0,24.0,912,train,635.0498951394693,1.0,1.0,"(1, 2)",650a2466738bb786a6c7849b
24.0,24.0,913,train,635.0498951394693,1.0,1.0,"(1, 2)",650a2466738bb786a6c7849b
24.0,24.0,914,train,635.0498951394693,1.0,1.0,"(1, 2)",650a2466738bb786a6c7849b
24.0,24.0,915,train,635.0498951394693,1.0,1.0,"(1, 2)",650a2466738bb786a6c7849b
24.0,24.0,916,train,635.0498951394693,1.0,1.0,"(1, 2)",650a2466738bb786a6c7849b
24.0,24.0,917,train,635.0498951394693,1.0,1.0,"(1, 2)",650a2466738bb786a6c7849b
24.0,24.0,918,train,635.0498951394693,1.0,1.0,"(1, 2)",650a2466738bb786a6c7849b
24.0,24.0,919,train,635.0498951394693,1.0,1.0,"(1, 2)",650a2466738bb786a6c7849b
24.0,24.0,920,train,635.0498951394693,1.0,1.0,"(1, 2)",650a2466738bb786a6c7849b
24.0,24.0,921,train,635.0498951394693,1.0,1.0,"(1, 2)",650a2466738bb786a6c7849b
24.0,24.0,922,train,635.0498951394693,1.0,1.0,"(1, 2)",650a2466738bb786a6c7849b
24.0,24.0,923,train,635.0498951394693,1.0,1.0,"(1, 2)",650a2466738bb786a6c7849b
25.24999999999993,24.0,924,train,636.2998951394692,1.0,1.0,"(1, 2)",650a2466738bb786a6c7849b
26.499999999999858,24.0,925,train,637.5498951394691,1.0,1.0,"(1, 2)",650a2466738bb786a6c7849b
27.749999999999787,24.0,926,train,638.799895139469,1.0,1.0,"(1, 2)",650a2466738bb786a6c7849b
28.999999999999716,24.0,927,train,640.0498951394688,1.0,1.0,"(1, 2)",650a2466738bb786a6c7849b
30.249999999999645,24.0,928,train,641.2998951394687,1.0,1.0,"(1, 2)",650a2466738bb786a6c7849b
31.499999999999574,24.0,929,train,642.5498951394686,1.0,1.0,"(1, 2)",650a2466738bb786a6c7849b
32.749999999999716,24.0,930,train,643.7998951394687,1.0,1.0,"(1, 2)",650a2466738bb786a6c7849b
34.0,24.0,931,train,645.0498951394691,1.0,1.0,"(1, 2)",650a2466738bb786a6c7849b
35.250000000000284,24.0,932,train,646.2998951394693,1.0,1.0,"(1, 2)",650a2466738bb786a6c7849b
36.50000000000057,24.0,933,train,647.5498951394695,1.0,1.0,"(1, 2)",650a2466738bb786a6c7849b
37.75000000000085,24.0,934,train,648.7998951394698,1.0,1.0,"(1, 2)",650a2466738bb786a6c7849b
39.00000000000114,24.0,935,train,650.04989513947,1.0,1.0,"(1, 2)",650a2466738bb786a6c7849b
40.25000000000142,24.0,936,train,651.2998951394702,1.0,1.0,"(1, 2)",650a2466738bb786a6c7849b
41.500000000001705,24.0,937,train,652.5498951394704,1.0,1.0,"(1, 2)",650a2466738bb786a6c7849b
42.75000000000199,24.0,938,train,653.7998951394707,1.0,1.0,"(1, 2)",650a2466738bb786a6c7849b
44.000000000002274,24.0,939,train,655.0498951394709,1.0,1.0,"(1, 2)",650a2466738bb786a6c7849b
45.25000000000256,24.0,940,train,656.2998951394711,1.0,1.0,"(1, 2)",650a2466738bb786a6c7849b
46.50000000000284,24.0,941,train,657.5498951394713,1.0,1.0,"(1, 2)",650a2466738bb786a6c7849b
47.750000000003126,24.0,942,train,658.7998951394716,1.0,1.0,"(1, 2)",650a2466738bb786a6c7849b
49.00000000000341,24.0,943,train,660.0498951394718,1.0,1.0,"(1, 2)",650a2466738bb786a6c7849b
50.250000000003695,24.0,944,train,661.299895139472,1.0,1.0,"(1, 2)",650a2466738bb786a6c7849b
51.50000000000398,24.0,945,train,662.5498951394723,1.0,1.0,"(1, 2)",650a2466738bb786a6c7849b
52.75000000000426,24.0,946,train,663.7998951394725,1.0,1.0,"(1, 2)",650a2466738bb786a6c7849b
54.00000000000455,24.0,947,train,665.0498951394727,1.0,1.0,"(1, 2)",650a2466738bb786a6c7849b
55.25000000000483,24.0,948,train,666.2998951394729,1.0,1.0,"(1, 2)",650a2466738bb786a6c7849b
56.500000000005116,24.0,949,train,667.5498951394732,1.0,1.0,"(1, 2)",650a2466738bb786a6c7849b
57.7500000000054,24.0,950,train,668.7998951394734,1.0,1.0,"(1, 2)",650a2466738bb786a6c7849b
59.000000000005684,24.0,951,train,670.0498951394736,1.0,1.0,"(1, 2)",650a2466738bb786a6c7849b
60.25000000000597,24.0,952,train,671.2998951394738,1.0,1.0,"(1, 2)",650a2466738bb786a6c7849b
61.50000000000625,24.0,953,train,672.5498951394741,1.0,1.0,"(1, 2)",650a2466738bb786a6c7849b
62.75000000000654,24.0,954,train,673.7998951394743,1.0,1.0,"(1, 2)",650a2466738bb786a6c7849b
64.00000000000682,24.0,955,train,675.0498951394745,1.0,1.0,"(1, 2)",650a2466738bb786a6c7849b
65.2500000000071,24.0,956,train,676.2998951394748,1.0,1.0,"(1, 2)",650a2466738bb786a6c7849b
66.50000000000739,24.0,957,train,677.549895139475,1.0,1.0,"(1, 2)",650a2466738bb786a6c7849b
67.75000000000767,24.0,958,train,678.7998951394752,1.0,1.0,"(1, 2)",650a2466738bb786a6c7849b
69.00000000000796,24.0,959,train,680.0498951394754,1.0,1.0,"(1, 2)",650a2466738bb786a6c7849b
70.25000000000824,24.0,960,train,681.2998951394757,1.0,1.0,"(1, 2)",650a2466738bb786a6c7849b
71.50000000000853,24.0,961,train,682.5498951394759,1.0,1.0,"(1, 2)",650a2466738bb786a6c7849b
72.47591077356765,24.66756619610841,962,train,683.7322852883419,1.0,1.0,"(1, 2)",650a2466738bb786a6c7849b
73.3652670545664,25.54594276993511,963,train,684.9822852883417,1.0,1.0,"(1, 2)",650a2466738bb786a6c7849b
74.25462333556516,26.42431934376161,964,train,686.2322852883414,1.0,1.0,"(1, 2)",650a2466738bb786a6c7849b
75.14397961656391,27.30269591758811,965,train,687.482285288341,1.0,1.0,"(1, 2)",650a2466738bb786a6c7849b
76.03333589756267,28.18107249141461,966,train,688.7322852883407,1.0,1.0,"(1, 2)",650a2466738bb786a6c7849b
76.92269217856142,29.05944906524111,967,train,689.9822852883403,1.0,1.0,"(1, 2)",650a2466738bb786a6c7849b
77.81204845956017,29.93782563906761,968,train,691.23228528834,1.0,1.0,"(1, 2)",650a2466738bb786a6c7849b
78.70140474055893,30.81620221289411,969,train,692.4822852883397,1.0,1.0,"(1, 2)",650a2466738bb786a6c7849b
79.59076102155768,31.694578786720612,970,train,693.7322852883393,1.0,1.0,"(1, 2)",650a2466738bb786a6c7849b
80.48011730255644,32.57295536054711,971,train,694.982285288339,1.0,1.0,"(1, 2)",650a2466738bb786a6c7849b
81.36947358355519,33.45133193437361,972,train,696.2322852883386,1.0,1.0,"(1, 2)",650a2466738bb786a6c7849b
82.25882986455395,34.32970850820011,973,train,697.4822852883383,1.0,1.0,"(1, 2)",650a2466738bb786a6c7849b
83.1481861455527,35.208085082026614,974,train,698.732285288338,1.0,1.0,"(1, 2)",650a2466738bb786a6c7849b
84.03754242655145,36.086461655853114,975,train,699.9822852883376,1.0,1.0,"(1, 2)",650a2466738bb786a6c7849b
84.92689870755021,36.964838229679614,976,train,701.2322852883373,1.0,1.0,"(1, 2)",650a2466738bb786a6c7849b
85.81625498854908,37.843214803506115,977,train,702.482285288337,1.0,1.0,"(1, 2)",650a2466738bb786a6c7849b
86.70561126954875,38.721591377332615,978,train,703.7322852883374,1.0,1.0,"(1, 2)",650a2466738bb786a6c7849b
87.59496755054845,39.599967951159115,979,train,704.9822852883377,1.0,1.0,"(1, 2)",650a2466738bb786a6c7849b
88.0,40.0,980,train,705.5515628350656,1.0,1.0,"(1, 2)",650a2466738bb786a6c7849b
88.0,40.0,981,train,705.5515628350656,1.0,1.0,"(1, 2)",650a2466738bb786a6c7849b
88.0,40.0,982,train,705.5515628350656,1.0,1.0,"(1, 2)",650a2466738bb786a6c7849b
88.0,40.0,983,train,705.5515628350656,1.0,1.0,"(1, 2)",650a2466738bb786a6c7849b
88.0,40.0,984,train,705.5515628350656,1.0,1.0,"(1, 2)",650a2466738bb786a6c7849b
88.0,40.0,985,train,705.5515628350656,1.0,1.0,"(1, 2)",650a2466738bb786a6c7849b
88.0,40.0,986,train,705.5515628350656,1.0,1.0,"(1, 2)",650a2466738bb786a6c7849b
88.0,40.0,987,train,705.5515628350656,1.0,1.0,"(1, 2)",650a2466738bb786a6c7849b
88.0,40.0,988,train,705.5515628350656,1.0,1.0,"(1, 2)",650a2466738bb786a6c7849b
88.0,40.0,989,train,705.5515628350656,1.0,1.0,"(1, 2)",650a2466738bb786a6c7849b
88.0,40.0,990,train,705.5515628350656,1.0,1.0,"(1, 2)",650a2466738bb786a6c7849b
88.0,40.0,991,train,705.5515628350656,1.0,1.0,"(1, 2)",650a2466738bb786a6c7849b
88.0,40.0,992,train,705.5515628350656,1.0,1.0,"(1, 2)",650a2466738bb786a6c7849b
88.0,40.0,993,train,705.5515628350656,1.0,1.0,"(1, 2)",650a2466738bb786a6c7849b
88.0,40.0,994,train,705.5515628350656,1.0,1.0,"(1, 2)",650a2466738bb786a6c7849b
88.0,40.0,995,train,705.5515628350656,1.0,1.0,"(1, 2)",650a2466738bb786a6c7849b
88.0,40.0,996,train,705.5515628350656,1.0,1.0,"(1, 2)",650a2466738bb786a6c7849b
88.0,40.0,997,train,705.5515628350656,1.0,1.0,"(1, 2)",650a2466738bb786a6c7849b
88.0,40.0,998,train,705.5515628350656,1.0,1.0,"(1, 2)",650a2466738bb786a6c7849b
88.0,40.0,999,train,705.5515628350656,1.0,1.0,"(1, 2)",650a2466738bb786a6c7849b
88.0,40.0,1000,train,705.5515628350656,1.0,1.0,"(1, 2)",650a2466738bb786a6c7849b
88.0,40.0,1001,train,705.5515628350656,1.0,1.0,"(1, 2)",650a2466738bb786a6c7849b
88.0,40.0,1002,train,705.5515628350656,1.0,1.0,"(1, 2)",650a2466738bb786a6c7849b
88.0,40.0,1003,train,705.5515628350656,1.0,1.0,"(1, 2)",650a2466738bb786a6c7849b
88.0,40.0,1004,train,705.5515628350656,1.0,1.0,"(1, 2)",650a2466738bb786a6c7849b
88.0,40.0,1005,train,705.5515628350656,1.0,1.0,"(1, 2)",650a2466738bb786a6c7849b
88.0,40.0,1006,train,705.5515628350656,1.0,1.0,"(1, 2)",650a2466738bb786a6c7849b
88.0,40.0,1007,train,705.5515628350656,1.0,1.0,"(1, 2)",650a2466738bb786a6c7849b
88.0,40.0,1008,train,705.5515628350656,1.0,1.0,"(1, 2)",650a2466738bb786a6c7849b
88.0,40.0,1009,train,705.5515628350656,1.0,1.0,"(1, 2)",650a2466738bb786a6c7849b
88.0,40.0,1010,train,705.5515628350656,1.0,1.0,"(1, 2)",650a2466738bb786a6c7849b
88.0,40.0,1011,train,705.5515628350656,1.0,1.0,"(1, 2)",650a2466738bb786a6c7849b
88.0,40.0,1012,train,705.5515628350656,1.0,1.0,"(1, 2)",650a2466738bb786a6c7849b
88.0,40.0,1013,train,705.5515628350656,1.0,1.0,"(1, 2)",650a2466738bb786a6c7849b
88.0,40.0,1014,train,705.5515628350656,1.0,1.0,"(1, 2)",650a2466738bb786a6c7849b
88.0,40.0,1015,train,705.5515628350656,1.0,1.0,"(1, 2)",650a2466738bb786a6c7849b
88.0,40.0,1016,train,705.5515628350656,1.0,1.0,"(1, 2)",650a2466738bb786a6c7849b
88.0,40.0,1017,train,705.5515628350656,1.0,1.0,"(1, 2)",650a2466738bb786a6c7849b
88.0,40.0,1018,train,705.5515628350656,1.0,1.0,"(1, 2)",650a2466738bb786a6c7849b
88.0,40.0,1019,train,705.5515628350656,1.0,1.0,"(1, 2)",650a2466738bb786a6c7849b
88.0,40.0,1020,train,705.5515628350656,1.0,1.0,"(1, 2)",650a2466738bb786a6c7849b
88.0,40.0,1021,train,705.5515628350656,1.0,1.0,"(1, 2)",650a2466738bb786a6c7849b
88.0,40.0,1022,train,705.5515628350656,1.0,1.0,"(1, 2)",650a2466738bb786a6c7849b
88.0,40.0,1023,train,705.5515628350656,1.0,1.0,"(1, 2)",650a2466738bb786a6c7849b
88.0,40.0,1024,train,705.5515628350656,1.0,1.0,"(1, 2)",650a2466738bb786a6c7849b
88.0,40.0,1025,train,705.5515628350656,1.0,1.0,"(1, 2)",650a2466738bb786a6c7849b
88.0,40.0,1026,train,705.5515628350656,1.0,1.0,"(1, 2)",650a2466738bb786a6c7849b
88.0,40.0,1027,train,705.5515628350656,1.0,1.0,"(1, 2)",650a2466738bb786a6c7849b
88.0,40.0,1028,train,705.5515628350656,1.0,1.0,"(1, 2)",650a2466738bb786a6c7849b
88.0,40.0,1029,train,705.5515628350656,1.0,1.0,"(1, 2)",650a2466738bb786a6c7849b
88.0,40.0,1030,train,705.5515628350656,1.0,1.0,"(1, 2)",650a2466738bb786a6c7849b
88.0,40.0,1031,train,705.5515628350656,1.0,1.0,"(1, 2)",650a2466738bb786a6c7849b
88.0,40.0,1032,train,705.5515628350656,1.0,1.0,"(1, 2)",650a2466738bb786a6c7849b
88.0,40.0,1033,train,705.5515628350656,1.0,1.0,"(1, 2)",650a2466738bb786a6c7849b
88.0,40.0,1034,train,705.5515628350656,1.0,1.0,"(1, 2)",650a2466738bb786a6c7849b
88.0,40.0,1035,train,705.5515628350656,1.0,1.0,"(1, 2)",650a2466738bb786a6c7849b
88.0,40.0,1036,train,705.5515628350656,1.0,1.0,"(1, 2)",650a2466738bb786a6c7849b
88.0,40.0,1037,train,705.5515628350656,1.0,1.0,"(1, 2)",650a2466738bb786a6c7849b
88.0,40.0,1038,train,705.5515628350656,1.0,1.0,"(1, 2)",650a2466738bb786a6c7849b
88.0,40.0,1039,train,705.5515628350656,1.0,1.0,"(1, 2)",650a2466738bb786a6c7849b
88.0,40.0,1040,train,705.5515628350656,1.0,1.0,"(1, 2)",650a2466738bb786a6c7849b
88.0,40.0,1041,train,705.5515628350656,1.0,1.0,"(1, 2)",650a2466738bb786a6c7849b
88.0,40.0,1042,train,705.5515628350656,1.0,1.0,"(1, 2)",650a2466738bb786a6c7849b
88.0,40.0,1043,train,705.5515628350656,1.0,1.0,"(1, 2)",650a2466738bb786a6c7849b
88.0,40.0,1044,train,705.5515628350656,1.0,1.0,"(1, 2)",650a2466738bb786a6c7849b
88.0,40.0,1045,train,705.5515628350656,1.0,1.0,"(1, 2)",650a2466738bb786a6c7849b
88.0,40.0,1046,train,705.5515628350656,1.0,1.0,"(1, 2)",650a2466738bb786a6c7849b
88.0,40.0,1047,train,705.5515628350656,1.0,1.0,"(1, 2)",650a2466738bb786a6c7849b
88.0,40.0,1048,train,705.5515628350656,1.0,1.0,"(1, 2)",650a2466738bb786a6c7849b
88.0,40.0,1049,train,705.5515628350656,1.0,1.0,"(1, 2)",650a2466738bb786a6c7849b
88.0,40.0,1050,train,705.5515628350656,1.0,1.0,"(1, 2)",650a2466738bb786a6c7849b
88.0,40.0,1051,train,705.5515628350656,1.0,1.0,"(1, 2)",650a2466738bb786a6c7849b
88.0,40.0,1052,train,705.5515628350656,1.0,1.0,"(1, 2)",650a2466738bb786a6c7849b
88.0,40.0,1053,train,705.5515628350656,1.0,1.0,"(1, 2)",650a2466738bb786a6c7849b
88.0,40.0,1054,train,705.5515628350656,1.0,1.0,"(1, 2)",650a2466738bb786a6c7849b
88.0,40.0,1055,train,705.5515628350656,1.0,1.0,"(1, 2)",650a2466738bb786a6c7849b
88.0,40.0,1056,train,705.5515628350656,1.0,1.0,"(1, 2)",650a2466738bb786a6c7849b
89.25000000000028,40.0,1057,train,706.8015628350659,1.0,1.0,"(1, 2)",650a2466738bb786a6c7849b
90.50000000000057,40.0,1058,train,708.0515628350661,1.0,1.0,"(1, 2)",650a2466738bb786a6c7849b
91.75000000000085,40.0,1059,train,709.3015628350663,1.0,1.0,"(1, 2)",650a2466738bb786a6c7849b
93.00000000000114,40.0,1060,train,710.5515628350665,1.0,1.0,"(1, 2)",650a2466738bb786a6c7849b
94.25000000000142,40.0,1061,train,711.8015628350668,1.0,1.0,"(1, 2)",650a2466738bb786a6c7849b
95.5000000000017,40.0,1062,train,713.051562835067,1.0,1.0,"(1, 2)",650a2466738bb786a6c7849b
96.75000000000199,40.0,1063,train,714.3015628350672,1.0,1.0,"(1, 2)",650a2466738bb786a6c7849b
98.00000000000227,40.0,1064,train,715.5515628350674,1.0,1.0,"(1, 2)",650a2466738bb786a6c7849b
99.25000000000256,40.0,1065,train,716.8015628350677,1.0,1.0,"(1, 2)",650a2466738bb786a6c7849b
100.50000000000284,40.0,1066,train,718.0515628350679,1.0,1.0,"(1, 2)",650a2466738bb786a6c7849b
101.75000000000313,40.0,1067,train,719.3015628350681,1.0,1.0,"(1, 2)",650a2466738bb786a6c7849b
103.00000000000341,40.0,1068,train,720.5515628350684,1.0,1.0,"(1, 2)",650a2466738bb786a6c7849b
104.0,40.0,1069,train,721.5515628350649,1.0,1.0,"(1, 2)",650a2466738bb786a6c7849b
104.0,40.0,1070,train,721.5515628350649,1.0,1.0,"(1, 2)",650a2466738bb786a6c7849b
104.0,40.0,1071,train,721.5515628350649,1.0,1.0,"(1, 2)",650a2466738bb786a6c7849b
104.0,40.0,1072,train,721.5515628350649,1.0,1.0,"(1, 2)",650a2466738bb786a6c7849b
104.0,40.0,1073,train,721.5515628350649,1.0,1.0,"(1, 2)",650a2466738bb786a6c7849b
104.0,40.0,1074,train,721.5515628350649,1.0,1.0,"(1, 2)",650a2466738bb786a6c7849b
104.0,40.0,1075,train,721.5515628350649,1.0,1.0,"(1, 2)",650a2466738bb786a6c7849b
104.0,40.0,1076,train,721.5515628350649,1.0,1.0,"(1, 2)",650a2466738bb786a6c7849b
104.0,40.0,1077,train,721.5515628350649,1.0,1.0,"(1, 2)",650a2466738bb786a6c7849b
104.0,40.0,1078,train,721.5515628350649,1.0,1.0,"(1, 2)",650a2466738bb786a6c7849b
104.0,40.0,1079,train,721.5515628350649,1.0,1.0,"(1, 2)",650a2466738bb786a6c7849b
104.0,40.0,1080,train,721.5515628350649,1.0,1.0,"(1, 2)",650a2466738bb786a6c7849b
104.0,40.0,1081,train,721.5515628350649,1.0,1.0,"(1, 2)",650a2466738bb786a6c7849b
104.0,40.0,1082,train,721.5515628350649,1.0,1.0,"(1, 2)",650a2466738bb786a6c7849b
104.0,40.0,1083,train,721.5515628350649,1.0,1.0,"(1, 2)",650a2466738bb786a6c7849b
104.0,40.0,1084,train,721.5515628350649,1.0,1.0,"(1, 2)",650a2466738bb786a6c7849b
104.0,40.0,1085,train,721.5515628350649,1.0,1.0,"(1, 2)",650a2466738bb786a6c7849b
105.25000000000028,40.0,1086,train,722.8015628350652,1.0,1.0,"(1, 2)",650a2466738bb786a6c7849b
106.50000000000057,40.0,1087,train,724.0515628350654,1.0,1.0,"(1, 2)",650a2466738bb786a6c7849b
107.75000000000085,40.0,1088,train,725.3015628350656,1.0,1.0,"(1, 2)",650a2466738bb786a6c7849b
109.00000000000114,40.0,1089,train,726.5515628350659,1.0,1.0,"(1, 2)",650a2466738bb786a6c7849b
110.25000000000142,40.0,1090,train,727.8015628350661,1.0,1.0,"(1, 2)",650a2466738bb786a6c7849b
111.5000000000017,40.0,1091,train,729.0515628350663,1.0,1.0,"(1, 2)",650a2466738bb786a6c7849b
112.75000000000199,40.0,1092,train,730.3015628350665,1.0,1.0,"(1, 2)",650a2466738bb786a6c7849b
114.00000000000227,40.0,1093,train,731.5515628350668,1.0,1.0,"(1, 2)",650a2466738bb786a6c7849b
115.25000000000256,40.0,1094,train,732.801562835067,1.0,1.0,"(1, 2)",650a2466738bb786a6c7849b
116.50000000000284,40.0,1095,train,734.0515628350672,1.0,1.0,"(1, 2)",650a2466738bb786a6c7849b
117.75000000000313,40.0,1096,train,735.3015628350674,1.0,1.0,"(1, 2)",650a2466738bb786a6c7849b
119.00000000000341,40.0,1097,train,736.5515628350677,1.0,1.0,"(1, 2)",650a2466738bb786a6c7849b
120.0,40.0,1098,train,737.5515628350643,1.0,1.0,"(1, 2)",650a2466738bb786a6c7849b
120.0,40.0,1099,train,737.5515628350643,1.0,1.0,"(1, 2)",650a2466738bb786a6c7849b
120.0,40.0,1100,train,737.5515628350643,1.0,1.0,"(1, 2)",650a2466738bb786a6c7849b
120.0,40.0,1101,train,737.5515628350643,1.0,1.0,"(1, 2)",650a2466738bb786a6c7849b
120.0,40.0,1102,train,737.5515628350643,1.0,1.0,"(1, 2)",650a2466738bb786a6c7849b
120.0,40.0,1103,train,737.5515628350643,1.0,1.0,"(1, 2)",650a2466738bb786a6c7849b
120.0,40.0,1104,train,737.5515628350643,1.0,1.0,"(1, 2)",650a2466738bb786a6c7849b
120.0,40.0,1105,train,737.5515628350643,1.0,1.0,"(1, 2)",650a2466738bb786a6c7849b
120.0,40.0,1106,train,737.5515628350643,1.0,1.0,"(1, 2)",650a2466738bb786a6c7849b
120.0,40.0,1107,train,737.5515628350643,1.0,1.0,"(1, 2)",650a2466738bb786a6c7849b
120.0,40.0,1108,train,737.5515628350643,1.0,1.0,"(1, 2)",650a2466738bb786a6c7849b
120.0,40.0,1109,train,737.5515628350643,1.0,1.0,"(1, 2)",650a2466738bb786a6c7849b
120.0,40.0,1110,train,737.5515628350643,1.0,1.0,"(1, 2)",650a2466738bb786a6c7849b
120.0,40.0,1111,train,737.5515628350643,1.0,1.0,"(1, 2)",650a2466738bb786a6c7849b
120.0,40.0,1112,train,737.5515628350643,1.0,1.0,"(1, 2)",650a2466738bb786a6c7849b
120.0,40.0,1113,train,737.5515628350643,1.0,1.0,"(1, 2)",650a2466738bb786a6c7849b
121.25000000000028,40.0,1114,train,738.8015628350645,1.0,1.0,"(1, 2)",650a2466738bb786a6c7849b
122.50000000000057,40.0,1115,train,740.0515628350647,1.0,1.0,"(1, 2)",650a2466738bb786a6c7849b
123.75000000000085,40.0,1116,train,741.3015628350649,1.0,1.0,"(1, 2)",650a2466738bb786a6c7849b
125.00000000000114,40.0,1117,train,742.5515628350652,1.0,1.0,"(1, 2)",650a2466738bb786a6c7849b
126.25000000000142,40.0,1118,train,743.8015628350654,1.0,1.0,"(1, 2)",650a2466738bb786a6c7849b
127.5000000000017,40.0,1119,train,745.0515628350656,1.0,1.0,"(1, 2)",650a2466738bb786a6c7849b
128.75000000000114,40.0,1120,train,746.301562835065,1.0,1.0,"(1, 2)",650a2466738bb786a6c7849b
130.0,40.0,1121,train,747.5515628350639,1.0,1.0,"(1, 2)",650a2466738bb786a6c7849b
131.24999999999886,40.0,1122,train,748.8015628350628,1.0,1.0,"(1, 2)",650a2466738bb786a6c7849b
132.49999999999773,40.0,1123,train,750.0515628350616,1.0,1.0,"(1, 2)",650a2466738bb786a6c7849b
133.7499999999966,40.0,1124,train,751.3015628350605,1.0,1.0,"(1, 2)",650a2466738bb786a6c7849b
134.99999999999545,40.0,1125,train,752.5515628350594,1.0,1.0,"(1, 2)",650a2466738bb786a6c7849b
136.0,40.0,1126,train,753.5515628350639,1.0,1.0,"(1, 2)",650a2466738bb786a6c7849b
136.0,40.0,1127,train,753.5515628350639,1.0,1.0,"(1, 2)",650a2466738bb786a6c7849b
136.0,40.0,1128,train,753.5515628350639,1.0,1.0,"(1, 2)",650a2466738bb786a6c7849b
136.0,40.0,1129,train,753.5515628350639,1.0,1.0,"(1, 2)",650a2466738bb786a6c7849b
136.0,40.0,1130,train,753.5515628350639,1.0,1.0,"(1, 2)",650a2466738bb786a6c7849b
136.0,40.0,1131,train,753.5515628350639,1.0,1.0,"(1, 2)",650a2466738bb786a6c7849b
136.0,40.0,1132,train,753.5515628350639,1.0,1.0,"(1, 2)",650a2466738bb786a6c7849b
136.0,40.0,1133,train,753.5515628350639,1.0,1.0,"(1, 2)",650a2466738bb786a6c7849b
136.0,40.0,1134,train,753.5515628350639,1.0,1.0,"(1, 2)",650a2466738bb786a6c7849b
136.0,40.0,1135,train,753.5515628350639,1.0,1.0,"(1, 2)",650a2466738bb786a6c7849b
136.0,40.0,1136,train,753.5515628350639,1.0,1.0,"(1, 2)",650a2466738bb786a6c7849b
136.0,40.0,1137,train,753.5515628350639,1.0,1.0,"(1, 2)",650a2466738bb786a6c7849b
136.0,40.0,1138,train,753.5515628350639,1.0,1.0,"(1, 2)",650a2466738bb786a6c7849b
136.0,40.0,1139,train,753.5515628350639,1.0,1.0,"(1, 2)",650a2466738bb786a6c7849b
136.0,40.0,1140,train,753.5515628350639,1.0,1.0,"(1, 2)",650a2466738bb786a6c7849b
136.0,40.0,1141,train,753.5515628350639,1.0,1.0,"(1, 2)",650a2466738bb786a6c7849b
136.0,40.0,1142,train,753.5515628350639,1.0,1.0,"(1, 2)",650a2466738bb786a6c7849b
136.0,40.0,1143,train,753.5515628350639,1.0,1.0,"(1, 2)",650a2466738bb786a6c7849b
136.0,40.0,1144,train,753.5515628350639,1.0,1.0,"(1, 2)",650a2466738bb786a6c7849b
136.0,40.0,1145,train,753.5515628350639,1.0,1.0,"(1, 2)",650a2466738bb786a6c7849b
136.0,40.0,1146,train,753.5515628350639,1.0,1.0,"(1, 2)",650a2466738bb786a6c7849b
136.0,40.0,1147,train,753.5515628350639,1.0,1.0,"(1, 2)",650a2466738bb786a6c7849b
136.0,40.0,1148,train,753.5515628350639,1.0,1.0,"(1, 2)",650a2466738bb786a6c7849b
136.0,40.0,1149,train,753.5515628350639,1.0,1.0,"(1, 2)",650a2466738bb786a6c7849b
136.0,40.0,1150,train,753.5515628350639,1.0,1.0,"(1, 2)",650a2466738bb786a6c7849b
136.0,40.0,1151,train,753.5515628350639,1.0,1.0,"(1, 2)",650a2466738bb786a6c7849b
136.0,40.0,1152,train,753.5515628350639,1.0,1.0,"(1, 2)",650a2466738bb786a6c7849b
136.0,40.0,1153,train,753.5515628350639,1.0,1.0,"(1, 2)",650a2466738bb786a6c7849b
136.0,40.0,1154,train,753.5515628350639,1.0,1.0,"(1, 2)",650a2466738bb786a6c7849b
136.0,40.0,1155,train,753.5515628350639,1.0,1.0,"(1, 2)",650a2466738bb786a6c7849b
136.0,40.0,1156,train,753.5515628350639,1.0,1.0,"(1, 2)",650a2466738bb786a6c7849b
136.0,40.0,1157,train,753.5515628350639,1.0,1.0,"(1, 2)",650a2466738bb786a6c7849b
136.0,40.0,1158,train,753.5515628350639,1.0,1.0,"(1, 2)",650a2466738bb786a6c7849b
136.0,40.0,1159,train,753.5515628350639,1.0,1.0,"(1, 2)",650a2466738bb786a6c7849b
136.0,40.0,1160,train,753.5515628350639,1.0,1.0,"(1, 2)",650a2466738bb786a6c7849b
136.0,40.0,1161,train,753.5515628350639,1.0,1.0,"(1, 2)",650a2466738bb786a6c7849b
136.0,40.0,1162,train,753.5515628350639,1.0,1.0,"(1, 2)",650a2466738bb786a6c7849b
136.0,40.0,1163,train,753.5515628350639,1.0,1.0,"(1, 2)",650a2466738bb786a6c7849b
136.0,40.0,1164,train,753.5515628350639,1.0,1.0,"(1, 2)",650a2466738bb786a6c7849b
136.0,40.0,1165,train,753.5515628350639,1.0,1.0,"(1, 2)",650a2466738bb786a6c7849b
136.0,40.0,1166,train,753.5515628350639,1.0,1.0,"(1, 2)",650a2466738bb786a6c7849b
136.0,40.0,1167,train,753.5515628350639,1.0,1.0,"(1, 2)",650a2466738bb786a6c7849b
136.0,40.0,1168,train,753.5515628350639,1.0,1.0,"(1, 2)",650a2466738bb786a6c7849b
136.0,40.0,1169,train,753.5515628350639,1.0,1.0,"(1, 2)",650a2466738bb786a6c7849b
136.0,40.0,1170,train,753.5515628350639,1.0,1.0,"(1, 2)",650a2466738bb786a6c7849b
136.0,40.0,1171,train,753.5515628350639,1.0,1.0,"(1, 2)",650a2466738bb786a6c7849b
136.0,40.0,1172,train,753.5515628350639,1.0,1.0,"(1, 2)",650a2466738bb786a6c7849b
136.0,40.0,1173,train,753.5515628350639,1.0,1.0,"(1, 2)",650a2466738bb786a6c7849b
136.0,40.0,1174,train,753.5515628350639,1.0,1.0,"(1, 2)",650a2466738bb786a6c7849b
136.0,40.0,1175,train,753.5515628350639,1.0,1.0,"(1, 2)",650a2466738bb786a6c7849b
136.0,40.0,1176,train,753.5515628350639,1.0,1.0,"(1, 2)",650a2466738bb786a6c7849b
136.0,40.0,1177,train,753.5515628350639,1.0,1.0,"(1, 2)",650a2466738bb786a6c7849b
136.0,40.0,1178,train,753.5515628350639,1.0,1.0,"(1, 2)",650a2466738bb786a6c7849b
136.0,40.0,1179,train,753.5515628350639,1.0,1.0,"(1, 2)",650a2466738bb786a6c7849b
134.75000000000114,40.0,1180,train,754.8015628350628,1.0,1.0,"(1, 2)",650a2466738bb786a6c7849b
133.50000000000227,40.0,1181,train,756.0515628350616,1.0,1.0,"(1, 2)",650a2466738bb786a6c7849b
132.2500000000034,40.0,1182,train,757.3015628350605,1.0,1.0,"(1, 2)",650a2466738bb786a6c7849b
131.00000000000455,40.0,1183,train,758.5515628350594,1.0,1.0,"(1, 2)",650a2466738bb786a6c7849b
129.75000000000568,40.0,1184,train,759.8015628350582,1.0,1.0,"(1, 2)",650a2466738bb786a6c7849b
128.50000000000682,40.0,1185,train,761.0515628350571,1.0,1.0,"(1, 2)",650a2466738bb786a6c7849b
127.2500000000071,40.0,1186,train,762.3015628350568,1.0,1.0,"(1, 2)",650a2466738bb786a6c7849b
126.00000000000682,40.0,1187,train,763.551562835057,1.0,1.0,"(1, 2)",650a2466738bb786a6c7849b
124.75000000000654,40.0,1188,train,764.8015628350572,1.0,1.0,"(1, 2)",650a2466738bb786a6c7849b
123.50000000000625,40.0,1189,train,766.0515628350574,1.0,1.0,"(1, 2)",650a2466738bb786a6c7849b
122.25000000000597,40.0,1190,train,767.3015628350577,1.0,1.0,"(1, 2)",650a2466738bb786a6c7849b
121.00000000000568,40.0,1191,train,768.5515628350579,1.0,1.0,"(1, 2)",650a2466738bb786a6c7849b
119.7500000000054,40.0,1192,train,769.8015628350581,1.0,1.0,"(1, 2)",650a2466738bb786a6c7849b
118.50000000000512,40.0,1193,train,771.0515628350583,1.0,1.0,"(1, 2)",650a2466738bb786a6c7849b
117.25000000000483,40.0,1194,train,772.3015628350586,1.0,1.0,"(1, 2)",650a2466738bb786a6c7849b
116.00000000000455,40.0,1195,train,773.5515628350588,1.0,1.0,"(1, 2)",650a2466738bb786a6c7849b
114.75000000000426,40.0,1196,train,774.801562835059,1.0,1.0,"(1, 2)",650a2466738bb786a6c7849b
113.50000000000398,40.0,1197,train,776.0515628350593,1.0,1.0,"(1, 2)",650a2466738bb786a6c7849b
112.2500000000037,40.0,1198,train,777.3015628350595,1.0,1.0,"(1, 2)",650a2466738bb786a6c7849b
111.00000000000341,40.0,1199,train,778.5515628350597,1.0,1.0,"(1, 2)",650a2466738bb786a6c7849b
109.75000000000313,40.0,1200,train,779.8015628350599,1.0,1.0,"(1, 2)",650a2466738bb786a6c7849b
108.50000000000284,40.0,1201,train,781.0515628350602,1.0,1.0,"(1, 2)",650a2466738bb786a6c7849b
107.25000000000256,40.0,1202,train,782.3015628350604,1.0,1.0,"(1, 2)",650a2466738bb786a6c7849b
106.00000000000227,40.0,1203,train,783.5515628350606,1.0,1.0,"(1, 2)",650a2466738bb786a6c7849b
104.75000000000199,40.0,1204,train,784.8015628350608,1.0,1.0,"(1, 2)",650a2466738bb786a6c7849b
103.5000000000017,40.0,1205,train,786.0515628350611,1.0,1.0,"(1, 2)",650a2466738bb786a6c7849b
102.25000000000142,40.0,1206,train,787.3015628350613,1.0,1.0,"(1, 2)",650a2466738bb786a6c7849b
101.00000000000114,40.0,1207,train,788.5515628350615,1.0,1.0,"(1, 2)",650a2466738bb786a6c7849b
99.75000000000085,40.0,1208,train,789.8015628350618,1.0,1.0,"(1, 2)",650a2466738bb786a6c7849b
98.50000000000057,40.0,1209,train,791.051562835062,1.0,1.0,"(1, 2)",650a2466738bb786a6c7849b
97.25000000000028,40.0,1210,train,792.3015628350622,1.0,1.0,"(1, 2)",650a2466738bb786a6c7849b
96.0,40.0,1211,train,793.5515628350624,1.0,1.0,"(1, 2)",650a2466738bb786a6c7849b
94.74999999999972,40.0,1212,train,794.8015628350627,1.0,1.0,"(1, 2)",650a2466738bb786a6c7849b
93.49999999999943,40.0,1213,train,796.0515628350629,1.0,1.0,"(1, 2)",650a2466738bb786a6c7849b
92.24999999999915,40.0,1214,train,797.3015628350631,1.0,1.0,"(1, 2)",650a2466738bb786a6c7849b
90.99999999999886,40.0,1215,train,798.5515628350634,1.0,1.0,"(1, 2)",650a2466738bb786a6c7849b
89.74999999999858,40.0,1216,train,799.8015628350636,1.0,1.0,"(1, 2)",650a2466738bb786a6c7849b
88.4999999999983,40.0,1217,train,801.0515628350638,1.0,1.0,"(1, 2)",650a2466738bb786a6c7849b
88.0,40.0,1218,train,801.5515628350621,1.0,1.0,"(1, 2)",650a2466738bb786a6c7849b
88.0,40.0,1219,train,801.5515628350621,1.0,1.0,"(1, 2)",650a2466738bb786a6c7849b
88.0,40.0,1220,train,801.5515628350621,1.0,1.0,"(1, 2)",650a2466738bb786a6c7849b
88.0,40.0,1221,train,801.5515628350621,1.0,1.0,"(1, 2)",650a2466738bb786a6c7849b
88.0,40.0,1222,train,801.5515628350621,1.0,1.0,"(1, 2)",650a2466738bb786a6c7849b
88.0,40.0,1223,train,801.5515628350621,1.0,1.0,"(1, 2)",650a2466738bb786a6c7849b
88.0,40.0,1224,train,801.5515628350621,1.0,1.0,"(1, 2)",650a2466738bb786a6c7849b
88.0,40.0,1225,train,801.5515628350621,1.0,1.0,"(1, 2)",650a2466738bb786a6c7849b
88.0,40.0,1226,train,801.5515628350621,1.0,1.0,"(1, 2)",650a2466738bb786a6c7849b
88.0,40.0,1227,train,801.5515628350621,1.0,1.0,"(1, 2)",650a2466738bb786a6c7849b
88.0,40.0,1228,train,801.5515628350621,1.0,1.0,"(1, 2)",650a2466738bb786a6c7849b
88.0,40.0,1229,train,801.5515628350621,1.0,1.0,"(1, 2)",650a2466738bb786a6c7849b
88.0,40.0,1230,train,801.5515628350621,1.0,1.0,"(1, 2)",650a2466738bb786a6c7849b
88.0,40.0,1231,train,801.5515628350621,1.0,1.0,"(1, 2)",650a2466738bb786a6c7849b
88.0,40.0,1232,train,801.5515628350621,1.0,1.0,"(1, 2)",650a2466738bb786a6c7849b
88.0,40.0,1233,train,801.5515628350621,1.0,1.0,"(1, 2)",650a2466738bb786a6c7849b
88.0,40.0,1234,train,801.5515628350621,1.0,1.0,"(1, 2)",650a2466738bb786a6c7849b
88.0,40.0,1235,train,801.5515628350621,1.0,1.0,"(1, 2)",650a2466738bb786a6c7849b
88.0,40.0,1236,train,801.5515628350621,1.0,1.0,"(1, 2)",650a2466738bb786a6c7849b
88.0,40.0,1237,train,801.5515628350621,1.0,1.0,"(1, 2)",650a2466738bb786a6c7849b
88.0,40.0,1238,train,801.5515628350621,1.0,1.0,"(1, 2)",650a2466738bb786a6c7849b
88.0,40.0,1239,train,801.5515628350621,1.0,1.0,"(1, 2)",650a2466738bb786a6c7849b
88.0,40.0,1240,train,801.5515628350621,1.0,1.0,"(1, 2)",650a2466738bb786a6c7849b
88.0,40.0,1241,train,801.5515628350621,1.0,1.0,"(1, 2)",650a2466738bb786a6c7849b
88.0,40.0,1242,train,801.5515628350621,1.0,1.0,"(1, 2)",650a2466738bb786a6c7849b
88.0,40.0,1243,train,801.5515628350621,1.0,1.0,"(1, 2)",650a2466738bb786a6c7849b
88.0,40.0,1244,train,801.5515628350621,1.0,1.0,"(1, 2)",650a2466738bb786a6c7849b
88.0,40.0,1245,train,801.5515628350621,1.0,1.0,"(1, 2)",650a2466738bb786a6c7849b
88.0,40.0,1246,train,801.5515628350621,1.0,1.0,"(1, 2)",650a2466738bb786a6c7849b
88.0,40.0,1247,train,801.5515628350621,1.0,1.0,"(1, 2)",650a2466738bb786a6c7849b
88.0,40.0,1248,train,801.5515628350621,1.0,1.0,"(1, 2)",650a2466738bb786a6c7849b
88.0,40.0,1249,train,801.5515628350621,1.0,1.0,"(1, 2)",650a2466738bb786a6c7849b
88.0,40.0,1250,train,801.5515628350621,1.0,1.0,"(1, 2)",650a2466738bb786a6c7849b
88.0,40.0,1251,train,801.5515628350621,1.0,1.0,"(1, 2)",650a2466738bb786a6c7849b
88.0,40.0,1252,train,801.5515628350621,1.0,1.0,"(1, 2)",650a2466738bb786a6c7849b
88.0,40.0,1253,train,801.5515628350621,1.0,1.0,"(1, 2)",650a2466738bb786a6c7849b
86.74999999999972,40.0,1254,train,802.8015628350624,1.0,1.0,"(1, 2)",650a2466738bb786a6c7849b
85.49999999999943,40.0,1255,train,804.0515628350627,1.0,1.0,"(1, 2)",650a2466738bb786a6c7849b
84.24999999999915,40.0,1256,train,805.3015628350629,1.0,1.0,"(1, 2)",650a2466738bb786a6c7849b
82.99999999999886,40.0,1257,train,806.5515628350631,1.0,1.0,"(1, 2)",650a2466738bb786a6c7849b
81.74999999999858,40.0,1258,train,807.8015628350634,1.0,1.0,"(1, 2)",650a2466738bb786a6c7849b
80.4999999999983,40.0,1259,train,809.0515628350636,1.0,1.0,"(1, 2)",650a2466738bb786a6c7849b
79.24999999999801,40.0,1260,train,810.3015628350638,1.0,1.0,"(1, 2)",650a2466738bb786a6c7849b
77.99999999999773,40.0,1261,train,811.551562835064,1.0,1.0,"(1, 2)",650a2466738bb786a6c7849b
76.74999999999744,40.0,1262,train,812.8015628350643,1.0,1.0,"(1, 2)",650a2466738bb786a6c7849b
75.49999999999716,40.0,1263,train,814.0515628350645,1.0,1.0,"(1, 2)",650a2466738bb786a6c7849b
74.24999999999687,40.0,1264,train,815.3015628350647,1.0,1.0,"(1, 2)",650a2466738bb786a6c7849b
72.99999999999659,40.0,1265,train,816.5515628350649,1.0,1.0,"(1, 2)",650a2466738bb786a6c7849b
71.87983173883686,40.31621556657754,1266,train,817.7155083741069,1.0,1.0,"(1, 2)",650a2466738bb786a6c7849b
70.9904754578381,41.19459214040404,1267,train,818.9655083741065,1.0,1.0,"(1, 2)",650a2466738bb786a6c7849b
70.10111917683935,42.07296871423054,1268,train,820.2155083741062,1.0,1.0,"(1, 2)",650a2466738bb786a6c7849b
69.2117628958406,42.95134528805704,1269,train,821.4655083741059,1.0,1.0,"(1, 2)",650a2466738bb786a6c7849b
68.32240661484184,43.82972186188354,1270,train,822.7155083741055,1.0,1.0,"(1, 2)",650a2466738bb786a6c7849b
67.43305033384308,44.70809843571004,1271,train,823.9655083741052,1.0,1.0,"(1, 2)",650a2466738bb786a6c7849b
66.54369405284433,45.58647500953654,1272,train,825.2155083741048,1.0,1.0,"(1, 2)",650a2466738bb786a6c7849b
65.65433777184558,46.46485158336304,1273,train,826.4655083741045,1.0,1.0,"(1, 2)",650a2466738bb786a6c7849b
64.76498149084682,47.34322815718954,1274,train,827.7155083741042,1.0,1.0,"(1, 2)",650a2466738bb786a6c7849b
63.87562520984797,48.22160473101604,1275,train,828.9655083741039,1.0,1.0,"(1, 2)",650a2466738bb786a6c7849b
62.9862689288485,49.099981304842544,1276,train,830.215508374104,1.0,1.0,"(1, 2)",650a2466738bb786a6c7849b
62.09691264784904,49.978357878669044,1277,train,831.4655083741042,1.0,1.0,"(1, 2)",650a2466738bb786a6c7849b
61.20755636684957,50.856734452495544,1278,train,832.7155083741043,1.0,1.0,"(1, 2)",650a2466738bb786a6c7849b
60.31820008585011,51.735111026322045,1279,train,833.9655083741044,1.0,1.0,"(1, 2)",650a2466738bb786a6c7849b
59.42884380485064,52.613487600148545,1280,train,835.2155083741045,1.0,1.0,"(1, 2)",650a2466738bb786a6c7849b
58.53948752385118,53.491864173975046,1281,train,836.4655083741046,1.0,1.0,"(1, 2)",650a2466738bb786a6c7849b
57.650131242851714,54.370240747801546,1282,train,837.7155083741047,1.0,1.0,"(1, 2)",650a2466738bb786a6c7849b
56.76077496185225,55.24861732162794,1283,train,838.9655083741048,1.0,1.0,"(1, 2)",650a2466738bb786a6c7849b
56.0,56.0,1284,train,840.0347859208339,1.0,1.0,"(1, 2)",650a2466738bb786a6c7849b
56.0,56.0,1285,train,840.0347859208339,1.0,1.0,"(1, 2)",650a2466738bb786a6c7849b
56.0,56.0,1286,train,840.0347859208339,1.0,1.0,"(1, 2)",650a2466738bb786a6c7849b
56.0,56.0,1287,train,840.0347859208339,1.0,1.0,"(1, 2)",650a2466738bb786a6c7849b
56.0,56.0,1288,train,840.0347859208339,1.0,1.0,"(1, 2)",650a2466738bb786a6c7849b
56.0,56.0,1289,train,840.0347859208339,1.0,1.0,"(1, 2)",650a2466738bb786a6c7849b
56.0,56.0,1290,train,840.0347859208339,1.0,1.0,"(1, 2)",650a2466738bb786a6c7849b
56.0,56.0,1291,train,840.0347859208339,1.0,1.0,"(1, 2)",650a2466738bb786a6c7849b
56.0,56.0,1292,train,840.0347859208339,1.0,1.0,"(1, 2)",650a2466738bb786a6c7849b
56.0,56.0,1293,train,840.0347859208339,1.0,1.0,"(1, 2)",650a2466738bb786a6c7849b
56.0,56.0,1294,train,840.0347859208339,1.0,1.0,"(1, 2)",650a2466738bb786a6c7849b
56.0,56.0,1295,train,840.0347859208339,1.0,1.0,"(1, 2)",650a2466738bb786a6c7849b
56.0,56.0,1296,train,840.0347859208339,1.0,1.0,"(1, 2)",650a2466738bb786a6c7849b
56.0,56.0,1297,train,840.0347859208339,1.0,1.0,"(1, 2)",650a2466738bb786a6c7849b
56.0,56.0,1298,train,840.0347859208339,1.0,1.0,"(1, 2)",650a2466738bb786a6c7849b
56.0,56.0,1299,train,840.0347859208339,1.0,1.0,"(1, 2)",650a2466738bb786a6c7849b
56.0,56.0,1300,train,840.0347859208339,1.0,1.0,"(1, 2)",650a2466738bb786a6c7849b
56.0,56.0,1301,train,840.0347859208339,1.0,1.0,"(1, 2)",650a2466738bb786a6c7849b
56.0,56.0,1302,train,840.0347859208339,1.0,1.0,"(1, 2)",650a2466738bb786a6c7849b
56.0,56.0,1303,train,840.0347859208339,1.0,1.0,"(1, 2)",650a2466738bb786a6c7849b
56.0,56.0,1304,train,840.0347859208339,1.0,1.0,"(1, 2)",650a2466738bb786a6c7849b
56.0,56.0,1305,train,840.0347859208339,1.0,1.0,"(1, 2)",650a2466738bb786a6c7849b
56.0,56.0,1306,train,840.0347859208339,1.0,1.0,"(1, 2)",650a2466738bb786a6c7849b
56.0,56.0,1307,train,840.0347859208339,1.0,1.0,"(1, 2)",650a2466738bb786a6c7849b
56.0,56.0,1308,train,840.0347859208339,1.0,1.0,"(1, 2)",650a2466738bb786a6c7849b
56.0,56.0,1309,train,840.0347859208339,1.0,1.0,"(1, 2)",650a2466738bb786a6c7849b
56.0,56.0,1310,train,840.0347859208339,1.0,1.0,"(1, 2)",650a2466738bb786a6c7849b
56.0,56.0,1311,train,840.0347859208339,1.0,1.0,"(1, 2)",650a2466738bb786a6c7849b
56.0,56.0,1312,train,840.0347859208339,1.0,1.0,"(1, 2)",650a2466738bb786a6c7849b
56.0,56.0,1313,train,840.0347859208339,1.0,1.0,"(1, 2)",650a2466738bb786a6c7849b
56.0,56.0,1314,train,840.0347859208339,1.0,1.0,"(1, 2)",650a2466738bb786a6c7849b
56.0,56.0,1315,train,840.0347859208339,1.0,1.0,"(1, 2)",650a2466738bb786a6c7849b
56.0,56.0,1316,train,840.0347859208339,1.0,1.0,"(1, 2)",650a2466738bb786a6c7849b
56.0,56.0,1317,train,840.0347859208339,1.0,1.0,"(1, 2)",650a2466738bb786a6c7849b
56.0,56.0,1318,train,840.0347859208339,1.0,1.0,"(1, 2)",650a2466738bb786a6c7849b
56.0,56.0,1319,train,840.0347859208339,1.0,1.0,"(1, 2)",650a2466738bb786a6c7849b
56.0,56.0,1320,train,840.0347859208339,1.0,1.0,"(1, 2)",650a2466738bb786a6c7849b
56.0,56.0,1321,train,840.0347859208339,1.0,1.0,"(1, 2)",650a2466738bb786a6c7849b
56.0,56.0,1322,train,840.0347859208339,1.0,1.0,"(1, 2)",650a2466738bb786a6c7849b
56.0,56.0,1323,train,840.0347859208339,1.0,1.0,"(1, 2)",650a2466738bb786a6c7849b
56.0,56.0,1324,train,840.0347859208339,1.0,1.0,"(1, 2)",650a2466738bb786a6c7849b
56.0,56.0,1325,train,840.0347859208339,1.0,1.0,"(1, 2)",650a2466738bb786a6c7849b
56.0,56.0,1326,train,840.0347859208339,1.0,1.0,"(1, 2)",650a2466738bb786a6c7849b
56.0,56.0,1327,train,840.0347859208339,1.0,1.0,"(1, 2)",650a2466738bb786a6c7849b
56.0,56.0,1328,train,840.0347859208339,1.0,1.0,"(1, 2)",650a2466738bb786a6c7849b
56.0,56.0,1329,train,840.0347859208339,1.0,1.0,"(1, 2)",650a2466738bb786a6c7849b
56.0,56.0,1330,train,840.0347859208339,1.0,1.0,"(1, 2)",650a2466738bb786a6c7849b
56.0,56.0,1331,train,840.0347859208339,1.0,1.0,"(1, 2)",650a2466738bb786a6c7849b
56.0,56.0,1332,train,840.0347859208339,1.0,1.0,"(1, 2)",650a2466738bb786a6c7849b
56.0,56.0,1333,train,840.0347859208339,1.0,1.0,"(1, 2)",650a2466738bb786a6c7849b
56.0,56.0,1334,train,840.0347859208339,1.0,1.0,"(1, 2)",650a2466738bb786a6c7849b
56.0,56.0,1335,train,840.0347859208339,1.0,1.0,"(1, 2)",650a2466738bb786a6c7849b
56.0,56.0,1336,train,840.0347859208339,1.0,1.0,"(1, 2)",650a2466738bb786a6c7849b
56.0,56.0,1337,train,840.0347859208339,1.0,1.0,"(1, 2)",650a2466738bb786a6c7849b
56.0,56.0,1338,train,840.0347859208339,1.0,1.0,"(1, 2)",650a2466738bb786a6c7849b
56.0,56.0,1339,train,840.0347859208339,1.0,1.0,"(1, 2)",650a2466738bb786a6c7849b
56.0,56.0,1340,train,840.0347859208339,1.0,1.0,"(1, 2)",650a2466738bb786a6c7849b
56.0,56.0,1341,train,840.0347859208339,1.0,1.0,"(1, 2)",650a2466738bb786a6c7849b
56.0,56.0,1342,train,840.0347859208339,1.0,1.0,"(1, 2)",650a2466738bb786a6c7849b
56.0,56.0,1343,train,840.0347859208339,1.0,1.0,"(1, 2)",650a2466738bb786a6c7849b
56.0,56.0,1344,train,840.0347859208339,1.0,1.0,"(1, 2)",650a2466738bb786a6c7849b
56.0,56.0,1345,train,840.0347859208339,1.0,1.0,"(1, 2)",650a2466738bb786a6c7849b
56.0,56.0,1346,train,840.0347859208339,1.0,1.0,"(1, 2)",650a2466738bb786a6c7849b
56.0,56.0,1347,train,840.0347859208339,1.0,1.0,"(1, 2)",650a2466738bb786a6c7849b
56.0,56.0,1348,train,840.0347859208339,1.0,1.0,"(1, 2)",650a2466738bb786a6c7849b
56.0,56.0,1349,train,840.0347859208339,1.0,1.0,"(1, 2)",650a2466738bb786a6c7849b
56.0,56.0,1350,train,840.0347859208339,1.0,1.0,"(1, 2)",650a2466738bb786a6c7849b
56.0,56.0,1351,train,840.0347859208339,1.0,1.0,"(1, 2)",650a2466738bb786a6c7849b
56.0,56.0,1352,train,840.0347859208339,1.0,1.0,"(1, 2)",650a2466738bb786a6c7849b
56.0,56.0,1353,train,840.0347859208339,1.0,1.0,"(1, 2)",650a2466738bb786a6c7849b
56.0,56.0,1354,train,840.0347859208339,1.0,1.0,"(1, 2)",650a2466738bb786a6c7849b
56.0,56.0,1355,train,840.0347859208339,1.0,1.0,"(1, 2)",650a2466738bb786a6c7849b
56.0,56.0,1356,train,840.0347859208339,1.0,1.0,"(1, 2)",650a2466738bb786a6c7849b
56.0,56.0,1357,train,840.0347859208339,1.0,1.0,"(1, 2)",650a2466738bb786a6c7849b
56.0,56.0,1358,train,840.0347859208339,1.0,1.0,"(1, 2)",650a2466738bb786a6c7849b
56.0,56.0,1359,train,840.0347859208339,1.0,1.0,"(1, 2)",650a2466738bb786a6c7849b
56.0,56.0,1360,train,840.0347859208339,1.0,1.0,"(1, 2)",650a2466738bb786a6c7849b
56.0,56.0,1361,train,840.0347859208339,1.0,1.0,"(1, 2)",650a2466738bb786a6c7849b
56.0,56.0,1362,train,840.0347859208339,1.0,1.0,"(1, 2)",650a2466738bb786a6c7849b
56.0,56.0,1363,train,840.0347859208339,1.0,1.0,"(1, 2)",650a2466738bb786a6c7849b
56.0,56.0,1364,train,840.0347859208339,1.0,1.0,"(1, 2)",650a2466738bb786a6c7849b
56.0,56.0,1365,train,840.0347859208339,1.0,1.0,"(1, 2)",650a2466738bb786a6c7849b
56.0,56.0,1366,train,840.0347859208339,1.0,1.0,"(1, 2)",650a2466738bb786a6c7849b
56.0,56.0,1367,train,840.0347859208339,1.0,1.0,"(1, 2)",650a2466738bb786a6c7849b
56.0,56.0,1368,train,840.0347859208339,1.0,1.0,"(1, 2)",650a2466738bb786a6c7849b
56.0,56.0,1369,train,840.0347859208339,1.0,1.0,"(1, 2)",650a2466738bb786a6c7849b
56.0,56.0,1370,train,840.0347859208339,1.0,1.0,"(1, 2)",650a2466738bb786a6c7849b
56.0,56.0,1371,train,840.0347859208339,1.0,1.0,"(1, 2)",650a2466738bb786a6c7849b
56.0,56.0,1372,train,840.0347859208339,1.0,1.0,"(1, 2)",650a2466738bb786a6c7849b
56.0,56.0,1373,train,840.0347859208339,1.0,1.0,"(1, 2)",650a2466738bb786a6c7849b
56.0,56.0,1374,train,840.0347859208339,1.0,1.0,"(1, 2)",650a2466738bb786a6c7849b
56.0,56.0,1375,train,840.0347859208339,1.0,1.0,"(1, 2)",650a2466738bb786a6c7849b
56.0,56.0,1376,train,840.0347859208339,1.0,1.0,"(1, 2)",650a2466738bb786a6c7849b
56.0,56.0,1377,train,840.0347859208339,1.0,1.0,"(1, 2)",650a2466738bb786a6c7849b
56.0,56.0,1378,train,840.0347859208339,1.0,1.0,"(1, 2)",650a2466738bb786a6c7849b
56.0,54.749999999999716,1379,train,841.2847859208341,1.0,1.0,"(1, 2)",650a2466738bb786a6c7849b
56.0,53.49999999999943,1380,train,842.5347859208343,1.0,1.0,"(1, 2)",650a2466738bb786a6c7849b
56.0,52.24999999999915,1381,train,843.7847859208346,1.0,1.0,"(1, 2)",650a2466738bb786a6c7849b
56.0,50.99999999999886,1382,train,845.0347859208348,1.0,1.0,"(1, 2)",650a2466738bb786a6c7849b
56.0,49.74999999999858,1383,train,846.284785920835,1.0,1.0,"(1, 2)",650a2466738bb786a6c7849b
56.0,48.499999999998295,1384,train,847.5347859208352,1.0,1.0,"(1, 2)",650a2466738bb786a6c7849b
56.0,47.24999999999801,1385,train,848.7847859208355,1.0,1.0,"(1, 2)",650a2466738bb786a6c7849b
56.0,45.999999999997726,1386,train,850.0347859208357,1.0,1.0,"(1, 2)",650a2466738bb786a6c7849b
56.0,44.74999999999744,1387,train,851.2847859208359,1.0,1.0,"(1, 2)",650a2466738bb786a6c7849b
56.0,43.49999999999716,1388,train,852.5347859208362,1.0,1.0,"(1, 2)",650a2466738bb786a6c7849b
56.0,42.249999999996874,1389,train,853.7847859208364,1.0,1.0,"(1, 2)",650a2466738bb786a6c7849b
56.0,40.99999999999659,1390,train,855.0347859208366,1.0,1.0,"(1, 2)",650a2466738bb786a6c7849b
56.0,40.0,1391,train,856.0347859208332,1.0,1.0,"(1, 2)",650a2466738bb786a6c7849b
56.0,40.0,1392,train,856.0347859208332,1.0,1.0,"(1, 2)",650a2466738bb786a6c7849b
56.0,40.0,1393,train,856.0347859208332,1.0,1.0,"(1, 2)",650a2466738bb786a6c7849b
56.0,40.0,1394,train,856.0347859208332,1.0,1.0,"(1, 2)",650a2466738bb786a6c7849b
56.0,40.0,1395,train,856.0347859208332,1.0,1.0,"(1, 2)",650a2466738bb786a6c7849b
56.0,40.0,1396,train,856.0347859208332,1.0,1.0,"(1, 2)",650a2466738bb786a6c7849b
56.0,40.0,1397,train,856.0347859208332,1.0,1.0,"(1, 2)",650a2466738bb786a6c7849b
56.0,40.0,1398,train,856.0347859208332,1.0,1.0,"(1, 2)",650a2466738bb786a6c7849b
56.0,40.0,1399,train,856.0347859208332,1.0,1.0,"(1, 2)",650a2466738bb786a6c7849b
56.0,40.0,1400,train,856.0347859208332,1.0,1.0,"(1, 2)",650a2466738bb786a6c7849b
56.0,40.0,1401,train,856.0347859208332,1.0,1.0,"(1, 2)",650a2466738bb786a6c7849b
56.0,40.0,1402,train,856.0347859208332,1.0,1.0,"(1, 2)",650a2466738bb786a6c7849b
56.0,40.0,1403,train,856.0347859208332,1.0,1.0,"(1, 2)",650a2466738bb786a6c7849b
56.0,40.0,1404,train,856.0347859208332,1.0,1.0,"(1, 2)",650a2466738bb786a6c7849b
56.0,40.0,1405,train,856.0347859208332,1.0,1.0,"(1, 2)",650a2466738bb786a6c7849b
56.0,40.0,1406,train,856.0347859208332,1.0,1.0,"(1, 2)",650a2466738bb786a6c7849b
56.0,40.0,1407,train,856.0347859208332,1.0,1.0,"(1, 2)",650a2466738bb786a6c7849b
56.0,40.0,1408,train,856.0347859208332,1.0,1.0,"(1, 2)",650a2466738bb786a6c7849b
56.0,40.0,1409,train,856.0347859208332,1.0,1.0,"(1, 2)",650a2466738bb786a6c7849b
56.0,40.0,1410,train,856.0347859208332,1.0,1.0,"(1, 2)",650a2466738bb786a6c7849b
56.0,40.0,1411,train,856.0347859208332,1.0,1.0,"(1, 2)",650a2466738bb786a6c7849b
56.0,40.0,1412,train,856.0347859208332,1.0,1.0,"(1, 2)",650a2466738bb786a6c7849b
56.0,40.0,1413,train,856.0347859208332,1.0,1.0,"(1, 2)",650a2466738bb786a6c7849b
56.0,40.0,1414,train,856.0347859208332,1.0,1.0,"(1, 2)",650a2466738bb786a6c7849b
56.0,40.0,1415,train,856.0347859208332,1.0,1.0,"(1, 2)",650a2466738bb786a6c7849b
56.0,40.0,1416,train,856.0347859208332,1.0,1.0,"(1, 2)",650a2466738bb786a6c7849b
56.0,40.0,1417,train,856.0347859208332,1.0,1.0,"(1, 2)",650a2466738bb786a6c7849b
56.0,40.0,1418,train,856.0347859208332,1.0,1.0,"(1, 2)",650a2466738bb786a6c7849b
56.0,40.0,1419,train,856.0347859208332,1.0,1.0,"(1, 2)",650a2466738bb786a6c7849b
56.0,40.0,1420,train,856.0347859208332,1.0,1.0,"(1, 2)",650a2466738bb786a6c7849b
56.0,40.0,1421,train,856.0347859208332,1.0,1.0,"(1, 2)",650a2466738bb786a6c7849b
56.0,40.0,1422,train,856.0347859208332,1.0,1.0,"(1, 2)",650a2466738bb786a6c7849b
56.0,40.0,1423,train,856.0347859208332,1.0,1.0,"(1, 2)",650a2466738bb786a6c7849b
56.0,40.0,1424,train,856.0347859208332,1.0,1.0,"(1, 2)",650a2466738bb786a6c7849b
56.0,40.0,1425,train,856.0347859208332,1.0,1.0,"(1, 2)",650a2466738bb786a6c7849b
56.0,40.0,1426,train,856.0347859208332,1.0,1.0,"(1, 2)",650a2466738bb786a6c7849b
56.0,40.0,1427,train,856.0347859208332,1.0,1.0,"(1, 2)",650a2466738bb786a6c7849b
56.0,40.0,1428,train,856.0347859208332,1.0,1.0,"(1, 2)",650a2466738bb786a6c7849b
56.0,40.0,1429,train,856.0347859208332,1.0,1.0,"(1, 2)",650a2466738bb786a6c7849b
56.0,40.0,1430,train,856.0347859208332,1.0,1.0,"(1, 2)",650a2466738bb786a6c7849b
56.0,40.0,1431,train,856.0347859208332,1.0,1.0,"(1, 2)",650a2466738bb786a6c7849b
56.0,40.0,1432,train,856.0347859208332,1.0,1.0,"(1, 2)",650a2466738bb786a6c7849b
56.0,40.0,1433,train,856.0347859208332,1.0,1.0,"(1, 2)",650a2466738bb786a6c7849b
56.0,40.0,1434,train,856.0347859208332,1.0,1.0,"(1, 2)",650a2466738bb786a6c7849b
56.0,40.0,1435,train,856.0347859208332,1.0,1.0,"(1, 2)",650a2466738bb786a6c7849b
56.0,40.0,1436,train,856.0347859208332,1.0,1.0,"(1, 2)",650a2466738bb786a6c7849b
56.0,40.0,1437,train,856.0347859208332,1.0,1.0,"(1, 2)",650a2466738bb786a6c7849b
56.0,40.0,1438,train,856.0347859208332,1.0,1.0,"(1, 2)",650a2466738bb786a6c7849b
56.0,40.0,1439,train,856.0347859208332,1.0,1.0,"(1, 2)",650a2466738bb786a6c7849b
56.0,40.0,1440,train,856.0347859208332,1.0,1.0,"(1, 2)",650a2466738bb786a6c7849b
56.0,40.0,1441,train,856.0347859208332,1.0,1.0,"(1, 2)",650a2466738bb786a6c7849b
56.0,40.0,1442,train,856.0347859208332,1.0,1.0,"(1, 2)",650a2466738bb786a6c7849b
56.0,40.0,1443,train,856.0347859208332,1.0,1.0,"(1, 2)",650a2466738bb786a6c7849b
56.0,40.0,1444,train,856.0347859208332,1.0,1.0,"(1, 2)",650a2466738bb786a6c7849b
56.0,40.0,1445,train,856.0347859208332,1.0,1.0,"(1, 2)",650a2466738bb786a6c7849b
56.0,40.0,1446,train,856.0347859208332,1.0,1.0,"(1, 2)",650a2466738bb786a6c7849b
56.0,40.0,1447,train,856.0347859208332,1.0,1.0,"(1, 2)",650a2466738bb786a6c7849b
56.0,40.0,1448,train,856.0347859208332,1.0,1.0,"(1, 2)",650a2466738bb786a6c7849b
56.0,40.0,1449,train,856.0347859208332,1.0,1.0,"(1, 2)",650a2466738bb786a6c7849b
56.0,40.0,1450,train,856.0347859208332,1.0,1.0,"(1, 2)",650a2466738bb786a6c7849b
56.0,40.0,1451,train,856.0347859208332,1.0,1.0,"(1, 2)",650a2466738bb786a6c7849b
56.0,40.0,1452,train,856.0347859208332,1.0,1.0,"(1, 2)",650a2466738bb786a6c7849b
56.0,40.0,1453,train,856.0347859208332,1.0,1.0,"(1, 2)",650a2466738bb786a6c7849b
56.0,40.0,1454,train,856.0347859208332,1.0,1.0,"(1, 2)",650a2466738bb786a6c7849b
56.0,40.0,1455,train,856.0347859208332,1.0,1.0,"(1, 2)",650a2466738bb786a6c7849b
56.0,40.0,1456,train,856.0347859208332,1.0,1.0,"(1, 2)",650a2466738bb786a6c7849b
56.0,40.0,1457,train,856.0347859208332,1.0,1.0,"(1, 2)",650a2466738bb786a6c7849b
56.0,40.0,1458,train,856.0347859208332,1.0,1.0,"(1, 2)",650a2466738bb786a6c7849b
56.0,40.0,1459,train,856.0347859208332,1.0,1.0,"(1, 2)",650a2466738bb786a6c7849b
56.0,40.0,1460,train,856.0347859208332,1.0,1.0,"(1, 2)",650a2466738bb786a6c7849b
56.0,40.0,1461,train,856.0347859208332,1.0,1.0,"(1, 2)",650a2466738bb786a6c7849b
56.0,40.0,1462,train,856.0347859208332,1.0,1.0,"(1, 2)",650a2466738bb786a6c7849b
56.0,40.0,1463,train,856.0347859208332,1.0,1.0,"(1, 2)",650a2466738bb786a6c7849b
56.0,40.0,1464,train,856.0347859208332,1.0,1.0,"(1, 2)",650a2466738bb786a6c7849b
56.0,40.0,1465,train,856.0347859208332,1.0,1.0,"(1, 2)",650a2466738bb786a6c7849b
56.0,40.0,1466,train,856.0347859208332,1.0,1.0,"(1, 2)",650a2466738bb786a6c7849b
56.0,40.0,1467,train,856.0347859208332,1.0,1.0,"(1, 2)",650a2466738bb786a6c7849b
57.250000000000284,40.0,1468,train,857.2847859208334,1.0,1.0,"(1, 2)",650a2466738bb786a6c7849b
58.50000000000057,40.0,1469,train,858.5347859208337,1.0,1.0,"(1, 2)",650a2466738bb786a6c7849b
59.75000000000085,40.0,1470,train,859.7847859208339,1.0,1.0,"(1, 2)",650a2466738bb786a6c7849b
61.00000000000114,40.0,1471,train,861.0347859208341,1.0,1.0,"(1, 2)",650a2466738bb786a6c7849b
62.25000000000142,40.0,1472,train,862.2847859208343,1.0,1.0,"(1, 2)",650a2466738bb786a6c7849b
63.500000000001705,40.0,1473,train,863.5347859208346,1.0,1.0,"(1, 2)",650a2466738bb786a6c7849b
64.75000000000199,40.0,1474,train,864.7847859208348,1.0,1.0,"(1, 2)",650a2466738bb786a6c7849b
66.00000000000227,40.0,1475,train,866.034785920835,1.0,1.0,"(1, 2)",650a2466738bb786a6c7849b
67.25000000000256,40.0,1476,train,867.2847859208352,1.0,1.0,"(1, 2)",650a2466738bb786a6c7849b
68.50000000000284,40.0,1477,train,868.5347859208355,1.0,1.0,"(1, 2)",650a2466738bb786a6c7849b
69.75000000000313,40.0,1478,train,869.7847859208357,1.0,1.0,"(1, 2)",650a2466738bb786a6c7849b
71.00000000000341,40.0,1479,train,871.0347859208359,1.0,1.0,"(1, 2)",650a2466738bb786a6c7849b
72.2500000000037,40.0,1480,train,872.2847859208362,1.0,1.0,"(1, 2)",650a2466738bb786a6c7849b
73.50000000000398,40.0,1481,train,873.5347859208364,1.0,1.0,"(1, 2)",650a2466738bb786a6c7849b
74.75000000000426,40.0,1482,train,874.7847859208366,1.0,1.0,"(1, 2)",650a2466738bb786a6c7849b
76.00000000000455,40.0,1483,train,876.0347859208368,1.0,1.0,"(1, 2)",650a2466738bb786a6c7849b
77.25000000000483,40.0,1484,train,877.2847859208371,1.0,1.0,"(1, 2)",650a2466738bb786a6c7849b
78.50000000000512,40.0,1485,train,878.5347859208373,1.0,1.0,"(1, 2)",650a2466738bb786a6c7849b
79.7500000000054,40.0,1486,train,879.7847859208375,1.0,1.0,"(1, 2)",650a2466738bb786a6c7849b
81.00000000000568,40.0,1487,train,881.0347859208377,1.0,1.0,"(1, 2)",650a2466738bb786a6c7849b
82.25000000000597,40.0,1488,train,882.284785920838,1.0,1.0,"(1, 2)",650a2466738bb786a6c7849b
83.50000000000625,40.0,1489,train,883.5347859208382,1.0,1.0,"(1, 2)",650a2466738bb786a6c7849b
84.75000000000654,40.0,1490,train,884.7847859208384,1.0,1.0,"(1, 2)",650a2466738bb786a6c7849b
86.00000000000682,40.0,1491,train,886.0347859208387,1.0,1.0,"(1, 2)",650a2466738bb786a6c7849b
87.2500000000071,40.0,1492,train,887.2847859208389,1.0,1.0,"(1, 2)",650a2466738bb786a6c7849b
88.0,40.0,1493,train,888.0347859208318,1.0,1.0,"(1, 2)",650a2466738bb786a6c7849b
88.0,40.0,1494,train,888.0347859208318,1.0,1.0,"(1, 2)",650a2466738bb786a6c7849b
88.0,40.0,1495,train,888.0347859208318,1.0,1.0,"(1, 2)",650a2466738bb786a6c7849b
88.0,40.0,1496,train,888.0347859208318,1.0,1.0,"(1, 2)",650a2466738bb786a6c7849b
88.0,40.0,1497,train,888.0347859208318,1.0,1.0,"(1, 2)",650a2466738bb786a6c7849b
88.0,40.0,1498,train,888.0347859208318,1.0,1.0,"(1, 2)",650a2466738bb786a6c7849b
88.0,40.0,1499,train,888.0347859208318,1.0,1.0,"(1, 2)",650a2466738bb786a6c7849b
88.0,40.0,1500,train,888.0347859208318,1.0,1.0,"(1, 2)",650a2466738bb786a6c7849b
88.0,40.0,1501,train,888.0347859208318,1.0,1.0,"(1, 2)",650a2466738bb786a6c7849b
88.0,40.0,1502,train,888.0347859208318,1.0,1.0,"(1, 2)",650a2466738bb786a6c7849b
88.0,40.0,1503,train,888.0347859208318,1.0,1.0,"(1, 2)",650a2466738bb786a6c7849b
88.0,40.0,1504,train,888.0347859208318,1.0,1.0,"(1, 2)",650a2466738bb786a6c7849b
88.0,40.0,1505,train,888.0347859208318,1.0,1.0,"(1, 2)",650a2466738bb786a6c7849b
88.0,40.0,1506,train,888.0347859208318,1.0,1.0,"(1, 2)",650a2466738bb786a6c7849b
88.0,40.0,1507,train,888.0347859208318,1.0,1.0,"(1, 2)",650a2466738bb786a6c7849b
88.0,40.0,1508,train,888.0347859208318,1.0,1.0,"(1, 2)",650a2466738bb786a6c7849b
88.0,40.0,1509,train,888.0347859208318,1.0,1.0,"(1, 2)",650a2466738bb786a6c7849b
88.0,40.0,1510,train,888.0347859208318,1.0,1.0,"(1, 2)",650a2466738bb786a6c7849b
88.0,40.0,1511,train,888.0347859208318,1.0,1.0,"(1, 2)",650a2466738bb786a6c7849b
88.0,40.0,1512,train,888.0347859208318,1.0,1.0,"(1, 2)",650a2466738bb786a6c7849b
88.0,40.0,1513,train,888.0347859208318,1.0,1.0,"(1, 2)",650a2466738bb786a6c7849b
88.0,40.0,1514,train,888.0347859208318,1.0,1.0,"(1, 2)",650a2466738bb786a6c7849b
88.0,40.0,1515,train,888.0347859208318,1.0,1.0,"(1, 2)",650a2466738bb786a6c7849b
88.0,40.0,1516,train,888.0347859208318,1.0,1.0,"(1, 2)",650a2466738bb786a6c7849b
88.0,40.0,1517,train,888.0347859208318,1.0,1.0,"(1, 2)",650a2466738bb786a6c7849b
88.0,40.0,1518,train,888.0347859208318,1.0,1.0,"(1, 2)",650a2466738bb786a6c7849b
88.0,40.0,1519,train,888.0347859208318,1.0,1.0,"(1, 2)",650a2466738bb786a6c7849b
88.0,40.0,1520,train,888.0347859208318,1.0,1.0,"(1, 2)",650a2466738bb786a6c7849b
88.0,40.0,1521,train,888.0347859208318,1.0,1.0,"(1, 2)",650a2466738bb786a6c7849b
88.0,40.0,1522,train,888.0347859208318,1.0,1.0,"(1, 2)",650a2466738bb786a6c7849b
88.0,40.0,1523,train,888.0347859208318,1.0,1.0,"(1, 2)",650a2466738bb786a6c7849b
88.0,40.0,1524,train,888.0347859208318,1.0,1.0,"(1, 2)",650a2466738bb786a6c7849b
88.0,40.0,1525,train,888.0347859208318,1.0,1.0,"(1, 2)",650a2466738bb786a6c7849b
88.0,40.0,1526,train,888.0347859208318,1.0,1.0,"(1, 2)",650a2466738bb786a6c7849b
88.0,40.0,1527,train,888.0347859208318,1.0,1.0,"(1, 2)",650a2466738bb786a6c7849b
88.0,40.0,1528,train,888.0347859208318,1.0,1.0,"(1, 2)",650a2466738bb786a6c7849b
88.0,40.0,1529,train,888.0347859208318,1.0,1.0,"(1, 2)",650a2466738bb786a6c7849b
88.0,40.0,1530,train,888.0347859208318,1.0,1.0,"(1, 2)",650a2466738bb786a6c7849b
88.0,40.0,1531,train,888.0347859208318,1.0,1.0,"(1, 2)",650a2466738bb786a6c7849b
88.0,40.0,1532,train,888.0347859208318,1.0,1.0,"(1, 2)",650a2466738bb786a6c7849b
88.0,40.0,1533,train,888.0347859208318,1.0,1.0,"(1, 2)",650a2466738bb786a6c7849b
88.0,40.0,1534,train,888.0347859208318,1.0,1.0,"(1, 2)",650a2466738bb786a6c7849b
88.0,40.0,1535,train,888.0347859208318,1.0,1.0,"(1, 2)",650a2466738bb786a6c7849b
88.0,40.0,1536,train,888.0347859208318,1.0,1.0,"(1, 2)",650a2466738bb786a6c7849b
88.0,40.0,1537,train,888.0347859208318,1.0,1.0,"(1, 2)",650a2466738bb786a6c7849b
88.0,40.0,1538,train,888.0347859208318,1.0,1.0,"(1, 2)",650a2466738bb786a6c7849b
88.0,40.0,1539,train,888.0347859208318,1.0,1.0,"(1, 2)",650a2466738bb786a6c7849b
88.0,40.0,1540,train,888.0347859208318,1.0,1.0,"(1, 2)",650a2466738bb786a6c7849b
88.0,40.0,1541,train,888.0347859208318,1.0,1.0,"(1, 2)",650a2466738bb786a6c7849b
88.0,40.0,1542,train,888.0347859208318,1.0,1.0,"(1, 2)",650a2466738bb786a6c7849b
88.0,40.0,1543,train,888.0347859208318,1.0,1.0,"(1, 2)",650a2466738bb786a6c7849b
88.0,40.0,1544,train,888.0347859208318,1.0,1.0,"(1, 2)",650a2466738bb786a6c7849b
88.0,40.0,1545,train,888.0347859208318,1.0,1.0,"(1, 2)",650a2466738bb786a6c7849b
88.0,40.0,1546,train,888.0347859208318,1.0,1.0,"(1, 2)",650a2466738bb786a6c7849b
88.0,40.0,1547,train,888.0347859208318,1.0,1.0,"(1, 2)",650a2466738bb786a6c7849b
88.0,40.0,1548,train,888.0347859208318,1.0,1.0,"(1, 2)",650a2466738bb786a6c7849b
88.0,40.0,1549,train,888.0347859208318,1.0,1.0,"(1, 2)",650a2466738bb786a6c7849b
88.0,40.0,1550,train,888.0347859208318,1.0,1.0,"(1, 2)",650a2466738bb786a6c7849b
88.0,40.0,1551,train,888.0347859208318,1.0,1.0,"(1, 2)",650a2466738bb786a6c7849b
88.0,40.0,1552,train,888.0347859208318,1.0,1.0,"(1, 2)",650a2466738bb786a6c7849b
88.0,40.0,1553,train,888.0347859208318,1.0,1.0,"(1, 2)",650a2466738bb786a6c7849b
88.0,40.0,1554,train,888.0347859208318,1.0,1.0,"(1, 2)",650a2466738bb786a6c7849b
88.0,40.0,1555,train,888.0347859208318,1.0,1.0,"(1, 2)",650a2466738bb786a6c7849b
88.0,40.0,1556,train,888.0347859208318,1.0,1.0,"(1, 2)",650a2466738bb786a6c7849b
88.0,40.0,1557,train,888.0347859208318,1.0,1.0,"(1, 2)",650a2466738bb786a6c7849b
88.0,40.0,1558,train,888.0347859208318,1.0,1.0,"(1, 2)",650a2466738bb786a6c7849b
88.0,40.0,1559,train,888.0347859208318,1.0,1.0,"(1, 2)",650a2466738bb786a6c7849b
88.0,40.0,1560,train,888.0347859208318,1.0,1.0,"(1, 2)",650a2466738bb786a6c7849b
88.0,40.0,1561,train,888.0347859208318,1.0,1.0,"(1, 2)",650a2466738bb786a6c7849b
88.0,40.0,1562,train,888.0347859208318,1.0,1.0,"(1, 2)",650a2466738bb786a6c7849b
88.0,40.0,1563,train,888.0347859208318,1.0,1.0,"(1, 2)",650a2466738bb786a6c7849b
88.0,40.0,1564,train,888.0347859208318,1.0,1.0,"(1, 2)",650a2466738bb786a6c7849b
88.0,40.0,1565,train,888.0347859208318,1.0,1.0,"(1, 2)",650a2466738bb786a6c7849b
88.0,40.0,1566,train,888.0347859208318,1.0,1.0,"(1, 2)",650a2466738bb786a6c7849b
88.0,40.0,1567,train,888.0347859208318,1.0,1.0,"(1, 2)",650a2466738bb786a6c7849b
88.0,40.0,1568,train,888.0347859208318,1.0,1.0,"(1, 2)",650a2466738bb786a6c7849b
88.0,40.0,1569,train,888.0347859208318,1.0,1.0,"(1, 2)",650a2466738bb786a6c7849b
89.25000000000028,40.0,1570,train,889.2847859208321,1.0,1.0,"(1, 2)",650a2466738bb786a6c7849b
90.50000000000057,40.0,1571,train,890.5347859208323,1.0,1.0,"(1, 2)",650a2466738bb786a6c7849b
91.75000000000085,40.0,1572,train,891.7847859208325,1.0,1.0,"(1, 2)",650a2466738bb786a6c7849b
93.00000000000114,40.0,1573,train,893.0347859208327,1.0,1.0,"(1, 2)",650a2466738bb786a6c7849b
94.25000000000142,40.0,1574,train,894.284785920833,1.0,1.0,"(1, 2)",650a2466738bb786a6c7849b
95.5000000000017,40.0,1575,train,895.5347859208332,1.0,1.0,"(1, 2)",650a2466738bb786a6c7849b
96.75000000000199,40.0,1576,train,896.7847859208334,1.0,1.0,"(1, 2)",650a2466738bb786a6c7849b
98.00000000000227,40.0,1577,train,898.0347859208337,1.0,1.0,"(1, 2)",650a2466738bb786a6c7849b
99.25000000000256,40.0,1578,train,899.2847859208339,1.0,1.0,"(1, 2)",650a2466738bb786a6c7849b
100.50000000000284,40.0,1579,train,900.5347859208341,1.0,1.0,"(1, 2)",650a2466738bb786a6c7849b
101.75000000000313,40.0,1580,train,901.7847859208343,1.0,1.0,"(1, 2)",650a2466738bb786a6c7849b
103.00000000000341,40.0,1581,train,903.0347859208346,1.0,1.0,"(1, 2)",650a2466738bb786a6c7849b
104.2500000000037,40.0,1582,train,904.2847859208348,1.0,1.0,"(1, 2)",650a2466738bb786a6c7849b
105.50000000000398,40.0,1583,train,905.534785920835,1.0,1.0,"(1, 2)",650a2466738bb786a6c7849b
106.75000000000426,40.0,1584,train,906.7847859208352,1.0,1.0,"(1, 2)",650a2466738bb786a6c7849b
108.00000000000455,40.0,1585,train,908.0347859208355,1.0,1.0,"(1, 2)",650a2466738bb786a6c7849b
109.25000000000483,40.0,1586,train,909.2847859208357,1.0,1.0,"(1, 2)",650a2466738bb786a6c7849b
110.50000000000512,40.0,1587,train,910.5347859208359,1.0,1.0,"(1, 2)",650a2466738bb786a6c7849b
111.7500000000054,40.0,1588,train,911.7847859208362,1.0,1.0,"(1, 2)",650a2466738bb786a6c7849b
113.00000000000568,40.0,1589,train,913.0347859208364,1.0,1.0,"(1, 2)",650a2466738bb786a6c7849b
114.25000000000597,40.0,1590,train,914.2847859208366,1.0,1.0,"(1, 2)",650a2466738bb786a6c7849b
115.50000000000625,40.0,1591,train,915.5347859208368,1.0,1.0,"(1, 2)",650a2466738bb786a6c7849b
116.75000000000654,40.0,1592,train,916.7847859208371,1.0,1.0,"(1, 2)",650a2466738bb786a6c7849b
118.00000000000682,40.0,1593,train,918.0347859208373,1.0,1.0,"(1, 2)",650a2466738bb786a6c7849b
119.2500000000071,40.0,1594,train,919.2847859208375,1.0,1.0,"(1, 2)",650a2466738bb786a6c7849b
120.29803951736653,39.50810911865716,1595,train,920.4425179576643,1.0,1.0,"(1, 2)",650a2466738bb786a6c7849b
121.18739579836529,38.62973254483066,1596,train,921.692517957664,1.0,1.0,"(1, 2)",650a2466738bb786a6c7849b
122.07675207936404,37.75135597100416,1597,train,922.9425179576637,1.0,1.0,"(1, 2)",650a2466738bb786a6c7849b
122.9661083603628,36.87297939717766,1598,train,924.1925179576633,1.0,1.0,"(1, 2)",650a2466738bb786a6c7849b
123.85546464136155,35.99460282335116,1599,train,925.442517957663,1.0,1.0,"(1, 2)",650a2466738bb786a6c7849b
124.7448209223603,35.11622624952466,1600,train,926.6925179576626,1.0,1.0,"(1, 2)",650a2466738bb786a6c7849b
125.63417720335906,34.23784967569816,1601,train,927.9425179576623,1.0,1.0,"(1, 2)",650a2466738bb786a6c7849b
126.52353348435781,33.35947310187166,1602,train,929.192517957662,1.0,1.0,"(1, 2)",650a2466738bb786a6c7849b
127.41288976535657,32.48109652804516,1603,train,930.4425179576616,1.0,1.0,"(1, 2)",650a2466738bb786a6c7849b
128.30224604635532,31.602719954218657,1604,train,931.6925179576613,1.0,1.0,"(1, 2)",650a2466738bb786a6c7849b
129.19160232735408,30.724343380392156,1605,train,932.9425179576609,1.0,1.0,"(1, 2)",650a2466738bb786a6c7849b
130.08095860835283,29.845966806565656,1606,train,934.1925179576606,1.0,1.0,"(1, 2)",650a2466738bb786a6c7849b
130.97031488935158,28.967590232739155,1607,train,935.4425179576602,1.0,1.0,"(1, 2)",650a2466738bb786a6c7849b
131.85967117035034,28.089213658912655,1608,train,936.6925179576599,1.0,1.0,"(1, 2)",650a2466738bb786a6c7849b
132.7490274513491,27.210837085086226,1609,train,937.9425179576594,1.0,1.0,"(1, 2)",650a2466738bb786a6c7849b
133.63838373234785,26.33246051126008,1610,train,939.1925179576589,1.0,1.0,"(1, 2)",650a2466738bb786a6c7849b
134.5277400133466,25.454083937433936,1611,train,940.4425179576583,1.0,1.0,"(1, 2)",650a2466738bb786a6c7849b
135.41709629434553,24.57570736360819,1612,train,941.6925179576575,1.0,1.0,"(1, 2)",650a2466738bb786a6c7849b
136.0,24.0,1613,train,942.511795504389,1.0,1.0,"(1, 2)",650a2466738bb786a6c7849b
136.0,24.0,1614,train,942.511795504389,1.0,1.0,"(1, 2)",650a2466738bb786a6c7849b
136.0,24.0,1615,train,942.511795504389,1.0,1.0,"(1, 2)",650a2466738bb786a6c7849b
136.0,24.0,1616,train,942.511795504389,1.0,1.0,"(1, 2)",650a2466738bb786a6c7849b
136.0,24.0,1617,train,942.511795504389,1.0,1.0,"(1, 2)",650a2466738bb786a6c7849b
136.0,24.0,1618,train,942.511795504389,1.0,1.0,"(1, 2)",650a2466738bb786a6c7849b
136.0,24.0,1619,train,942.511795504389,1.0,1.0,"(1, 2)",650a2466738bb786a6c7849b
136.0,24.0,1620,train,942.511795504389,1.0,1.0,"(1, 2)",650a2466738bb786a6c7849b
136.0,24.0,1621,train,942.511795504389,1.0,1.0,"(1, 2)",650a2466738bb786a6c7849b
136.0,24.0,1622,train,942.511795504389,1.0,1.0,"(1, 2)",650a2466738bb786a6c7849b
136.0,24.0,1623,train,942.511795504389,1.0,1.0,"(1, 2)",650a2466738bb786a6c7849b
136.0,24.0,1624,train,942.511795504389,1.0,1.0,"(1, 2)",650a2466738bb786a6c7849b
136.0,24.0,1625,train,942.511795504389,1.0,1.0,"(1, 2)",650a2466738bb786a6c7849b
136.0,24.0,1626,train,942.511795504389,1.0,1.0,"(1, 2)",650a2466738bb786a6c7849b
136.0,24.0,1627,train,942.511795504389,1.0,1.0,"(1, 2)",650a2466738bb786a6c7849b
136.0,24.0,1628,train,942.511795504389,1.0,1.0,"(1, 2)",650a2466738bb786a6c7849b
136.0,24.0,1629,train,942.511795504389,1.0,1.0,"(1, 2)",650a2466738bb786a6c7849b
136.0,24.0,1630,train,942.511795504389,1.0,1.0,"(1, 2)",650a2466738bb786a6c7849b
136.0,24.0,1631,train,942.511795504389,1.0,1.0,"(1, 2)",650a2466738bb786a6c7849b
136.0,24.0,1632,train,942.511795504389,1.0,1.0,"(1, 2)",650a2466738bb786a6c7849b
136.0,24.0,1633,train,942.511795504389,1.0,1.0,"(1, 2)",650a2466738bb786a6c7849b
136.0,24.0,1634,train,942.511795504389,1.0,1.0,"(1, 2)",650a2466738bb786a6c7849b
136.0,24.0,1635,train,942.511795504389,1.0,1.0,"(1, 2)",650a2466738bb786a6c7849b
136.0,24.0,1636,train,942.511795504389,1.0,1.0,"(1, 2)",650a2466738bb786a6c7849b
136.0,24.0,1637,train,942.511795504389,1.0,1.0,"(1, 2)",650a2466738bb786a6c7849b
136.0,24.0,1638,train,942.511795504389,1.0,1.0,"(1, 2)",650a2466738bb786a6c7849b
136.0,24.0,1639,train,942.511795504389,1.0,1.0,"(1, 2)",650a2466738bb786a6c7849b
136.0,24.0,1640,train,942.511795504389,1.0,1.0,"(1, 2)",650a2466738bb786a6c7849b
134.75000000000114,24.0,1641,train,943.7617955043879,1.0,1.0,"(1, 2)",650a2466738bb786a6c7849b
133.50000000000227,24.0,1642,train,945.0117955043868,1.0,1.0,"(1, 2)",650a2466738bb786a6c7849b
132.2500000000034,24.0,1643,train,946.2617955043856,1.0,1.0,"(1, 2)",650a2466738bb786a6c7849b
131.00000000000455,24.0,1644,train,947.5117955043845,1.0,1.0,"(1, 2)",650a2466738bb786a6c7849b
129.75000000000568,24.0,1645,train,948.7617955043834,1.0,1.0,"(1, 2)",650a2466738bb786a6c7849b
128.50000000000682,24.0,1646,train,950.0117955043822,1.0,1.0,"(1, 2)",650a2466738bb786a6c7849b
127.2500000000071,24.0,1647,train,951.261795504382,1.0,1.0,"(1, 2)",650a2466738bb786a6c7849b
126.00000000000682,24.0,1648,train,952.5117955043822,1.0,1.0,"(1, 2)",650a2466738bb786a6c7849b
124.75000000000654,24.0,1649,train,953.7617955043825,1.0,1.0,"(1, 2)",650a2466738bb786a6c7849b
123.50000000000625,24.0,1650,train,955.0117955043827,1.0,1.0,"(1, 2)",650a2466738bb786a6c7849b
122.25000000000597,24.0,1651,train,956.2617955043829,1.0,1.0,"(1, 2)",650a2466738bb786a6c7849b
121.00000000000568,24.0,1652,train,957.5117955043831,1.0,1.0,"(1, 2)",650a2466738bb786a6c7849b
119.8763439699661,24.30755190613945,1653,train,958.6767809329677,1.0,1.0,"(1, 2)",650a2466738bb786a6c7849b
118.9873267412821,25.186271637966456,1654,train,959.9267809329674,1.0,1.0,"(1, 2)",650a2466738bb786a6c7849b
118.0983095125981,26.06499136979346,1655,train,961.1767809329671,1.0,1.0,"(1, 2)",650a2466738bb786a6c7849b
117.20929228391411,26.943711101620465,1656,train,962.4267809329667,1.0,1.0,"(1, 2)",650a2466738bb786a6c7849b
116.32027505523011,27.82243083344747,1657,train,963.6767809329664,1.0,1.0,"(1, 2)",650a2466738bb786a6c7849b
115.43125782654612,28.70115056527412,1658,train,964.9267809329658,1.0,1.0,"(1, 2)",650a2466738bb786a6c7849b
114.54224059786175,29.57987029710077,1659,train,966.1767809329655,1.0,1.0,"(1, 2)",650a2466738bb786a6c7849b
113.6532233691772,30.458590028927418,1660,train,967.4267809329652,1.0,1.0,"(1, 2)",650a2466738bb786a6c7849b
112.76420614049265,31.337309760754067,1661,train,968.676780932965,1.0,1.0,"(1, 2)",650a2466738bb786a6c7849b
111.87518891180801,32.2160294925808,1662,train,969.9267809329649,1.0,1.0,"(1, 2)",650a2466738bb786a6c7849b
110.98617168312309,33.094749224407806,1663,train,971.1767809329652,1.0,1.0,"(1, 2)",650a2466738bb786a6c7849b
110.09715445443817,33.97346895623481,1664,train,972.4267809329656,1.0,1.0,"(1, 2)",650a2466738bb786a6c7849b
109.20813722575326,34.852188688061815,1665,train,973.6767809329659,1.0,1.0,"(1, 2)",650a2466738bb786a6c7849b
108.31911999706834,35.73090841988882,1666,train,974.9267809329663,1.0,1.0,"(1, 2)",650a2466738bb786a6c7849b
107.43010276838343,36.609628151715825,1667,train,976.1767809329666,1.0,1.0,"(1, 2)",650a2466738bb786a6c7849b
106.54108553969851,37.48834788354283,1668,train,977.426780932967,1.0,1.0,"(1, 2)",650a2466738bb786a6c7849b
105.6520683110136,38.367067615369834,1669,train,978.6767809329673,1.0,1.0,"(1, 2)",650a2466738bb786a6c7849b
104.76305108232869,39.24578734719684,1670,train,979.9267809329676,1.0,1.0,"(1, 2)",650a2466738bb786a6c7849b
103.74411162538074,39.81349821690576,1671,train,981.093199917943,1.0,1.0,"(1, 2)",650a2466738bb786a6c7849b
102.49419931818743,39.82830444284919,1672,train,982.343199917943,1.0,1.0,"(1, 2)",650a2466738bb786a6c7849b
101.24428701099411,39.84311066879262,1673,train,983.593199917943,1.0,1.0,"(1, 2)",650a2466738bb786a6c7849b
99.9943747038008,39.85791689473605,1674,train,984.843199917943,1.0,1.0,"(1, 2)",650a2466738bb786a6c7849b
98.74446239660749,39.87272312067948,1675,train,986.093199917943,1.0,1.0,"(1, 2)",650a2466738bb786a6c7849b
97.49455008941418,39.88752934662291,1676,train,987.343199917943,1.0,1.0,"(1, 2)",650a2466738bb786a6c7849b
96.24463778222086,39.902335572566344,1677,train,988.593199917943,1.0,1.0,"(1, 2)",650a2466738bb786a6c7849b
94.99472547502755,39.917141798509775,1678,train,989.843199917943,1.0,1.0,"(1, 2)",650a2466738bb786a6c7849b
93.74481316783424,39.931948024453206,1679,train,991.093199917943,1.0,1.0,"(1, 2)",650a2466738bb786a6c7849b
92.49490086064093,39.94675425039664,1680,train,992.343199917943,1.0,1.0,"(1, 2)",650a2466738bb786a6c7849b
91.24498855344761,39.96156047634007,1681,train,993.593199917943,1.0,1.0,"(1, 2)",650a2466738bb786a6c7849b
89.9950762462543,39.97636670228327,1682,train,994.843199917943,1.0,1.0,"(1, 2)",650a2466738bb786a6c7849b
88.74516393906099,39.99117292822635,1683,train,996.093199917943,1.0,1.0,"(1, 2)",650a2466738bb786a6c7849b
87.49520253103098,39.99778761283382,1684,train,997.3431788280118,1.0,1.0,"(1, 2)",650a2466738bb786a6c7849b
86.24520254377215,39.997966086391884,1685,train,998.5931788280118,1.0,1.0,"(1, 2)",650a2466738bb786a6c7849b
84.99520255651332,39.99814455994995,1686,train,999.8431788280118,1.0,1.0,"(1, 2)",650a2466738bb786a6c7849b
83.74520256925449,39.998323033508015,1687,train,1001.0931788280118,1.0,1.0,"(1, 2)",650a2466738bb786a6c7849b
82.49520258199566,39.99850150706608,1688,train,1002.3431788280118,1.0,1.0,"(1, 2)",650a2466738bb786a6c7849b
81.24520259473682,39.998679980624146,1689,train,1003.5931788280118,1.0,1.0,"(1, 2)",650a2466738bb786a6c7849b
79.99520260747799,39.99885845418221,1690,train,1004.8431788280118,1.0,1.0,"(1, 2)",650a2466738bb786a6c7849b
78.74520262021916,39.99903692774028,1691,train,1006.0931788280118,1.0,1.0,"(1, 2)",650a2466738bb786a6c7849b
77.49520263296033,39.99921540129834,1692,train,1007.3431788280118,1.0,1.0,"(1, 2)",650a2466738bb786a6c7849b
76.2452026457015,39.99939387485641,1693,train,1008.5931788280118,1.0,1.0,"(1, 2)",650a2466738bb786a6c7849b
74.99520265844266,39.999572348414475,1694,train,1009.8431788280118,1.0,1.0,"(1, 2)",650a2466738bb786a6c7849b
73.74520267118383,39.99975082197275,1695,train,1011.0931788280118,1.0,1.0,"(1, 2)",650a2466738bb786a6c7849b
72.495202683925,39.99992929553117,1696,train,1012.3431788280118,1.0,1.0,"(1, 2)",650a2466738bb786a6c7849b
71.5193913528273,40.66763899269328,1697,train,1013.5255679321492,1.0,1.0,"(1, 2)",650a2466738bb786a6c7849b
70.6301659131489,41.54614802362497,1698,train,1014.7755679321491,1.0,1.0,"(1, 2)",650a2466738bb786a6c7849b
69.7409404734705,42.42465705455686,1699,train,1016.0255679321491,1.0,1.0,"(1, 2)",650a2466738bb786a6c7849b
68.8517150337921,43.303166085489146,1700,train,1017.2755679321494,1.0,1.0,"(1, 2)",650a2466738bb786a6c7849b
67.9624895941137,44.181675116421424,1701,train,1018.5255679321498,1.0,1.0,"(1, 2)",650a2466738bb786a6c7849b
67.07326415443531,45.0601841473537,1702,train,1019.7755679321501,1.0,1.0,"(1, 2)",650a2466738bb786a6c7849b
66.18403871475691,45.93869317828598,1703,train,1021.0255679321505,1.0,1.0,"(1, 2)",650a2466738bb786a6c7849b
65.29481327507851,46.817202209218266,1704,train,1022.2755679321508,1.0,1.0,"(1, 2)",650a2466738bb786a6c7849b
64.40558783540011,47.695711240150544,1705,train,1023.5255679321511,1.0,1.0,"(1, 2)",650a2466738bb786a6c7849b
63.516362395721714,48.57422027108282,1706,train,1024.7755679321515,1.0,1.0,"(1, 2)",650a2466738bb786a6c7849b
62.627136956043316,49.4527293020151,1707,train,1026.0255679321517,1.0,1.0,"(1, 2)",650a2466738bb786a6c7849b
61.73791151636492,50.331238332947386,1708,train,1027.275567932152,1.0,1.0,"(1, 2)",650a2466738bb786a6c7849b
60.84868607668652,51.209747363879664,1709,train,1028.5255679321522,1.0,1.0,"(1, 2)",650a2466738bb786a6c7849b
59.95946063700812,52.08825639481194,1710,train,1029.7755679321524,1.0,1.0,"(1, 2)",650a2466738bb786a6c7849b
59.07023519732972,52.96676542574422,1711,train,1031.0255679321526,1.0,1.0,"(1, 2)",650a2466738bb786a6c7849b
58.181009757651324,53.8452744566765,1712,train,1032.2755679321529,1.0,1.0,"(1, 2)",650a2466738bb786a6c7849b
57.291784317972926,54.723783487608785,1713,train,1033.525567932153,1.0,1.0,"(1, 2)",650a2466738bb786a6c7849b
56.40255887829453,55.60229251854106,1714,train,1034.7755679321533,1.0,1.0,"(1, 2)",650a2466738bb786a6c7849b
56.0,56.0,1715,train,1035.3414520998963,1.0,1.0,"(1, 2)",650a2466738bb786a6c7849b
56.0,56.0,1716,train,1035.3414520998963,1.0,1.0,"(1, 2)",650a2466738bb786a6c7849b
56.0,56.0,1717,train,1035.3414520998963,1.0,1.0,"(1, 2)",650a2466738bb786a6c7849b
56.0,56.0,1718,train,1035.3414520998963,1.0,1.0,"(1, 2)",650a2466738bb786a6c7849b
56.0,56.0,1719,train,1035.3414520998963,1.0,1.0,"(1, 2)",650a2466738bb786a6c7849b
56.0,56.0,1720,train,1035.3414520998963,1.0,1.0,"(1, 2)",650a2466738bb786a6c7849b
56.0,56.0,1721,train,1035.3414520998963,1.0,1.0,"(1, 2)",650a2466738bb786a6c7849b
56.0,56.0,1722,train,1035.3414520998963,1.0,1.0,"(1, 2)",650a2466738bb786a6c7849b
56.0,56.0,1723,train,1035.3414520998963,1.0,1.0,"(1, 2)",650a2466738bb786a6c7849b
56.0,56.0,1724,train,1035.3414520998963,1.0,1.0,"(1, 2)",650a2466738bb786a6c7849b
56.0,56.0,1725,train,1035.3414520998963,1.0,1.0,"(1, 2)",650a2466738bb786a6c7849b
56.0,56.0,1726,train,1035.3414520998963,1.0,1.0,"(1, 2)",650a2466738bb786a6c7849b
56.0,56.0,1727,train,1035.3414520998963,1.0,1.0,"(1, 2)",650a2466738bb786a6c7849b
56.0,56.0,1728,train,1035.3414520998963,1.0,1.0,"(1, 2)",650a2466738bb786a6c7849b
56.0,56.0,1729,train,1035.3414520998963,1.0,1.0,"(1, 2)",650a2466738bb786a6c7849b
56.0,56.0,1730,train,1035.3414520998963,1.0,1.0,"(1, 2)",650a2466738bb786a6c7849b
56.0,56.0,1731,train,1035.3414520998963,1.0,1.0,"(1, 2)",650a2466738bb786a6c7849b
56.0,56.0,1732,train,1035.3414520998963,1.0,1.0,"(1, 2)",650a2466738bb786a6c7849b
56.0,56.0,1733,train,1035.3414520998963,1.0,1.0,"(1, 2)",650a2466738bb786a6c7849b
56.88388347648305,55.11611652351695,1734,train,1036.591452099896,1.0,1.0,"(1, 2)",650a2466738bb786a6c7849b
57.7677669529661,54.2322330470339,1735,train,1037.8414520998958,1.0,1.0,"(1, 2)",650a2466738bb786a6c7849b
58.65165042944915,53.34834957055085,1736,train,1039.0914520998956,1.0,1.0,"(1, 2)",650a2466738bb786a6c7849b
59.5355339059322,52.4644660940678,1737,train,1040.3414520998954,1.0,1.0,"(1, 2)",650a2466738bb786a6c7849b
60.41941738241525,51.58058261758475,1738,train,1041.5914520998952,1.0,1.0,"(1, 2)",650a2466738bb786a6c7849b
61.3033008588983,50.6966991411017,1739,train,1042.841452099895,1.0,1.0,"(1, 2)",650a2466738bb786a6c7849b
62.187184335381346,49.812815664618654,1740,train,1044.0914520998947,1.0,1.0,"(1, 2)",650a2466738bb786a6c7849b
63.071067811864395,48.928932188135605,1741,train,1045.3414520998945,1.0,1.0,"(1, 2)",650a2466738bb786a6c7849b
63.954951288347445,48.045048711652555,1742,train,1046.5914520998942,1.0,1.0,"(1, 2)",650a2466738bb786a6c7849b
64.8388347648305,47.161165235169506,1743,train,1047.841452099894,1.0,1.0,"(1, 2)",650a2466738bb786a6c7849b
65.72271824131354,46.277281758686456,1744,train,1049.0914520998938,1.0,1.0,"(1, 2)",650a2466738bb786a6c7849b
66.6066017177966,45.39339828220341,1745,train,1050.3414520998936,1.0,1.0,"(1, 2)",650a2466738bb786a6c7849b
67.49048519427964,44.50951480572036,1746,train,1051.5914520998933,1.0,1.0,"(1, 2)",650a2466738bb786a6c7849b
68.37436867076269,43.62563132923731,1747,train,1052.841452099893,1.0,1.0,"(1, 2)",650a2466738bb786a6c7849b
69.25825214724574,42.74174785275426,1748,train,1054.0914520998929,1.0,1.0,"(1, 2)",650a2466738bb786a6c7849b
70.14213562372879,41.85786437627121,1749,train,1055.3414520998926,1.0,1.0,"(1, 2)",650a2466738bb786a6c7849b
71.02601910021184,40.97398089978816,1750,train,1056.5914520998924,1.0,1.0,"(1, 2)",650a2466738bb786a6c7849b
71.95382555869026,40.19434681531624,1751,train,1057.8033325106858,1.0,1.0,"(1, 2)",650a2466738bb786a6c7849b
73.20373388513468,40.179208272259245,1752,train,1059.0533325106862,1.0,1.0,"(1, 2)",650a2466738bb786a6c7849b
74.45364221157911,40.164069729202254,1753,train,1060.3033325106867,1.0,1.0,"(1, 2)",650a2466738bb786a6c7849b
75.70355053802353,40.14893118614526,1754,train,1061.5533325106871,1.0,1.0,"(1, 2)",650a2466738bb786a6c7849b
76.95345886446796,40.13379264308827,1755,train,1062.8033325106876,1.0,1.0,"(1, 2)",650a2466738bb786a6c7849b
78.20336719091239,40.11865410003128,1756,train,1064.053332510688,1.0,1.0,"(1, 2)",650a2466738bb786a6c7849b
79.45327551735681,40.10351555697429,1757,train,1065.3033325106885,1.0,1.0,"(1, 2)",650a2466738bb786a6c7849b
80.70318384380124,40.088377013917295,1758,train,1066.553332510689,1.0,1.0,"(1, 2)",650a2466738bb786a6c7849b
81.95309217024567,40.0732384708603,1759,train,1067.8033325106894,1.0,1.0,"(1, 2)",650a2466738bb786a6c7849b
83.2030004966901,40.05809992780313,1760,train,1069.0533325106899,1.0,1.0,"(1, 2)",650a2466738bb786a6c7849b
84.45290882313452,40.04296138474578,1761,train,1070.3033325106903,1.0,1.0,"(1, 2)",650a2466738bb786a6c7849b
85.70281714957895,40.027822841688426,1762,train,1071.5533325106908,1.0,1.0,"(1, 2)",650a2466738bb786a6c7849b
86.95272547602337,40.01268429863107,1763,train,1072.8033325106912,1.0,1.0,"(1, 2)",650a2466738bb786a6c7849b
88.20266313365056,40.00233106509771,1764,train,1074.0533130454994,1.0,1.0,"(1, 2)",650a2466738bb786a6c7849b
89.45266312004111,40.0021466143028,1765,train,1075.3033130454987,1.0,1.0,"(1, 2)",650a2466738bb786a6c7849b
90.70266310643166,40.0019621635079,1766,train,1076.553313045498,1.0,1.0,"(1, 2)",650a2466738bb786a6c7849b
91.9526630928222,40.00177771271299,1767,train,1077.8033130454974,1.0,1.0,"(1, 2)",650a2466738bb786a6c7849b
93.20266307921275,40.00159326191809,1768,train,1079.0533130454967,1.0,1.0,"(1, 2)",650a2466738bb786a6c7849b
94.4526630656033,40.001408811123184,1769,train,1080.303313045496,1.0,1.0,"(1, 2)",650a2466738bb786a6c7849b
95.70266305199385,40.00122436032828,1770,train,1081.5533130454953,1.0,1.0,"(1, 2)",650a2466738bb786a6c7849b
96.9526630383844,40.001039909533375,1771,train,1082.8033130454946,1.0,1.0,"(1, 2)",650a2466738bb786a6c7849b
98.20266302477495,40.00085545873847,1772,train,1084.053313045494,1.0,1.0,"(1, 2)",650a2466738bb786a6c7849b
99.4526630111655,40.00067100794384,1773,train,1085.3033130454933,1.0,1.0,"(1, 2)",650a2466738bb786a6c7849b
100.70266299755605,40.000486557149294,1774,train,1086.5533130454926,1.0,1.0,"(1, 2)",650a2466738bb786a6c7849b
101.9526629839466,40.000302106354745,1775,train,1087.803313045492,1.0,1.0,"(1, 2)",650a2466738bb786a6c7849b
103.20266297033714,40.000117655560196,1776,train,1089.0533130454912,1.0,1.0,"(1, 2)",650a2466738bb786a6c7849b
104.45266296380328,40.00002795062478,1777,train,1090.3033130421761,1.0,1.0,"(1, 2)",650a2466738bb786a6c7849b
105.70266296380072,40.00002570340544,1778,train,1091.5533130421757,1.0,1.0,"(1, 2)",650a2466738bb786a6c7849b
106.95266296379816,40.00002345618579,1779,train,1092.8033130421752,1.0,1.0,"(1, 2)",650a2466738bb786a6c7849b
108.2026629637956,40.00002120896613,1780,train,1094.0533130421748,1.0,1.0,"(1, 2)",650a2466738bb786a6c7849b
109.45266296379305,40.00001896174648,1781,train,1095.3033130421743,1.0,1.0,"(1, 2)",650a2466738bb786a6c7849b
110.70266296379049,40.00001671452682,1782,train,1096.5533130421738,1.0,1.0,"(1, 2)",650a2466738bb786a6c7849b
111.95266296378793,40.00001446730717,1783,train,1097.8033130421734,1.0,1.0,"(1, 2)",650a2466738bb786a6c7849b
113.20266296378537,40.00001222008751,1784,train,1099.053313042173,1.0,1.0,"(1, 2)",650a2466738bb786a6c7849b
114.45266296378281,40.00000997286786,1785,train,1100.3033130421725,1.0,1.0,"(1, 2)",650a2466738bb786a6c7849b
115.70266296378026,40.0000077256482,1786,train,1101.553313042172,1.0,1.0,"(1, 2)",650a2466738bb786a6c7849b
116.9526629637777,40.00000547842855,1787,train,1102.8033130421716,1.0,1.0,"(1, 2)",650a2466738bb786a6c7849b
118.20266296377514,40.00000323120889,1788,train,1104.053313042171,1.0,1.0,"(1, 2)",650a2466738bb786a6c7849b
119.45266296377258,40.00000098398924,1789,train,1105.3033130421707,1.0,1.0,"(1, 2)",650a2466738bb786a6c7849b
120.44294749693546,39.367516586919635,1790,train,1106.478344943507,1.0,1.0,"(1, 2)",650a2466738bb786a6c7849b
120.44294749693546,39.367516586919635,1791,train,1106.478344943507,1.0,1.0,"(1, 2)",650a2466738bb786a6c7849b
120.44294749693546,39.367516586919635,1792,train,1106.478344943507,1.0,1.0,"(1, 2)",650a2466738bb786a6c7849b
120.44294749693546,39.367516586919635,1793,train,1106.478344943507,1.0,1.0,"(1, 2)",650a2466738bb786a6c7849b
120.44294749693546,39.367516586919635,1794,train,1106.478344943507,1.0,1.0,"(1, 2)",650a2466738bb786a6c7849b
120.44294749693546,39.367516586919635,1795,train,1106.478344943507,1.0,1.0,"(1, 2)",650a2466738bb786a6c7849b
120.44294749693546,39.367516586919635,1796,train,1106.478344943507,1.0,1.0,"(1, 2)",650a2466738bb786a6c7849b
120.44294749693546,39.367516586919635,1797,train,1106.478344943507,1.0,1.0,"(1, 2)",650a2466738bb786a6c7849b
120.44294749693546,39.367516586919635,1798,train,1106.478344943507,1.0,1.0,"(1, 2)",650a2466738bb786a6c7849b
120.44294749693546,39.367516586919635,1799,train,1106.478344943507,1.0,1.0,"(1, 2)",650a2466738bb786a6c7849b
120.44294749693546,39.367516586919635,1800,train,1106.478344943507,1.0,1.0,"(1, 2)",650a2466738bb786a6c7849b
120.44294749693546,39.367516586919635,1801,train,1106.478344943507,1.0,1.0,"(1, 2)",650a2466738bb786a6c7849b
120.44294749693546,39.367516586919635,1802,train,1106.478344943507,1.0,1.0,"(1, 2)",650a2466738bb786a6c7849b
120.44294749693546,39.367516586919635,1803,train,1106.478344943507,1.0,1.0,"(1, 2)",650a2466738bb786a6c7849b
120.44294749693546,39.367516586919635,1804,train,1106.478344943507,1.0,1.0,"(1, 2)",650a2466738bb786a6c7849b
120.44294749693546,39.367516586919635,1805,train,1106.478344943507,1.0,1.0,"(1, 2)",650a2466738bb786a6c7849b
120.44294749693546,39.367516586919635,1806,train,1106.478344943507,1.0,1.0,"(1, 2)",650a2466738bb786a6c7849b
120.44294749693546,39.367516586919635,1807,train,1106.478344943507,1.0,1.0,"(1, 2)",650a2466738bb786a6c7849b
120.44294749693546,39.367516586919635,1808,train,1106.478344943507,1.0,1.0,"(1, 2)",650a2466738bb786a6c7849b
120.44294749693546,39.367516586919635,1809,train,1106.478344943507,1.0,1.0,"(1, 2)",650a2466738bb786a6c7849b
120.44294749693546,39.367516586919635,1810,train,1106.478344943507,1.0,1.0,"(1, 2)",650a2466738bb786a6c7849b
120.44294749693546,39.367516586919635,1811,train,1106.478344943507,1.0,1.0,"(1, 2)",650a2466738bb786a6c7849b
120.44294749693546,39.367516586919635,1812,train,1106.478344943507,1.0,1.0,"(1, 2)",650a2466738bb786a6c7849b
120.44294749693546,39.367516586919635,1813,train,1106.478344943507,1.0,1.0,"(1, 2)",650a2466738bb786a6c7849b
120.44294749693546,39.367516586919635,1814,train,1106.478344943507,1.0,1.0,"(1, 2)",650a2466738bb786a6c7849b
120.44294749693546,39.367516586919635,1815,train,1106.478344943507,1.0,1.0,"(1, 2)",650a2466738bb786a6c7849b
120.44294749693546,39.367516586919635,1816,train,1106.478344943507,1.0,1.0,"(1, 2)",650a2466738bb786a6c7849b
120.44294749693546,39.367516586919635,1817,train,1106.478344943507,1.0,1.0,"(1, 2)",650a2466738bb786a6c7849b
120.44294749693546,39.367516586919635,1818,train,1106.478344943507,1.0,1.0,"(1, 2)",650a2466738bb786a6c7849b
120.44294749693546,39.367516586919635,1819,train,1106.478344943507,1.0,1.0,"(1, 2)",650a2466738bb786a6c7849b
120.44294749693546,39.367516586919635,1820,train,1106.478344943507,1.0,1.0,"(1, 2)",650a2466738bb786a6c7849b
120.44294749693546,39.367516586919635,1821,train,1106.478344943507,1.0,1.0,"(1, 2)",650a2466738bb786a6c7849b
120.44294749693546,39.367516586919635,1822,train,1106.478344943507,1.0,1.0,"(1, 2)",650a2466738bb786a6c7849b
120.44294749693546,39.367516586919635,1823,train,1106.478344943507,1.0,1.0,"(1, 2)",650a2466738bb786a6c7849b
120.44294749693546,39.367516586919635,1824,train,1106.478344943507,1.0,1.0,"(1, 2)",650a2466738bb786a6c7849b
120.44294749693546,39.367516586919635,1825,train,1106.478344943507,1.0,1.0,"(1, 2)",650a2466738bb786a6c7849b
120.44294749693546,39.367516586919635,1826,train,1106.478344943507,1.0,1.0,"(1, 2)",650a2466738bb786a6c7849b
120.44294749693546,39.367516586919635,1827,train,1106.478344943507,1.0,1.0,"(1, 2)",650a2466738bb786a6c7849b
120.44294749693546,39.367516586919635,1828,train,1106.478344943507,1.0,1.0,"(1, 2)",650a2466738bb786a6c7849b
120.44294749693546,39.367516586919635,1829,train,1106.478344943507,1.0,1.0,"(1, 2)",650a2466738bb786a6c7849b
120.44294749693546,39.367516586919635,1830,train,1106.478344943507,1.0,1.0,"(1, 2)",650a2466738bb786a6c7849b
120.44294749693546,39.367516586919635,1831,train,1106.478344943507,1.0,1.0,"(1, 2)",650a2466738bb786a6c7849b
120.44294749693546,39.367516586919635,1832,train,1106.478344943507,1.0,1.0,"(1, 2)",650a2466738bb786a6c7849b
120.44294749693546,39.367516586919635,1833,train,1106.478344943507,1.0,1.0,"(1, 2)",650a2466738bb786a6c7849b
120.44294749693546,39.367516586919635,1834,train,1106.478344943507,1.0,1.0,"(1, 2)",650a2466738bb786a6c7849b
120.44294749693546,39.367516586919635,1835,train,1106.478344943507,1.0,1.0,"(1, 2)",650a2466738bb786a6c7849b
120.44294749693546,39.367516586919635,1836,train,1106.478344943507,1.0,1.0,"(1, 2)",650a2466738bb786a6c7849b
120.44294749693546,39.367516586919635,1837,train,1106.478344943507,1.0,1.0,"(1, 2)",650a2466738bb786a6c7849b
120.44294749693546,39.367516586919635,1838,train,1106.478344943507,1.0,1.0,"(1, 2)",650a2466738bb786a6c7849b
120.44294749693546,39.367516586919635,1839,train,1106.478344943507,1.0,1.0,"(1, 2)",650a2466738bb786a6c7849b
120.44294749693546,39.367516586919635,1840,train,1106.478344943507,1.0,1.0,"(1, 2)",650a2466738bb786a6c7849b
120.44294749693546,39.367516586919635,1841,train,1106.478344943507,1.0,1.0,"(1, 2)",650a2466738bb786a6c7849b
120.44294749693546,39.367516586919635,1842,train,1106.478344943507,1.0,1.0,"(1, 2)",650a2466738bb786a6c7849b
120.44294749693546,39.367516586919635,1843,train,1106.478344943507,1.0,1.0,"(1, 2)",650a2466738bb786a6c7849b
120.44294749693546,39.367516586919635,1844,train,1106.478344943507,1.0,1.0,"(1, 2)",650a2466738bb786a6c7849b
120.44294749693546,39.367516586919635,1845,train,1106.478344943507,1.0,1.0,"(1, 2)",650a2466738bb786a6c7849b
120.44294749693546,39.367516586919635,1846,train,1106.478344943507,1.0,1.0,"(1, 2)",650a2466738bb786a6c7849b
120.44294749693546,39.367516586919635,1847,train,1106.478344943507,1.0,1.0,"(1, 2)",650a2466738bb786a6c7849b
121.33223157077379,38.489066909353156,1848,train,1107.7283449435065,1.0,1.0,"(1, 2)",650a2466738bb786a6c7849b
122.22151564461211,37.61061723178706,1849,train,1108.9783449435058,1.0,1.0,"(1, 2)",650a2466738bb786a6c7849b
123.11079971845044,36.732167554220965,1850,train,1110.2283449435051,1.0,1.0,"(1, 2)",650a2466738bb786a6c7849b
124.00008379228876,35.85371787665487,1851,train,1111.4783449435045,1.0,1.0,"(1, 2)",650a2466738bb786a6c7849b
124.88936786612709,34.975268199088774,1852,train,1112.7283449435038,1.0,1.0,"(1, 2)",650a2466738bb786a6c7849b
125.77865193996541,34.09681852152268,1853,train,1113.978344943503,1.0,1.0,"(1, 2)",650a2466738bb786a6c7849b
126.66793601380374,33.21836884395658,1854,train,1115.2283449435024,1.0,1.0,"(1, 2)",650a2466738bb786a6c7849b
127.55722008764207,32.33991916639049,1855,train,1116.4783449435017,1.0,1.0,"(1, 2)",650a2466738bb786a6c7849b
128.4465041614804,31.46146948882417,1856,train,1117.7283449435013,1.0,1.0,"(1, 2)",650a2466738bb786a6c7849b
129.33578823531872,30.58301981125772,1857,train,1118.9783449435008,1.0,1.0,"(1, 2)",650a2466738bb786a6c7849b
130.22507230915704,29.704570133691362,1858,train,1120.2283449435004,1.0,1.0,"(1, 2)",650a2466738bb786a6c7849b
131.11435638299537,28.826120456125267,1859,train,1121.4783449434997,1.0,1.0,"(1, 2)",650a2466738bb786a6c7849b
132.0036404568337,27.94767077855917,1860,train,1122.728344943499,1.0,1.0,"(1, 2)",650a2466738bb786a6c7849b
132.89292453067202,27.069221100993076,1861,train,1123.9783449434983,1.0,1.0,"(1, 2)",650a2466738bb786a6c7849b
133.78220860451034,26.190771423427094,1862,train,1125.2283449434976,1.0,1.0,"(1, 2)",650a2466738bb786a6c7849b
134.67149267834867,25.312321745861368,1863,train,1126.4783449434967,1.0,1.0,"(1, 2)",650a2466738bb786a6c7849b
135.56077675218825,24.433872068295983,1864,train,1127.7283449434965,1.0,1.0,"(1, 2)",650a2466738bb786a6c7849b
136.0,24.0,1865,train,1128.3457281576073,1.0,1.0,"(1, 2)",650a2466738bb786a6c7849b
136.0,24.0,1866,train,1128.3457281576073,1.0,1.0,"(1, 2)",650a2466738bb786a6c7849b
136.0,24.0,1867,train,1128.3457281576073,1.0,1.0,"(1, 2)",650a2466738bb786a6c7849b
136.0,24.0,1868,train,1128.3457281576073,1.0,1.0,"(1, 2)",650a2466738bb786a6c7849b
136.0,24.0,1869,train,1128.3457281576073,1.0,1.0,"(1, 2)",650a2466738bb786a6c7849b
136.0,24.0,1870,train,1128.3457281576073,1.0,1.0,"(1, 2)",650a2466738bb786a6c7849b
136.0,24.0,1871,train,1128.3457281576073,1.0,1.0,"(1, 2)",650a2466738bb786a6c7849b
136.0,24.0,1872,train,1128.3457281576073,1.0,1.0,"(1, 2)",650a2466738bb786a6c7849b
136.0,24.0,1873,train,1128.3457281576073,1.0,1.0,"(1, 2)",650a2466738bb786a6c7849b
136.0,24.0,1874,train,1128.3457281576073,1.0,1.0,"(1, 2)",650a2466738bb786a6c7849b
136.0,24.0,1875,train,1128.3457281576073,1.0,1.0,"(1, 2)",650a2466738bb786a6c7849b
136.0,24.0,1876,train,1128.3457281576073,1.0,1.0,"(1, 2)",650a2466738bb786a6c7849b
136.0,24.0,1877,train,1128.3457281576073,1.0,1.0,"(1, 2)",650a2466738bb786a6c7849b
136.0,24.0,1878,train,1128.3457281576073,1.0,1.0,"(1, 2)",650a2466738bb786a6c7849b
136.0,24.0,1879,train,1128.3457281576073,1.0,1.0,"(1, 2)",650a2466738bb786a6c7849b
136.0,24.0,1880,train,1128.3457281576073,1.0,1.0,"(1, 2)",650a2466738bb786a6c7849b
136.0,24.0,1881,train,1128.3457281576073,1.0,1.0,"(1, 2)",650a2466738bb786a6c7849b
135.11611652351553,24.88388347648305,1882,train,1129.5957281576082,1.0,1.0,"(1, 2)",650a2466738bb786a6c7849b
134.23223304703106,25.767766952966443,1883,train,1130.8457281576093,1.0,1.0,"(1, 2)",650a2466738bb786a6c7849b
133.3483495705466,26.651650429449848,1884,train,1132.0957281576104,1.0,1.0,"(1, 2)",650a2466738bb786a6c7849b
132.46446609406294,27.535533905933253,1885,train,1133.345728157611,1.0,1.0,"(1, 2)",650a2466738bb786a6c7849b
131.5805826175798,28.419417382416658,1886,train,1134.5957281576111,1.0,1.0,"(1, 2)",650a2466738bb786a6c7849b
130.69669914109667,29.303300858900062,1887,train,1135.8457281576113,1.0,1.0,"(1, 2)",650a2466738bb786a6c7849b
129.81281566461354,30.187184335383467,1888,train,1137.0957281576116,1.0,1.0,"(1, 2)",650a2466738bb786a6c7849b
128.9289321881304,31.07106781186687,1889,train,1138.3457281576118,1.0,1.0,"(1, 2)",650a2466738bb786a6c7849b
128.04504871164727,31.954951288350276,1890,train,1139.595728157612,1.0,1.0,"(1, 2)",650a2466738bb786a6c7849b
127.1611652351642,32.838834764833344,1891,train,1140.8457281576118,1.0,1.0,"(1, 2)",650a2466738bb786a6c7849b
126.27728175868116,33.72271824131639,1892,train,1142.0957281576116,1.0,1.0,"(1, 2)",650a2466738bb786a6c7849b
125.3933982821981,34.60660171779944,1893,train,1143.3457281576113,1.0,1.0,"(1, 2)",650a2466738bb786a6c7849b
124.50951480571506,35.4904851942827,1894,train,1144.5957281576113,1.0,1.0,"(1, 2)",650a2466738bb786a6c7849b
123.62563132923201,36.37436867076619,1895,train,1145.8457281576116,1.0,1.0,"(1, 2)",650a2466738bb786a6c7849b
122.74174785274896,37.25825214724968,1896,train,1147.0957281576118,1.0,1.0,"(1, 2)",650a2466738bb786a6c7849b
121.85786437626591,38.14213562373317,1897,train,1148.345728157612,1.0,1.0,"(1, 2)",650a2466738bb786a6c7849b
120.97398089978286,39.02601910021666,1898,train,1149.5957281576123,1.0,1.0,"(1, 2)",650a2466738bb786a6c7849b
120.04617444130444,39.805653184688964,1899,train,1150.8076085684058,1.0,1.0,"(1, 2)",650a2466738bb786a6c7849b
118.79626611486002,39.820791727745956,1900,train,1152.0576085684063,1.0,1.0,"(1, 2)",650a2466738bb786a6c7849b
117.54635778841559,39.83593027080295,1901,train,1153.3076085684067,1.0,1.0,"(1, 2)",650a2466738bb786a6c7849b
116.29644946197116,39.85106881385981,1902,train,1154.5576085684072,1.0,1.0,"(1, 2)",650a2466738bb786a6c7849b
115.04654113552674,39.866207356916455,1903,train,1155.8076085684077,1.0,1.0,"(1, 2)",650a2466738bb786a6c7849b
113.79663280908231,39.8813458999731,1904,train,1157.057608568408,1.0,1.0,"(1, 2)",650a2466738bb786a6c7849b
112.54672448263788,39.896484443029735,1905,train,1158.3076085684086,1.0,1.0,"(1, 2)",650a2466738bb786a6c7849b
111.29681615619346,39.91162298608638,1906,train,1159.557608568409,1.0,1.0,"(1, 2)",650a2466738bb786a6c7849b
110.04690782974903,39.92676152914302,1907,train,1160.8076085684095,1.0,1.0,"(1, 2)",650a2466738bb786a6c7849b
108.7969995033046,39.94190007219966,1908,train,1162.05760856841,1.0,1.0,"(1, 2)",650a2466738bb786a6c7849b
107.54709117686018,39.9570386152563,1909,train,1163.3076085684104,1.0,1.0,"(1, 2)",650a2466738bb786a6c7849b
106.29718285041575,39.972177158312945,1910,train,1164.5576085684108,1.0,1.0,"(1, 2)",650a2466738bb786a6c7849b
105.04727452397132,39.98731570136958,1911,train,1165.8076085684113,1.0,1.0,"(1, 2)",650a2466738bb786a6c7849b
103.79733686634414,39.99766893490247,1912,train,1167.0575891032195,1.0,1.0,"(1, 2)",650a2466738bb786a6c7849b
102.54733687995359,39.997853385697375,1913,train,1168.3075891032188,1.0,1.0,"(1, 2)",650a2466738bb786a6c7849b
101.29733689356304,39.99803783649228,1914,train,1169.557589103218,1.0,1.0,"(1, 2)",650a2466738bb786a6c7849b
100.0473369071725,39.998222287287184,1915,train,1170.8075891032174,1.0,1.0,"(1, 2)",650a2466738bb786a6c7849b
98.79733692078194,39.99840673808209,1916,train,1172.0575891032167,1.0,1.0,"(1, 2)",650a2466738bb786a6c7849b
97.5473369343914,39.99859118887699,1917,train,1173.307589103216,1.0,1.0,"(1, 2)",650a2466738bb786a6c7849b
96.29733694800085,39.9987756396719,1918,train,1174.5575891032154,1.0,1.0,"(1, 2)",650a2466738bb786a6c7849b
95.0473369616103,39.9989600904668,1919,train,1175.8075891032147,1.0,1.0,"(1, 2)",650a2466738bb786a6c7849b
93.79733697521975,39.99914454126161,1920,train,1177.057589103214,1.0,1.0,"(1, 2)",650a2466738bb786a6c7849b
92.5473369888292,39.99932899205616,1921,train,1178.3075891032133,1.0,1.0,"(1, 2)",650a2466738bb786a6c7849b
91.29733700243865,39.999513442850706,1922,train,1179.5575891032126,1.0,1.0,"(1, 2)",650a2466738bb786a6c7849b
90.0473370160481,39.999697893645255,1923,train,1180.807589103212,1.0,1.0,"(1, 2)",650a2466738bb786a6c7849b
88.79733702965756,39.999882344439804,1924,train,1182.0575891032113,1.0,1.0,"(1, 2)",650a2466738bb786a6c7849b
87.54733703619142,39.99997204937522,1925,train,1183.3075890998962,1.0,1.0,"(1, 2)",650a2466738bb786a6c7849b
86.29733703619398,39.99997429659456,1926,train,1184.5575890998957,1.0,1.0,"(1, 2)",650a2466738bb786a6c7849b
85.04733703619654,39.99997654381421,1927,train,1185.8075890998953,1.0,1.0,"(1, 2)",650a2466738bb786a6c7849b
83.7973370361991,39.99997879103387,1928,train,1187.0575890998948,1.0,1.0,"(1, 2)",650a2466738bb786a6c7849b
82.54733703620165,39.99998103825352,1929,train,1188.3075890998944,1.0,1.0,"(1, 2)",650a2466738bb786a6c7849b
81.29733703620421,39.99998328547318,1930,train,1189.557589099894,1.0,1.0,"(1, 2)",650a2466738bb786a6c7849b
80.04733703620677,39.99998553269283,1931,train,1190.8075890998934,1.0,1.0,"(1, 2)",650a2466738bb786a6c7849b
78.79733703620933,39.99998777991249,1932,train,1192.057589099893,1.0,1.0,"(1, 2)",650a2466738bb786a6c7849b
77.54733703621189,39.99999002713214,1933,train,1193.3075890998925,1.0,1.0,"(1, 2)",650a2466738bb786a6c7849b
76.29733703621444,39.9999922743518,1934,train,1194.557589099892,1.0,1.0,"(1, 2)",650a2466738bb786a6c7849b
75.047337036217,39.99999452157145,1935,train,1195.8075890998916,1.0,1.0,"(1, 2)",650a2466738bb786a6c7849b
73.79733703621956,39.99999676879111,1936,train,1197.0575890998912,1.0,1.0,"(1, 2)",650a2466738bb786a6c7849b
72.54733703622212,39.99999901601076,1937,train,1198.3075890998907,1.0,1.0,"(1, 2)",650a2466738bb786a6c7849b
71.55705250305924,40.632483413080365,1938,train,1199.482621001227,1.0,1.0,"(1, 2)",650a2466738bb786a6c7849b
70.66776842922091,41.51093309064717,1939,train,1200.7326210012268,1.0,1.0,"(1, 2)",650a2466738bb786a6c7849b
69.77848435538259,42.38938276821398,1940,train,1201.9826210012266,1.0,1.0,"(1, 2)",650a2466738bb786a6c7849b
68.88920028154426,43.26783244578078,1941,train,1203.2326210012263,1.0,1.0,"(1, 2)",650a2466738bb786a6c7849b
67.99991620770594,44.14628212334759,1942,train,1204.482621001226,1.0,1.0,"(1, 2)",650a2466738bb786a6c7849b
67.11063213386761,45.024731800914395,1943,train,1205.7326210012259,1.0,1.0,"(1, 2)",650a2466738bb786a6c7849b
66.22134806002929,45.9031814784812,1944,train,1206.9826210012257,1.0,1.0,"(1, 2)",650a2466738bb786a6c7849b
65.33206398619096,46.78163115604774,1945,train,1208.2326210012254,1.0,1.0,"(1, 2)",650a2466738bb786a6c7849b
64.44277991235263,47.66008083361383,1946,train,1209.4826210012247,1.0,1.0,"(1, 2)",650a2466738bb786a6c7849b
63.553495838513946,48.53853051117993,1947,train,1210.7326210012243,1.0,1.0,"(1, 2)",650a2466738bb786a6c7849b
62.66421176467491,49.41698018874657,1948,train,1211.9826210012245,1.0,1.0,"(1, 2)",650a2466738bb786a6c7849b
61.774927690835874,50.29542986631321,1949,train,1213.2326210012247,1.0,1.0,"(1, 2)",650a2466738bb786a6c7849b
60.88564361699684,51.17387954387986,1950,train,1214.482621001225,1.0,1.0,"(1, 2)",650a2466738bb786a6c7849b
59.9963595431578,52.05232922144651,1951,train,1215.7326210012252,1.0,1.0,"(1, 2)",650a2466738bb786a6c7849b
59.107075469318765,52.93077889901316,1952,train,1216.9826210012254,1.0,1.0,"(1, 2)",650a2466738bb786a6c7849b
58.21779139547973,53.809228576579805,1953,train,1218.2326210012257,1.0,1.0,"(1, 2)",650a2466738bb786a6c7849b
57.32850732164069,54.687678254146455,1954,train,1219.4826210012259,1.0,1.0,"(1, 2)",650a2466738bb786a6c7849b
56.43922324780166,55.5661279317131,1955,train,1220.732621001226,1.0,1.0,"(1, 2)",650a2466738bb786a6c7849b
56.18789943411698,56.715740397590366,1956,train,1221.9093845633001,1.0,1.0,"(1, 2)",650a2466738bb786a6c7849b
56.172533524872954,57.965645949555125,1957,train,1223.1593845633,1.0,1.0,"(1, 2)",650a2466738bb786a6c7849b
56.15716761562893,59.21555150151988,1958,train,1224.4093845632997,1.0,1.0,"(1, 2)",650a2466738bb786a6c7849b
56.1418017063849,60.46545705348464,1959,train,1225.6593845632995,1.0,1.0,"(1, 2)",650a2466738bb786a6c7849b
56.12643579714088,61.7153626054494,1960,train,1226.9093845632992,1.0,1.0,"(1, 2)",650a2466738bb786a6c7849b
56.11106988789685,62.96526815741416,1961,train,1228.159384563299,1.0,1.0,"(1, 2)",650a2466738bb786a6c7849b
56.09570397865283,64.21517370937904,1962,train,1229.4093845632988,1.0,1.0,"(1, 2)",650a2466738bb786a6c7849b
56.0803380694088,65.46507926134451,1963,train,1230.6593845632992,1.0,1.0,"(1, 2)",650a2466738bb786a6c7849b
56.06497216016478,66.71498481330998,1964,train,1231.9093845632997,1.0,1.0,"(1, 2)",650a2466738bb786a6c7849b
56.04960625092075,67.96489036527545,1965,train,1233.1593845633001,1.0,1.0,"(1, 2)",650a2466738bb786a6c7849b
56.03424034167659,69.21479591724092,1966,train,1234.4093845633006,1.0,1.0,"(1, 2)",650a2466738bb786a6c7849b
56.018874432432206,70.46470146920639,1967,train,1235.659384563301,1.0,1.0,"(1, 2)",650a2466738bb786a6c7849b
56.00350852318782,71.71460702117186,1968,train,1236.9093845633015,1.0,1.0,"(1, 2)",650a2466738bb786a6c7849b
56.00225830311742,72.9646003966967,1969,train,1238.1593785640496,1.0,1.0,"(1, 2)",650a2466738bb786a6c7849b
56.00207055427517,74.21460038259697,1970,train,1239.4093785640498,1.0,1.0,"(1, 2)",650a2466738bb786a6c7849b
56.00188280543292,75.46460036849724,1971,train,1240.65937856405,1.0,1.0,"(1, 2)",650a2466738bb786a6c7849b
56.00169505659067,76.71460035439752,1972,train,1241.9093785640503,1.0,1.0,"(1, 2)",650a2466738bb786a6c7849b
56.00150730774842,77.96460034029779,1973,train,1243.1593785640505,1.0,1.0,"(1, 2)",650a2466738bb786a6c7849b
56.00131955890636,79.21460032619807,1974,train,1244.4093785640507,1.0,1.0,"(1, 2)",650a2466738bb786a6c7849b
56.001131810064464,80.46460031209834,1975,train,1245.659378564051,1.0,1.0,"(1, 2)",650a2466738bb786a6c7849b
56.00094406122257,81.71460029799862,1976,train,1246.9093785640512,1.0,1.0,"(1, 2)",650a2466738bb786a6c7849b
56.00075631238067,82.96460028389889,1977,train,1248.1593785640514,1.0,1.0,"(1, 2)",650a2466738bb786a6c7849b
56.00056856353878,84.21460026979916,1978,train,1249.4093785640516,1.0,1.0,"(1, 2)",650a2466738bb786a6c7849b
56.00038081469688,85.46460025569944,1979,train,1250.6593785640518,1.0,1.0,"(1, 2)",650a2466738bb786a6c7849b
56.00019306585499,86.71460024159971,1980,train,1251.909378564052,1.0,1.0,"(1, 2)",650a2466738bb786a6c7849b
56.0,88.0,1981,train,1253.1947783369515,1.0,1.0,"(1, 2)",650a2466738bb786a6c7849b
56.0,88.0,1982,train,1253.1947783369515,1.0,1.0,"(1, 2)",650a2466738bb786a6c7849b
56.0,88.0,1983,train,1253.1947783369515,1.0,1.0,"(1, 2)",650a2466738bb786a6c7849b
56.0,88.0,1984,train,1253.1947783369515,1.0,1.0,"(1, 2)",650a2466738bb786a6c7849b
56.0,88.0,1985,train,1253.1947783369515,1.0,1.0,"(1, 2)",650a2466738bb786a6c7849b
56.0,88.0,1986,train,1253.1947783369515,1.0,1.0,"(1, 2)",650a2466738bb786a6c7849b
56.0,88.0,1987,train,1253.1947783369515,1.0,1.0,"(1, 2)",650a2466738bb786a6c7849b
56.0,88.0,1988,train,1253.1947783369515,1.0,1.0,"(1, 2)",650a2466738bb786a6c7849b
56.0,88.0,1989,train,1253.1947783369515,1.0,1.0,"(1, 2)",650a2466738bb786a6c7849b
56.0,88.0,1990,train,1253.1947783369515,1.0,1.0,"(1, 2)",650a2466738bb786a6c7849b
56.0,88.0,1991,train,1253.1947783369515,1.0,1.0,"(1, 2)",650a2466738bb786a6c7849b
56.0,88.0,1992,train,1253.1947783369515,1.0,1.0,"(1, 2)",650a2466738bb786a6c7849b
56.0,88.0,1993,train,1253.1947783369515,1.0,1.0,"(1, 2)",650a2466738bb786a6c7849b
56.0,88.0,1994,train,1253.1947783369515,1.0,1.0,"(1, 2)",650a2466738bb786a6c7849b
56.0,88.0,1995,train,1253.1947783369515,1.0,1.0,"(1, 2)",650a2466738bb786a6c7849b
56.0,88.0,1996,train,1253.1947783369515,1.0,1.0,"(1, 2)",650a2466738bb786a6c7849b
56.0,88.0,1997,train,1253.1947783369515,1.0,1.0,"(1, 2)",650a2466738bb786a6c7849b
56.0,88.0,1998,train,1253.1947783369515,1.0,1.0,"(1, 2)",650a2466738bb786a6c7849b
56.0,88.0,1999,train,1253.1947783369515,1.0,1.0,"(1, 2)",650a2466738bb786a6c7849b
56.0,88.0,2000,train,1253.1947783369515,1.0,1.0,"(1, 2)",650a2466738bb786a6c7849b
56.0,88.0,2001,train,1253.1947783369515,1.0,1.0,"(1, 2)",650a2466738bb786a6c7849b
56.0,88.0,2002,train,1253.1947783369515,1.0,1.0,"(1, 2)",650a2466738bb786a6c7849b
56.0,88.0,2003,train,1253.1947783369515,1.0,1.0,"(1, 2)",650a2466738bb786a6c7849b
56.0,88.0,2004,train,1253.1947783369515,1.0,1.0,"(1, 2)",650a2466738bb786a6c7849b
56.0,88.0,2005,train,1253.1947783369515,1.0,1.0,"(1, 2)",650a2466738bb786a6c7849b
56.0,88.0,2006,train,1253.1947783369515,1.0,1.0,"(1, 2)",650a2466738bb786a6c7849b
56.0,88.0,2007,train,1253.1947783369515,1.0,1.0,"(1, 2)",650a2466738bb786a6c7849b
56.0,88.0,2008,train,1253.1947783369515,1.0,1.0,"(1, 2)",650a2466738bb786a6c7849b
56.0,88.0,2009,train,1253.1947783369515,1.0,1.0,"(1, 2)",650a2466738bb786a6c7849b
56.0,88.0,2010,train,1253.1947783369515,1.0,1.0,"(1, 2)",650a2466738bb786a6c7849b
56.0,88.0,2011,train,1253.1947783369515,1.0,1.0,"(1, 2)",650a2466738bb786a6c7849b
56.0,88.0,2012,train,1253.1947783369515,1.0,1.0,"(1, 2)",650a2466738bb786a6c7849b
56.0,88.0,2013,train,1253.1947783369515,1.0,1.0,"(1, 2)",650a2466738bb786a6c7849b
56.0,88.0,2014,train,1253.1947783369515,1.0,1.0,"(1, 2)",650a2466738bb786a6c7849b
56.0,88.0,2015,train,1253.1947783369515,1.0,1.0,"(1, 2)",650a2466738bb786a6c7849b
56.0,88.0,2016,train,1253.1947783369515,1.0,1.0,"(1, 2)",650a2466738bb786a6c7849b
56.0,88.0,2017,train,1253.1947783369515,1.0,1.0,"(1, 2)",650a2466738bb786a6c7849b
56.0,88.0,2018,train,1253.1947783369515,1.0,1.0,"(1, 2)",650a2466738bb786a6c7849b
56.0,88.0,2019,train,1253.1947783369515,1.0,1.0,"(1, 2)",650a2466738bb786a6c7849b
56.0,88.0,2020,train,1253.1947783369515,1.0,1.0,"(1, 2)",650a2466738bb786a6c7849b
56.0,88.0,2021,train,1253.1947783369515,1.0,1.0,"(1, 2)",650a2466738bb786a6c7849b
56.0,88.0,2022,train,1253.1947783369515,1.0,1.0,"(1, 2)",650a2466738bb786a6c7849b
56.0,88.0,2023,train,1253.1947783369515,1.0,1.0,"(1, 2)",650a2466738bb786a6c7849b
56.0,88.0,2024,train,1253.1947783369515,1.0,1.0,"(1, 2)",650a2466738bb786a6c7849b
56.0,88.0,2025,train,1253.1947783369515,1.0,1.0,"(1, 2)",650a2466738bb786a6c7849b
56.0,88.0,2026,train,1253.1947783369515,1.0,1.0,"(1, 2)",650a2466738bb786a6c7849b
56.0,88.0,2027,train,1253.1947783369515,1.0,1.0,"(1, 2)",650a2466738bb786a6c7849b
56.0,88.0,2028,train,1253.1947783369515,1.0,1.0,"(1, 2)",650a2466738bb786a6c7849b
56.0,88.0,2029,train,1253.1947783369515,1.0,1.0,"(1, 2)",650a2466738bb786a6c7849b
56.0,88.0,2030,train,1253.1947783369515,1.0,1.0,"(1, 2)",650a2466738bb786a6c7849b
56.0,88.0,2031,train,1253.1947783369515,1.0,1.0,"(1, 2)",650a2466738bb786a6c7849b
56.0,88.0,2032,train,1253.1947783369515,1.0,1.0,"(1, 2)",650a2466738bb786a6c7849b
56.0,86.74999999999972,2033,train,1254.4447783369517,1.0,1.0,"(1, 2)",650a2466738bb786a6c7849b
56.0,85.49999999999943,2034,train,1255.694778336952,1.0,1.0,"(1, 2)",650a2466738bb786a6c7849b
56.0,84.24999999999915,2035,train,1256.9447783369521,1.0,1.0,"(1, 2)",650a2466738bb786a6c7849b
56.0,82.99999999999886,2036,train,1258.1947783369524,1.0,1.0,"(1, 2)",650a2466738bb786a6c7849b
56.0,81.74999999999858,2037,train,1259.4447783369526,1.0,1.0,"(1, 2)",650a2466738bb786a6c7849b
56.0,80.4999999999983,2038,train,1260.6947783369528,1.0,1.0,"(1, 2)",650a2466738bb786a6c7849b
56.0,79.24999999999801,2039,train,1261.944778336953,1.0,1.0,"(1, 2)",650a2466738bb786a6c7849b
56.0,77.99999999999773,2040,train,1263.1947783369533,1.0,1.0,"(1, 2)",650a2466738bb786a6c7849b
56.0,76.74999999999744,2041,train,1264.4447783369535,1.0,1.0,"(1, 2)",650a2466738bb786a6c7849b
56.0,75.49999999999716,2042,train,1265.6947783369537,1.0,1.0,"(1, 2)",650a2466738bb786a6c7849b
56.0,74.24999999999687,2043,train,1266.944778336954,1.0,1.0,"(1, 2)",650a2466738bb786a6c7849b
56.0,72.99999999999659,2044,train,1268.1947783369542,1.0,1.0,"(1, 2)",650a2466738bb786a6c7849b
56.0,71.7499999999963,2045,train,1269.4447783369544,1.0,1.0,"(1, 2)",650a2466738bb786a6c7849b
56.0,70.49999999999602,2046,train,1270.6947783369546,1.0,1.0,"(1, 2)",650a2466738bb786a6c7849b
56.0,69.24999999999574,2047,train,1271.9447783369549,1.0,1.0,"(1, 2)",650a2466738bb786a6c7849b
56.0,67.99999999999545,2048,train,1273.194778336955,1.0,1.0,"(1, 2)",650a2466738bb786a6c7849b
56.0,66.74999999999517,2049,train,1274.4447783369553,1.0,1.0,"(1, 2)",650a2466738bb786a6c7849b
56.0,65.49999999999488,2050,train,1275.6947783369556,1.0,1.0,"(1, 2)",650a2466738bb786a6c7849b
56.0,64.2499999999946,2051,train,1276.9447783369558,1.0,1.0,"(1, 2)",650a2466738bb786a6c7849b
56.0,62.999999999994316,2052,train,1278.194778336956,1.0,1.0,"(1, 2)",650a2466738bb786a6c7849b
56.0,61.74999999999403,2053,train,1279.4447783369562,1.0,1.0,"(1, 2)",650a2466738bb786a6c7849b
56.0,60.49999999999375,2054,train,1280.6947783369565,1.0,1.0,"(1, 2)",650a2466738bb786a6c7849b
56.0,59.24999999999346,2055,train,1281.9447783369567,1.0,1.0,"(1, 2)",650a2466738bb786a6c7849b
56.0,57.99999999999318,2056,train,1283.194778336957,1.0,1.0,"(1, 2)",650a2466738bb786a6c7849b
56.0,56.749999999992895,2057,train,1284.4447783369571,1.0,1.0,"(1, 2)",650a2466738bb786a6c7849b
56.0,55.49999999999261,2058,train,1285.6947783369574,1.0,1.0,"(1, 2)",650a2466738bb786a6c7849b
56.0,54.249999999992326,2059,train,1286.9447783369576,1.0,1.0,"(1, 2)",650a2466738bb786a6c7849b
56.0,52.99999999999204,2060,train,1288.1947783369578,1.0,1.0,"(1, 2)",650a2466738bb786a6c7849b
56.0,51.74999999999176,2061,train,1289.444778336958,1.0,1.0,"(1, 2)",650a2466738bb786a6c7849b
56.0,50.49999999999147,2062,train,1290.6947783369583,1.0,1.0,"(1, 2)",650a2466738bb786a6c7849b
56.0,49.24999999999119,2063,train,1291.9447783369585,1.0,1.0,"(1, 2)",650a2466738bb786a6c7849b
56.0,47.999999999990905,2064,train,1293.1947783369587,1.0,1.0,"(1, 2)",650a2466738bb786a6c7849b
56.0,46.74999999999062,2065,train,1294.444778336959,1.0,1.0,"(1, 2)",650a2466738bb786a6c7849b
56.0,45.49999999999034,2066,train,1295.6947783369592,1.0,1.0,"(1, 2)",650a2466738bb786a6c7849b
56.0,44.24999999999005,2067,train,1296.9447783369594,1.0,1.0,"(1, 2)",650a2466738bb786a6c7849b
56.0,42.99999999998977,2068,train,1298.1947783369596,1.0,1.0,"(1, 2)",650a2466738bb786a6c7849b
56.0,41.749999999989484,2069,train,1299.4447783369599,1.0,1.0,"(1, 2)",650a2466738bb786a6c7849b
56.0,40.4999999999892,2070,train,1300.69477833696,1.0,1.0,"(1, 2)",650a2466738bb786a6c7849b
55.33243380389186,39.52408922643008,2071,train,1301.877168485826,1.0,1.0,"(1, 2)",650a2466738bb786a6c7849b
54.45405723006536,38.634732945431324,2072,train,1303.1271684858255,1.0,1.0,"(1, 2)",650a2466738bb786a6c7849b
53.57568065623886,37.74537666443257,2073,train,1304.377168485825,1.0,1.0,"(1, 2)",650a2466738bb786a6c7849b
52.69730408241236,36.856020383433815,2074,train,1305.6271684858245,1.0,1.0,"(1, 2)",650a2466738bb786a6c7849b
51.81892750858586,35.96666410243506,2075,train,1306.877168485824,1.0,1.0,"(1, 2)",650a2466738bb786a6c7849b
50.94055093475936,35.07730782143631,2076,train,1308.1271684858236,1.0,1.0,"(1, 2)",650a2466738bb786a6c7849b
50.06217436093286,34.18795154043755,2077,train,1309.3771684858232,1.0,1.0,"(1, 2)",650a2466738bb786a6c7849b
49.18379778710636,33.2985952594388,2078,train,1310.6271684858227,1.0,1.0,"(1, 2)",650a2466738bb786a6c7849b
48.30542121327986,32.409238978440044,2079,train,1311.8771684858223,1.0,1.0,"(1, 2)",650a2466738bb786a6c7849b
47.42704463945336,31.519882697441098,2080,train,1313.127168485822,1.0,1.0,"(1, 2)",650a2466738bb786a6c7849b
46.548668065626856,30.630526416441988,2081,train,1314.377168485822,1.0,1.0,"(1, 2)",650a2466738bb786a6c7849b
45.670291491800356,29.74117013544308,2082,train,1315.6271684858218,1.0,1.0,"(1, 2)",650a2466738bb786a6c7849b
44.791914917973855,28.851813854444327,2083,train,1316.8771684858214,1.0,1.0,"(1, 2)",650a2466738bb786a6c7849b
43.913538344147256,27.962457573445572,2084,train,1318.1271684858211,1.0,1.0,"(1, 2)",650a2466738bb786a6c7849b
43.03516177032054,27.073101292446818,2085,train,1319.377168485821,1.0,1.0,"(1, 2)",650a2466738bb786a6c7849b
42.15678519649383,26.183745011448064,2086,train,1320.6271684858207,1.0,1.0,"(1, 2)",650a2466738bb786a6c7849b
41.27840862266712,25.29438873044931,2087,train,1321.8771684858204,1.0,1.0,"(1, 2)",650a2466738bb786a6c7849b
40.40003204884041,24.405032449450555,2088,train,1323.1271684858202,1.0,1.0,"(1, 2)",650a2466738bb786a6c7849b
39.50952374870474,24.855296768864118,2089,train,1324.1250377106926,1.0,1.0,"(1, 2)",650a2466738bb786a6c7849b
38.61518437710308,25.728599172618413,2090,train,1325.3750377106926,1.0,1.0,"(1, 2)",650a2466738bb786a6c7849b
37.72084500550142,26.601901576372708,2091,train,1326.6250377106926,1.0,1.0,"(1, 2)",650a2466738bb786a6c7849b
36.82650563389976,27.475203980127002,2092,train,1327.8750377106926,1.0,1.0,"(1, 2)",650a2466738bb786a6c7849b
35.9321662622981,28.348506383881297,2093,train,1329.1250377106926,1.0,1.0,"(1, 2)",650a2466738bb786a6c7849b
35.03782689069644,29.22180878763559,2094,train,1330.3750377106926,1.0,1.0,"(1, 2)",650a2466738bb786a6c7849b
34.143487519094776,30.095111191389886,2095,train,1331.6250377106926,1.0,1.0,"(1, 2)",650a2466738bb786a6c7849b
33.249148147493116,30.96841359514418,2096,train,1332.8750377106926,1.0,1.0,"(1, 2)",650a2466738bb786a6c7849b
32.354808775891456,31.841715998898476,2097,train,1334.1250377106926,1.0,1.0,"(1, 2)",650a2466738bb786a6c7849b
31.460469404289796,32.71501840265279,2098,train,1335.3750377106926,1.0,1.0,"(1, 2)",650a2466738bb786a6c7849b
30.566130032688136,33.58832080640701,2099,train,1336.6250377106926,1.0,1.0,"(1, 2)",650a2466738bb786a6c7849b
29.671790661086476,34.46162321016124,2100,train,1337.8750377106926,1.0,1.0,"(1, 2)",650a2466738bb786a6c7849b
28.777451289484816,35.33492561391547,2101,train,1339.1250377106926,1.0,1.0,"(1, 2)",650a2466738bb786a6c7849b
27.883111917883156,36.208228017669704,2102,train,1340.3750377106926,1.0,1.0,"(1, 2)",650a2466738bb786a6c7849b
26.988772546281496,37.081530421423935,2103,train,1341.6250377106926,1.0,1.0,"(1, 2)",650a2466738bb786a6c7849b
26.094433174679835,37.954832825178165,2104,train,1342.8750377106926,1.0,1.0,"(1, 2)",650a2466738bb786a6c7849b
25.200093803078175,38.828135228932396,2105,train,1344.1250377106926,1.0,1.0,"(1, 2)",650a2466738bb786a6c7849b
24.305754431476515,39.70143763268663,2106,train,1345.3750377106926,1.0,1.0,"(1, 2)",650a2466738bb786a6c7849b
24.0,40.0,2107,train,1345.8023844780178,1.0,1.0,"(1, 2)",650a2466738bb786a6c7849b
24.0,40.0,2108,train,1345.8023844780178,1.0,1.0,"(1, 2)",650a2466738bb786a6c7849b
24.0,40.0,2109,train,1345.8023844780178,1.0,1.0,"(1, 2)",650a2466738bb786a6c7849b
24.0,40.0,2110,train,1345.8023844780178,1.0,1.0,"(1, 2)",650a2466738bb786a6c7849b
24.0,40.0,2111,train,1345.8023844780178,1.0,1.0,"(1, 2)",650a2466738bb786a6c7849b
24.0,40.0,2112,train,1345.8023844780178,1.0,1.0,"(1, 2)",650a2466738bb786a6c7849b
24.0,40.0,2113,train,1345.8023844780178,1.0,1.0,"(1, 2)",650a2466738bb786a6c7849b
24.0,40.0,2114,train,1345.8023844780178,1.0,1.0,"(1, 2)",650a2466738bb786a6c7849b
24.0,40.0,2115,train,1345.8023844780178,1.0,1.0,"(1, 2)",650a2466738bb786a6c7849b
24.0,40.0,2116,train,1345.8023844780178,1.0,1.0,"(1, 2)",650a2466738bb786a6c7849b
24.0,40.0,2117,train,1345.8023844780178,1.0,1.0,"(1, 2)",650a2466738bb786a6c7849b
24.0,40.0,2118,train,1345.8023844780178,1.0,1.0,"(1, 2)",650a2466738bb786a6c7849b
24.0,40.0,2119,train,1345.8023844780178,1.0,1.0,"(1, 2)",650a2466738bb786a6c7849b
24.0,40.0,2120,train,1345.8023844780178,1.0,1.0,"(1, 2)",650a2466738bb786a6c7849b
24.0,40.0,2121,train,1345.8023844780178,1.0,1.0,"(1, 2)",650a2466738bb786a6c7849b
24.0,40.0,2122,train,1345.8023844780178,1.0,1.0,"(1, 2)",650a2466738bb786a6c7849b
24.0,40.0,2123,train,1345.8023844780178,1.0,1.0,"(1, 2)",650a2466738bb786a6c7849b
24.0,40.0,2124,train,1345.8023844780178,1.0,1.0,"(1, 2)",650a2466738bb786a6c7849b
24.0,40.0,2125,train,1345.8023844780178,1.0,1.0,"(1, 2)",650a2466738bb786a6c7849b
24.0,40.0,2126,train,1345.8023844780178,1.0,1.0,"(1, 2)",650a2466738bb786a6c7849b
24.0,40.0,2127,train,1345.8023844780178,1.0,1.0,"(1, 2)",650a2466738bb786a6c7849b
24.0,40.0,2128,train,1345.8023844780178,1.0,1.0,"(1, 2)",650a2466738bb786a6c7849b
24.0,40.0,2129,train,1345.8023844780178,1.0,1.0,"(1, 2)",650a2466738bb786a6c7849b
24.0,40.0,2130,train,1345.8023844780178,1.0,1.0,"(1, 2)",650a2466738bb786a6c7849b
24.0,40.0,2131,train,1345.8023844780178,1.0,1.0,"(1, 2)",650a2466738bb786a6c7849b
24.0,40.0,2132,train,1345.8023844780178,1.0,1.0,"(1, 2)",650a2466738bb786a6c7849b
24.0,40.0,2133,train,1345.8023844780178,1.0,1.0,"(1, 2)",650a2466738bb786a6c7849b
24.0,40.0,2134,train,1345.8023844780178,1.0,1.0,"(1, 2)",650a2466738bb786a6c7849b
24.0,40.0,2135,train,1345.8023844780178,1.0,1.0,"(1, 2)",650a2466738bb786a6c7849b
24.0,40.0,2136,train,1345.8023844780178,1.0,1.0,"(1, 2)",650a2466738bb786a6c7849b
24.0,40.0,2137,train,1345.8023844780178,1.0,1.0,"(1, 2)",650a2466738bb786a6c7849b
24.0,40.0,2138,train,1345.8023844780178,1.0,1.0,"(1, 2)",650a2466738bb786a6c7849b
24.0,40.0,2139,train,1345.8023844780178,1.0,1.0,"(1, 2)",650a2466738bb786a6c7849b
24.0,41.250000000000284,2140,train,1347.052384478018,1.0,1.0,"(1, 2)",650a2466738bb786a6c7849b
24.0,42.50000000000057,2141,train,1348.3023844780182,1.0,1.0,"(1, 2)",650a2466738bb786a6c7849b
24.0,43.75000000000085,2142,train,1349.5523844780184,1.0,1.0,"(1, 2)",650a2466738bb786a6c7849b
24.0,45.00000000000114,2143,train,1350.8023844780187,1.0,1.0,"(1, 2)",650a2466738bb786a6c7849b
24.0,46.25000000000142,2144,train,1352.052384478019,1.0,1.0,"(1, 2)",650a2466738bb786a6c7849b
24.0,47.500000000001705,2145,train,1353.3023844780191,1.0,1.0,"(1, 2)",650a2466738bb786a6c7849b
24.0,48.75000000000199,2146,train,1354.5523844780193,1.0,1.0,"(1, 2)",650a2466738bb786a6c7849b
24.0,50.000000000002274,2147,train,1355.8023844780196,1.0,1.0,"(1, 2)",650a2466738bb786a6c7849b
24.0,51.25000000000256,2148,train,1357.0523844780198,1.0,1.0,"(1, 2)",650a2466738bb786a6c7849b
24.0,52.50000000000284,2149,train,1358.30238447802,1.0,1.0,"(1, 2)",650a2466738bb786a6c7849b
24.0,53.750000000003126,2150,train,1359.5523844780203,1.0,1.0,"(1, 2)",650a2466738bb786a6c7849b
24.0,55.00000000000341,2151,train,1360.8023844780205,1.0,1.0,"(1, 2)",650a2466738bb786a6c7849b
24.0,56.0,2152,train,1361.802384478017,1.0,1.0,"(1, 2)",650a2466738bb786a6c7849b
24.0,56.0,2153,train,1361.802384478017,1.0,1.0,"(1, 2)",650a2466738bb786a6c7849b
24.0,56.0,2154,train,1361.802384478017,1.0,1.0,"(1, 2)",650a2466738bb786a6c7849b
24.0,56.0,2155,train,1361.802384478017,1.0,1.0,"(1, 2)",650a2466738bb786a6c7849b
24.0,54.749999999999716,2156,train,1363.0523844780173,1.0,1.0,"(1, 2)",650a2466738bb786a6c7849b
24.0,53.49999999999943,2157,train,1364.3023844780175,1.0,1.0,"(1, 2)",650a2466738bb786a6c7849b
24.0,52.24999999999915,2158,train,1365.5523844780178,1.0,1.0,"(1, 2)",650a2466738bb786a6c7849b
24.0,50.99999999999886,2159,train,1366.802384478018,1.0,1.0,"(1, 2)",650a2466738bb786a6c7849b
24.0,49.74999999999858,2160,train,1368.0523844780182,1.0,1.0,"(1, 2)",650a2466738bb786a6c7849b
24.0,48.499999999998295,2161,train,1369.3023844780184,1.0,1.0,"(1, 2)",650a2466738bb786a6c7849b
24.0,47.24999999999801,2162,train,1370.5523844780187,1.0,1.0,"(1, 2)",650a2466738bb786a6c7849b
24.0,45.999999999997726,2163,train,1371.802384478019,1.0,1.0,"(1, 2)",650a2466738bb786a6c7849b
24.0,44.74999999999744,2164,train,1373.0523844780191,1.0,1.0,"(1, 2)",650a2466738bb786a6c7849b
24.0,43.49999999999716,2165,train,1374.3023844780193,1.0,1.0,"(1, 2)",650a2466738bb786a6c7849b
24.0,42.249999999996874,2166,train,1375.5523844780196,1.0,1.0,"(1, 2)",650a2466738bb786a6c7849b
24.0,40.99999999999659,2167,train,1376.8023844780198,1.0,1.0,"(1, 2)",650a2466738bb786a6c7849b
24.0,40.0,2168,train,1377.8023844780164,1.0,1.0,"(1, 2)",650a2466738bb786a6c7849b
24.0,40.0,2169,train,1377.8023844780164,1.0,1.0,"(1, 2)",650a2466738bb786a6c7849b
24.0,40.0,2170,train,1377.8023844780164,1.0,1.0,"(1, 2)",650a2466738bb786a6c7849b
24.0,40.0,2171,train,1377.8023844780164,1.0,1.0,"(1, 2)",650a2466738bb786a6c7849b
24.0,40.0,2172,train,1377.8023844780164,1.0,1.0,"(1, 2)",650a2466738bb786a6c7849b
24.0,40.0,2173,train,1377.8023844780164,1.0,1.0,"(1, 2)",650a2466738bb786a6c7849b
24.0,40.0,2174,train,1377.8023844780164,1.0,1.0,"(1, 2)",650a2466738bb786a6c7849b
24.0,40.0,2175,train,1377.8023844780164,1.0,1.0,"(1, 2)",650a2466738bb786a6c7849b
24.0,40.0,2176,train,1377.8023844780164,1.0,1.0,"(1, 2)",650a2466738bb786a6c7849b
24.0,40.0,2177,train,1377.8023844780164,1.0,1.0,"(1, 2)",650a2466738bb786a6c7849b
24.0,40.0,2178,train,1377.8023844780164,1.0,1.0,"(1, 2)",650a2466738bb786a6c7849b
24.0,40.0,2179,train,1377.8023844780164,1.0,1.0,"(1, 2)",650a2466738bb786a6c7849b
24.0,40.0,2180,train,1377.8023844780164,1.0,1.0,"(1, 2)",650a2466738bb786a6c7849b
24.0,40.0,2181,train,1377.8023844780164,1.0,1.0,"(1, 2)",650a2466738bb786a6c7849b
24.0,40.0,2182,train,1377.8023844780164,1.0,1.0,"(1, 2)",650a2466738bb786a6c7849b
24.0,40.0,2183,train,1377.8023844780164,1.0,1.0,"(1, 2)",650a2466738bb786a6c7849b
24.0,40.0,2184,train,1377.8023844780164,1.0,1.0,"(1, 2)",650a2466738bb786a6c7849b
24.0,40.0,2185,train,1377.8023844780164,1.0,1.0,"(1, 2)",650a2466738bb786a6c7849b
24.0,40.0,2186,train,1377.8023844780164,1.0,1.0,"(1, 2)",650a2466738bb786a6c7849b
24.0,40.0,2187,train,1377.8023844780164,1.0,1.0,"(1, 2)",650a2466738bb786a6c7849b
24.0,40.0,2188,train,1377.8023844780164,1.0,1.0,"(1, 2)",650a2466738bb786a6c7849b
24.0,40.0,2189,train,1377.8023844780164,1.0,1.0,"(1, 2)",650a2466738bb786a6c7849b
24.0,40.0,2190,train,1377.8023844780164,1.0,1.0,"(1, 2)",650a2466738bb786a6c7849b
24.0,40.0,2191,train,1377.8023844780164,1.0,1.0,"(1, 2)",650a2466738bb786a6c7849b
24.0,40.0,2192,train,1377.8023844780164,1.0,1.0,"(1, 2)",650a2466738bb786a6c7849b
24.0,40.0,2193,train,1377.8023844780164,1.0,1.0,"(1, 2)",650a2466738bb786a6c7849b
24.0,40.0,2194,train,1377.8023844780164,1.0,1.0,"(1, 2)",650a2466738bb786a6c7849b
24.0,40.0,2195,train,1377.8023844780164,1.0,1.0,"(1, 2)",650a2466738bb786a6c7849b
24.0,40.0,2196,train,1377.8023844780164,1.0,1.0,"(1, 2)",650a2466738bb786a6c7849b
24.0,40.0,2197,train,1377.8023844780164,1.0,1.0,"(1, 2)",650a2466738bb786a6c7849b
24.0,40.0,2198,train,1377.8023844780164,1.0,1.0,"(1, 2)",650a2466738bb786a6c7849b
24.0,40.0,2199,train,1377.8023844780164,1.0,1.0,"(1, 2)",650a2466738bb786a6c7849b
24.0,40.0,2200,train,1377.8023844780164,1.0,1.0,"(1, 2)",650a2466738bb786a6c7849b
24.0,40.0,2201,train,1377.8023844780164,1.0,1.0,"(1, 2)",650a2466738bb786a6c7849b
24.0,40.0,2202,train,1377.8023844780164,1.0,1.0,"(1, 2)",650a2466738bb786a6c7849b
24.0,40.0,2203,train,1377.8023844780164,1.0,1.0,"(1, 2)",650a2466738bb786a6c7849b
24.0,40.0,2204,train,1377.8023844780164,1.0,1.0,"(1, 2)",650a2466738bb786a6c7849b
24.0,40.0,2205,train,1377.8023844780164,1.0,1.0,"(1, 2)",650a2466738bb786a6c7849b
24.0,40.0,2206,train,1377.8023844780164,1.0,1.0,"(1, 2)",650a2466738bb786a6c7849b
24.88388347648305,39.11611652351695,2207,train,1379.0523844780162,1.0,1.0,"(1, 2)",650a2466738bb786a6c7849b
25.7677669529661,38.2322330470339,2208,train,1380.302384478016,1.0,1.0,"(1, 2)",650a2466738bb786a6c7849b
26.65165042944915,37.34834957055085,2209,train,1381.5523844780157,1.0,1.0,"(1, 2)",650a2466738bb786a6c7849b
27.535533905932198,36.4644660940678,2210,train,1382.8023844780155,1.0,1.0,"(1, 2)",650a2466738bb786a6c7849b
28.419417382415247,35.58058261758475,2211,train,1384.0523844780153,1.0,1.0,"(1, 2)",650a2466738bb786a6c7849b
29.303300858898297,34.6966991411017,2212,train,1385.302384478015,1.0,1.0,"(1, 2)",650a2466738bb786a6c7849b
30.187184335381346,33.812815664618654,2213,train,1386.5523844780148,1.0,1.0,"(1, 2)",650a2466738bb786a6c7849b
30.187184335381346,33.812815664618654,2214,train,1386.5523844780148,1.0,1.0,"(1, 2)",650a2466738bb786a6c7849b
30.187184335381346,33.812815664618654,2215,train,1386.5523844780148,1.0,1.0,"(1, 2)",650a2466738bb786a6c7849b
30.187184335381346,33.812815664618654,2216,train,1386.5523844780148,1.0,1.0,"(1, 2)",650a2466738bb786a6c7849b
30.187184335381346,33.812815664618654,2217,train,1386.5523844780148,1.0,1.0,"(1, 2)",650a2466738bb786a6c7849b
30.187184335381346,33.812815664618654,2218,train,1386.5523844780148,1.0,1.0,"(1, 2)",650a2466738bb786a6c7849b
30.187184335381346,33.812815664618654,2219,train,1386.5523844780148,1.0,1.0,"(1, 2)",650a2466738bb786a6c7849b
30.187184335381346,33.812815664618654,2220,train,1386.5523844780148,1.0,1.0,"(1, 2)",650a2466738bb786a6c7849b
30.187184335381346,33.812815664618654,2221,train,1386.5523844780148,1.0,1.0,"(1, 2)",650a2466738bb786a6c7849b
30.187184335381346,33.812815664618654,2222,train,1386.5523844780148,1.0,1.0,"(1, 2)",650a2466738bb786a6c7849b
30.187184335381346,33.812815664618654,2223,train,1386.5523844780148,1.0,1.0,"(1, 2)",650a2466738bb786a6c7849b
30.187184335381346,33.812815664618654,2224,train,1386.5523844780148,1.0,1.0,"(1, 2)",650a2466738bb786a6c7849b
30.187184335381346,33.812815664618654,2225,train,1386.5523844780148,1.0,1.0,"(1, 2)",650a2466738bb786a6c7849b
30.187184335381346,33.812815664618654,2226,train,1386.5523844780148,1.0,1.0,"(1, 2)",650a2466738bb786a6c7849b
30.187184335381346,33.812815664618654,2227,train,1386.5523844780148,1.0,1.0,"(1, 2)",650a2466738bb786a6c7849b
30.187184335381346,33.812815664618654,2228,train,1386.5523844780148,1.0,1.0,"(1, 2)",650a2466738bb786a6c7849b
31.071067811864395,32.928932188135605,2229,train,1387.8023844780146,1.0,1.0,"(1, 2)",650a2466738bb786a6c7849b
31.954951288347445,32.045048711652555,2230,train,1389.0523844780143,1.0,1.0,"(1, 2)",650a2466738bb786a6c7849b
32.838834764830494,31.161165235169506,2231,train,1390.3023844780141,1.0,1.0,"(1, 2)",650a2466738bb786a6c7849b
33.722718241313544,30.277281758686456,2232,train,1391.552384478014,1.0,1.0,"(1, 2)",650a2466738bb786a6c7849b
34.60660171779659,29.393398282203407,2233,train,1392.8023844780137,1.0,1.0,"(1, 2)",650a2466738bb786a6c7849b
35.49048519427964,28.509514805720357,2234,train,1394.0523844780134,1.0,1.0,"(1, 2)",650a2466738bb786a6c7849b
36.37436867076269,27.625631329237308,2235,train,1395.3023844780132,1.0,1.0,"(1, 2)",650a2466738bb786a6c7849b
37.25825214724574,26.74174785275426,2236,train,1396.552384478013,1.0,1.0,"(1, 2)",650a2466738bb786a6c7849b
38.14213562372879,25.85786437627121,2237,train,1397.8023844780128,1.0,1.0,"(1, 2)",650a2466738bb786a6c7849b
39.02601910021184,24.97398089978816,2238,train,1399.0523844780125,1.0,1.0,"(1, 2)",650a2466738bb786a6c7849b
39.95382555869017,24.194346815316237,2239,train,1400.2642648888059,1.0,1.0,"(1, 2)",650a2466738bb786a6c7849b
41.203733885133886,24.179208272259245,2240,train,1401.5142648888057,1.0,1.0,"(1, 2)",650a2466738bb786a6c7849b
42.4536422115776,24.164069729202254,2241,train,1402.7642648888054,1.0,1.0,"(1, 2)",650a2466738bb786a6c7849b
43.70355053802132,24.148931186145262,2242,train,1404.0142648888052,1.0,1.0,"(1, 2)",650a2466738bb786a6c7849b
44.953458864465034,24.13379264308827,2243,train,1405.264264888805,1.0,1.0,"(1, 2)",650a2466738bb786a6c7849b
46.20336719090875,24.11865410003119,2244,train,1406.5142648888047,1.0,1.0,"(1, 2)",650a2466738bb786a6c7849b
47.453275517352466,24.103515556974024,2245,train,1407.7642648888045,1.0,1.0,"(1, 2)",650a2466738bb786a6c7849b
48.70318384379618,24.08837701391686,2246,train,1409.0142648888043,1.0,1.0,"(1, 2)",650a2466738bb786a6c7849b
49.9530921702399,24.073238470859692,2247,train,1410.264264888804,1.0,1.0,"(1, 2)",650a2466738bb786a6c7849b
51.203000496683615,24.058099927802527,2248,train,1411.5142648888038,1.0,1.0,"(1, 2)",650a2466738bb786a6c7849b
52.45290882312733,24.04296138474536,2249,train,1412.7642648888036,1.0,1.0,"(1, 2)",650a2466738bb786a6c7849b
53.70281714957105,24.027822841688195,2250,train,1414.0142648888034,1.0,1.0,"(1, 2)",650a2466738bb786a6c7849b
54.95272547601476,24.01268429863103,2251,train,1415.2642648888032,1.0,1.0,"(1, 2)",650a2466738bb786a6c7849b
56.20266313364169,24.00233106509779,2252,train,1416.514245423611,1.0,1.0,"(1, 2)",650a2466738bb786a6c7849b
57.45266312003295,24.002146614302884,2253,train,1417.764245423611,1.0,1.0,"(1, 2)",650a2466738bb786a6c7849b
58.70266310642421,24.00196216350798,2254,train,1419.014245423611,1.0,1.0,"(1, 2)",650a2466738bb786a6c7849b
59.95266309281547,24.001777712713075,2255,train,1420.264245423611,1.0,1.0,"(1, 2)",650a2466738bb786a6c7849b
61.20266307920673,24.00159326191817,2256,train,1421.514245423611,1.0,1.0,"(1, 2)",650a2466738bb786a6c7849b
62.45266306559799,24.001408811123397,2257,train,1422.764245423611,1.0,1.0,"(1, 2)",650a2466738bb786a6c7849b
63.70266305198925,24.00122436032867,2258,train,1424.014245423611,1.0,1.0,"(1, 2)",650a2466738bb786a6c7849b
64.95266303837997,24.001039909533944,2259,train,1425.2642454236106,1.0,1.0,"(1, 2)",650a2466738bb786a6c7849b
66.20266302477052,24.000855458739217,2260,train,1426.51424542361,1.0,1.0,"(1, 2)",650a2466738bb786a6c7849b
67.45266301116106,24.00067100794449,2261,train,1427.7642454236093,1.0,1.0,"(1, 2)",650a2466738bb786a6c7849b
68.70266299755161,24.000486557149763,2262,train,1429.0142454236086,1.0,1.0,"(1, 2)",650a2466738bb786a6c7849b
69.95266298394216,24.000302106355036,2263,train,1430.264245423608,1.0,1.0,"(1, 2)",650a2466738bb786a6c7849b
71.20266297033271,24.00011765556031,2264,train,1431.5142454236072,1.0,1.0,"(1, 2)",650a2466738bb786a6c7849b
72.26509110289965,24.456822525621213,2265,train,1432.6706765176232,1.0,1.0,"(1, 2)",650a2466738bb786a6c7849b
73.15437598578325,25.335271384164237,2266,train,1433.9206765176234,1.0,1.0,"(1, 2)",650a2466738bb786a6c7849b
74.04366086866685,26.21372024270726,2267,train,1435.1706765176236,1.0,1.0,"(1, 2)",650a2466738bb786a6c7849b
74.93294575155045,27.092169101250285,2268,train,1436.4206765176239,1.0,1.0,"(1, 2)",650a2466738bb786a6c7849b
75.82223063443405,27.97061795979331,2269,train,1437.670676517624,1.0,1.0,"(1, 2)",650a2466738bb786a6c7849b
76.71151551731765,28.849066818336333,2270,train,1438.9206765176243,1.0,1.0,"(1, 2)",650a2466738bb786a6c7849b
77.60080040020125,29.727515676879356,2271,train,1440.1706765176245,1.0,1.0,"(1, 2)",650a2466738bb786a6c7849b
78.49008528308485,30.60596453542238,2272,train,1441.4206765176248,1.0,1.0,"(1, 2)",650a2466738bb786a6c7849b
79.37937016596845,31.484413393965404,2273,train,1442.670676517625,1.0,1.0,"(1, 2)",650a2466738bb786a6c7849b
80.26865504885205,32.36286225250858,2274,train,1443.9206765176255,1.0,1.0,"(1, 2)",650a2466738bb786a6c7849b
81.15793993173565,33.24131111105196,2275,train,1445.1706765176261,1.0,1.0,"(1, 2)",650a2466738bb786a6c7849b
82.04722481461926,34.119759969595336,2276,train,1446.4206765176268,1.0,1.0,"(1, 2)",650a2466738bb786a6c7849b
82.93650969750286,34.998208828138715,2277,train,1447.6706765176275,1.0,1.0,"(1, 2)",650a2466738bb786a6c7849b
83.82579458038605,35.876657686682094,2278,train,1448.9206765176277,1.0,1.0,"(1, 2)",650a2466738bb786a6c7849b
84.71507946326906,36.75510654522547,2279,train,1450.170676517628,1.0,1.0,"(1, 2)",650a2466738bb786a6c7849b
85.60436434615207,37.63355540376885,2280,train,1451.4206765176282,1.0,1.0,"(1, 2)",650a2466738bb786a6c7849b
86.49364922903507,38.51200426231223,2281,train,1452.6706765176284,1.0,1.0,"(1, 2)",650a2466738bb786a6c7849b
87.38293411191808,39.39045312085561,2282,train,1453.9206765176286,1.0,1.0,"(1, 2)",650a2466738bb786a6c7849b
88.0,40.0,2283,train,1454.78803901861,1.0,1.0,"(1, 2)",650a2466738bb786a6c7849b
88.0,40.0,2284,train,1454.78803901861,1.0,1.0,"(1, 2)",650a2466738bb786a6c7849b
88.0,40.0,2285,train,1454.78803901861,1.0,1.0,"(1, 2)",650a2466738bb786a6c7849b
88.0,40.0,2286,train,1454.78803901861,1.0,1.0,"(1, 2)",650a2466738bb786a6c7849b
88.0,40.0,2287,train,1454.78803901861,1.0,1.0,"(1, 2)",650a2466738bb786a6c7849b
88.0,40.0,2288,train,1454.78803901861,1.0,1.0,"(1, 2)",650a2466738bb786a6c7849b
88.0,40.0,2289,train,1454.78803901861,1.0,1.0,"(1, 2)",650a2466738bb786a6c7849b
88.0,40.0,2290,train,1454.78803901861,1.0,1.0,"(1, 2)",650a2466738bb786a6c7849b
88.0,40.0,2291,train,1454.78803901861,1.0,1.0,"(1, 2)",650a2466738bb786a6c7849b
88.0,40.0,2292,train,1454.78803901861,1.0,1.0,"(1, 2)",650a2466738bb786a6c7849b
88.0,40.0,2293,train,1454.78803901861,1.0,1.0,"(1, 2)",650a2466738bb786a6c7849b
88.0,40.0,2294,train,1454.78803901861,1.0,1.0,"(1, 2)",650a2466738bb786a6c7849b
88.0,40.0,2295,train,1454.78803901861,1.0,1.0,"(1, 2)",650a2466738bb786a6c7849b
88.0,40.0,2296,train,1454.78803901861,1.0,1.0,"(1, 2)",650a2466738bb786a6c7849b
88.0,40.0,2297,train,1454.78803901861,1.0,1.0,"(1, 2)",650a2466738bb786a6c7849b
88.0,40.0,2298,train,1454.78803901861,1.0,1.0,"(1, 2)",650a2466738bb786a6c7849b
88.0,40.0,2299,train,1454.78803901861,1.0,1.0,"(1, 2)",650a2466738bb786a6c7849b
88.0,40.0,2300,train,1454.78803901861,1.0,1.0,"(1, 2)",650a2466738bb786a6c7849b
88.0,40.0,2301,train,1454.78803901861,1.0,1.0,"(1, 2)",650a2466738bb786a6c7849b
88.0,40.0,2302,train,1454.78803901861,1.0,1.0,"(1, 2)",650a2466738bb786a6c7849b
88.0,40.0,2303,train,1454.78803901861,1.0,1.0,"(1, 2)",650a2466738bb786a6c7849b
88.0,40.0,2304,train,1454.78803901861,1.0,1.0,"(1, 2)",650a2466738bb786a6c7849b
88.0,40.0,2305,train,1454.78803901861,1.0,1.0,"(1, 2)",650a2466738bb786a6c7849b
88.0,40.0,2306,train,1454.78803901861,1.0,1.0,"(1, 2)",650a2466738bb786a6c7849b
88.0,40.0,2307,train,1454.78803901861,1.0,1.0,"(1, 2)",650a2466738bb786a6c7849b
88.0,40.0,2308,train,1454.78803901861,1.0,1.0,"(1, 2)",650a2466738bb786a6c7849b
88.0,40.0,2309,train,1454.78803901861,1.0,1.0,"(1, 2)",650a2466738bb786a6c7849b
88.0,40.0,2310,train,1454.78803901861,1.0,1.0,"(1, 2)",650a2466738bb786a6c7849b
88.0,40.0,2311,train,1454.78803901861,1.0,1.0,"(1, 2)",650a2466738bb786a6c7849b
88.0,40.0,2312,train,1454.78803901861,1.0,1.0,"(1, 2)",650a2466738bb786a6c7849b
88.0,40.0,2313,train,1454.78803901861,1.0,1.0,"(1, 2)",650a2466738bb786a6c7849b
88.0,40.0,2314,train,1454.78803901861,1.0,1.0,"(1, 2)",650a2466738bb786a6c7849b
88.0,40.0,2315,train,1454.78803901861,1.0,1.0,"(1, 2)",650a2466738bb786a6c7849b
88.0,40.0,2316,train,1454.78803901861,1.0,1.0,"(1, 2)",650a2466738bb786a6c7849b
88.0,40.0,2317,train,1454.78803901861,1.0,1.0,"(1, 2)",650a2466738bb786a6c7849b
88.0,40.0,2318,train,1454.78803901861,1.0,1.0,"(1, 2)",650a2466738bb786a6c7849b
88.0,40.0,2319,train,1454.78803901861,1.0,1.0,"(1, 2)",650a2466738bb786a6c7849b
88.0,40.0,2320,train,1454.78803901861,1.0,1.0,"(1, 2)",650a2466738bb786a6c7849b
88.0,40.0,2321,train,1454.78803901861,1.0,1.0,"(1, 2)",650a2466738bb786a6c7849b
88.0,40.0,2322,train,1454.78803901861,1.0,1.0,"(1, 2)",650a2466738bb786a6c7849b
88.0,40.0,2323,train,1454.78803901861,1.0,1.0,"(1, 2)",650a2466738bb786a6c7849b
88.0,40.0,2324,train,1454.78803901861,1.0,1.0,"(1, 2)",650a2466738bb786a6c7849b
88.0,40.0,2325,train,1454.78803901861,1.0,1.0,"(1, 2)",650a2466738bb786a6c7849b
88.0,40.0,2326,train,1454.78803901861,1.0,1.0,"(1, 2)",650a2466738bb786a6c7849b
88.0,40.0,2327,train,1454.78803901861,1.0,1.0,"(1, 2)",650a2466738bb786a6c7849b
88.0,40.0,2328,train,1454.78803901861,1.0,1.0,"(1, 2)",650a2466738bb786a6c7849b
88.0,40.0,2329,train,1454.78803901861,1.0,1.0,"(1, 2)",650a2466738bb786a6c7849b
88.0,40.0,2330,train,1454.78803901861,1.0,1.0,"(1, 2)",650a2466738bb786a6c7849b
88.0,40.0,2331,train,1454.78803901861,1.0,1.0,"(1, 2)",650a2466738bb786a6c7849b
88.0,40.0,2332,train,1454.78803901861,1.0,1.0,"(1, 2)",650a2466738bb786a6c7849b
88.0,40.0,2333,train,1454.78803901861,1.0,1.0,"(1, 2)",650a2466738bb786a6c7849b
88.0,40.0,2334,train,1454.78803901861,1.0,1.0,"(1, 2)",650a2466738bb786a6c7849b
88.0,40.0,2335,train,1454.78803901861,1.0,1.0,"(1, 2)",650a2466738bb786a6c7849b
88.0,40.0,2336,train,1454.78803901861,1.0,1.0,"(1, 2)",650a2466738bb786a6c7849b
88.0,40.0,2337,train,1454.78803901861,1.0,1.0,"(1, 2)",650a2466738bb786a6c7849b
88.0,40.0,2338,train,1454.78803901861,1.0,1.0,"(1, 2)",650a2466738bb786a6c7849b
88.0,40.0,2339,train,1454.78803901861,1.0,1.0,"(1, 2)",650a2466738bb786a6c7849b
88.0,40.0,2340,train,1454.78803901861,1.0,1.0,"(1, 2)",650a2466738bb786a6c7849b
88.0,40.0,2341,train,1454.78803901861,1.0,1.0,"(1, 2)",650a2466738bb786a6c7849b
88.0,40.0,2342,train,1454.78803901861,1.0,1.0,"(1, 2)",650a2466738bb786a6c7849b
88.0,40.0,2343,train,1454.78803901861,1.0,1.0,"(1, 2)",650a2466738bb786a6c7849b
88.0,40.0,2344,train,1454.78803901861,1.0,1.0,"(1, 2)",650a2466738bb786a6c7849b
88.0,40.0,2345,train,1454.78803901861,1.0,1.0,"(1, 2)",650a2466738bb786a6c7849b
88.0,40.0,2346,train,1454.78803901861,1.0,1.0,"(1, 2)",650a2466738bb786a6c7849b
88.0,40.0,2347,train,1454.78803901861,1.0,1.0,"(1, 2)",650a2466738bb786a6c7849b
88.0,40.0,2348,train,1454.78803901861,1.0,1.0,"(1, 2)",650a2466738bb786a6c7849b
88.0,40.0,2349,train,1454.78803901861,1.0,1.0,"(1, 2)",650a2466738bb786a6c7849b
88.0,40.0,2350,train,1454.78803901861,1.0,1.0,"(1, 2)",650a2466738bb786a6c7849b
88.0,40.0,2351,train,1454.78803901861,1.0,1.0,"(1, 2)",650a2466738bb786a6c7849b
88.0,40.0,2352,train,1454.78803901861,1.0,1.0,"(1, 2)",650a2466738bb786a6c7849b
86.74999999999972,40.0,2353,train,1456.0380390186103,1.0,1.0,"(1, 2)",650a2466738bb786a6c7849b
85.49999999999943,40.0,2354,train,1457.2880390186106,1.0,1.0,"(1, 2)",650a2466738bb786a6c7849b
84.24999999999915,40.0,2355,train,1458.5380390186108,1.0,1.0,"(1, 2)",650a2466738bb786a6c7849b
82.99999999999886,40.0,2356,train,1459.788039018611,1.0,1.0,"(1, 2)",650a2466738bb786a6c7849b
81.74999999999858,40.0,2357,train,1461.0380390186112,1.0,1.0,"(1, 2)",650a2466738bb786a6c7849b
80.4999999999983,40.0,2358,train,1462.2880390186115,1.0,1.0,"(1, 2)",650a2466738bb786a6c7849b
79.24999999999801,40.0,2359,train,1463.5380390186117,1.0,1.0,"(1, 2)",650a2466738bb786a6c7849b
77.99999999999773,40.0,2360,train,1464.788039018612,1.0,1.0,"(1, 2)",650a2466738bb786a6c7849b
76.74999999999744,40.0,2361,train,1466.0380390186122,1.0,1.0,"(1, 2)",650a2466738bb786a6c7849b
75.49999999999716,40.0,2362,train,1467.2880390186124,1.0,1.0,"(1, 2)",650a2466738bb786a6c7849b
74.24999999999687,40.0,2363,train,1468.5380390186126,1.0,1.0,"(1, 2)",650a2466738bb786a6c7849b
72.99999999999659,40.0,2364,train,1469.7880390186128,1.0,1.0,"(1, 2)",650a2466738bb786a6c7849b
71.7499999999963,40.0,2365,train,1471.038039018613,1.0,1.0,"(1, 2)",650a2466738bb786a6c7849b
70.49999999999602,40.0,2366,train,1472.2880390186133,1.0,1.0,"(1, 2)",650a2466738bb786a6c7849b
69.24999999999574,40.0,2367,train,1473.5380390186135,1.0,1.0,"(1, 2)",650a2466738bb786a6c7849b
67.99999999999545,40.0,2368,train,1474.7880390186137,1.0,1.0,"(1, 2)",650a2466738bb786a6c7849b
66.74999999999517,40.0,2369,train,1476.038039018614,1.0,1.0,"(1, 2)",650a2466738bb786a6c7849b
65.49999999999488,40.0,2370,train,1477.2880390186142,1.0,1.0,"(1, 2)",650a2466738bb786a6c7849b
64.2499999999946,40.0,2371,train,1478.5380390186144,1.0,1.0,"(1, 2)",650a2466738bb786a6c7849b
62.999999999994316,40.0,2372,train,1479.7880390186147,1.0,1.0,"(1, 2)",650a2466738bb786a6c7849b
61.74999999999403,40.0,2373,train,1481.0380390186149,1.0,1.0,"(1, 2)",650a2466738bb786a6c7849b
60.49999999999375,40.0,2374,train,1482.288039018615,1.0,1.0,"(1, 2)",650a2466738bb786a6c7849b
59.24999999999346,40.0,2375,train,1483.5380390186153,1.0,1.0,"(1, 2)",650a2466738bb786a6c7849b
57.99999999999318,40.0,2376,train,1484.7880390186156,1.0,1.0,"(1, 2)",650a2466738bb786a6c7849b
56.749999999992895,40.0,2377,train,1486.0380390186158,1.0,1.0,"(1, 2)",650a2466738bb786a6c7849b
56.0,40.0,2378,train,1486.7880390186087,1.0,1.0,"(1, 2)",650a2466738bb786a6c7849b
56.0,40.0,2379,train,1486.7880390186087,1.0,1.0,"(1, 2)",650a2466738bb786a6c7849b
56.0,40.0,2380,train,1486.7880390186087,1.0,1.0,"(1, 2)",650a2466738bb786a6c7849b
56.0,40.0,2381,train,1486.7880390186087,1.0,1.0,"(1, 2)",650a2466738bb786a6c7849b
56.0,40.0,2382,train,1486.7880390186087,1.0,1.0,"(1, 2)",650a2466738bb786a6c7849b
56.0,40.0,2383,train,1486.7880390186087,1.0,1.0,"(1, 2)",650a2466738bb786a6c7849b
56.0,40.0,2384,train,1486.7880390186087,1.0,1.0,"(1, 2)",650a2466738bb786a6c7849b
56.0,40.0,2385,train,1486.7880390186087,1.0,1.0,"(1, 2)",650a2466738bb786a6c7849b
56.0,40.0,2386,train,1486.7880390186087,1.0,1.0,"(1, 2)",650a2466738bb786a6c7849b
56.0,40.0,2387,train,1486.7880390186087,1.0,1.0,"(1, 2)",650a2466738bb786a6c7849b
56.0,40.0,2388,train,1486.7880390186087,1.0,1.0,"(1, 2)",650a2466738bb786a6c7849b
56.0,40.0,2389,train,1486.7880390186087,1.0,1.0,"(1, 2)",650a2466738bb786a6c7849b
56.0,40.0,2390,train,1486.7880390186087,1.0,1.0,"(1, 2)",650a2466738bb786a6c7849b
56.0,40.0,2391,train,1486.7880390186087,1.0,1.0,"(1, 2)",650a2466738bb786a6c7849b
56.0,40.0,2392,train,1486.7880390186087,1.0,1.0,"(1, 2)",650a2466738bb786a6c7849b
56.0,40.0,2393,train,1486.7880390186087,1.0,1.0,"(1, 2)",650a2466738bb786a6c7849b
56.0,40.0,2394,train,1486.7880390186087,1.0,1.0,"(1, 2)",650a2466738bb786a6c7849b
56.0,40.0,2395,train,1486.7880390186087,1.0,1.0,"(1, 2)",650a2466738bb786a6c7849b
56.0,40.0,2396,train,1486.7880390186087,1.0,1.0,"(1, 2)",650a2466738bb786a6c7849b
56.0,40.0,2397,train,1486.7880390186087,1.0,1.0,"(1, 2)",650a2466738bb786a6c7849b
56.0,40.0,2398,train,1486.7880390186087,1.0,1.0,"(1, 2)",650a2466738bb786a6c7849b
56.0,40.0,2399,train,1486.7880390186087,1.0,1.0,"(1, 2)",650a2466738bb786a6c7849b
56.0,40.0,2400,train,1486.7880390186087,1.0,1.0,"(1, 2)",650a2466738bb786a6c7849b
56.0,40.0,2401,train,1486.7880390186087,1.0,1.0,"(1, 2)",650a2466738bb786a6c7849b
56.0,40.0,2402,train,1486.7880390186087,1.0,1.0,"(1, 2)",650a2466738bb786a6c7849b
56.0,40.0,2403,train,1486.7880390186087,1.0,1.0,"(1, 2)",650a2466738bb786a6c7849b
56.0,40.0,2404,train,1486.7880390186087,1.0,1.0,"(1, 2)",650a2466738bb786a6c7849b
56.0,40.0,2405,train,1486.7880390186087,1.0,1.0,"(1, 2)",650a2466738bb786a6c7849b
56.0,40.0,2406,train,1486.7880390186087,1.0,1.0,"(1, 2)",650a2466738bb786a6c7849b
56.0,40.0,2407,train,1486.7880390186087,1.0,1.0,"(1, 2)",650a2466738bb786a6c7849b
56.0,40.0,2408,train,1486.7880390186087,1.0,1.0,"(1, 2)",650a2466738bb786a6c7849b
56.0,40.0,2409,train,1486.7880390186087,1.0,1.0,"(1, 2)",650a2466738bb786a6c7849b
56.0,40.0,2410,train,1486.7880390186087,1.0,1.0,"(1, 2)",650a2466738bb786a6c7849b
56.0,40.0,2411,train,1486.7880390186087,1.0,1.0,"(1, 2)",650a2466738bb786a6c7849b
56.0,40.0,2412,train,1486.7880390186087,1.0,1.0,"(1, 2)",650a2466738bb786a6c7849b
56.0,40.0,2413,train,1486.7880390186087,1.0,1.0,"(1, 2)",650a2466738bb786a6c7849b
56.0,40.0,2414,train,1486.7880390186087,1.0,1.0,"(1, 2)",650a2466738bb786a6c7849b
56.0,40.0,2415,train,1486.7880390186087,1.0,1.0,"(1, 2)",650a2466738bb786a6c7849b
56.0,40.0,2416,train,1486.7880390186087,1.0,1.0,"(1, 2)",650a2466738bb786a6c7849b
56.0,40.0,2417,train,1486.7880390186087,1.0,1.0,"(1, 2)",650a2466738bb786a6c7849b
56.0,40.0,2418,train,1486.7880390186087,1.0,1.0,"(1, 2)",650a2466738bb786a6c7849b
56.0,40.0,2419,train,1486.7880390186087,1.0,1.0,"(1, 2)",650a2466738bb786a6c7849b
56.0,40.0,2420,train,1486.7880390186087,1.0,1.0,"(1, 2)",650a2466738bb786a6c7849b
56.0,40.0,2421,train,1486.7880390186087,1.0,1.0,"(1, 2)",650a2466738bb786a6c7849b
56.0,40.0,2422,train,1486.7880390186087,1.0,1.0,"(1, 2)",650a2466738bb786a6c7849b
56.0,40.0,2423,train,1486.7880390186087,1.0,1.0,"(1, 2)",650a2466738bb786a6c7849b
56.0,40.0,2424,train,1486.7880390186087,1.0,1.0,"(1, 2)",650a2466738bb786a6c7849b
56.0,40.0,2425,train,1486.7880390186087,1.0,1.0,"(1, 2)",650a2466738bb786a6c7849b
56.0,40.0,2426,train,1486.7880390186087,1.0,1.0,"(1, 2)",650a2466738bb786a6c7849b
56.0,40.0,2427,train,1486.7880390186087,1.0,1.0,"(1, 2)",650a2466738bb786a6c7849b
56.0,40.0,2428,train,1486.7880390186087,1.0,1.0,"(1, 2)",650a2466738bb786a6c7849b
56.0,40.0,2429,train,1486.7880390186087,1.0,1.0,"(1, 2)",650a2466738bb786a6c7849b
56.0,40.0,2430,train,1486.7880390186087,1.0,1.0,"(1, 2)",650a2466738bb786a6c7849b
56.0,40.0,2431,train,1486.7880390186087,1.0,1.0,"(1, 2)",650a2466738bb786a6c7849b
56.0,40.0,2432,train,1486.7880390186087,1.0,1.0,"(1, 2)",650a2466738bb786a6c7849b
56.0,40.0,2433,train,1486.7880390186087,1.0,1.0,"(1, 2)",650a2466738bb786a6c7849b
56.0,40.0,2434,train,1486.7880390186087,1.0,1.0,"(1, 2)",650a2466738bb786a6c7849b
56.0,40.0,2435,train,1486.7880390186087,1.0,1.0,"(1, 2)",650a2466738bb786a6c7849b
56.0,40.0,2436,train,1486.7880390186087,1.0,1.0,"(1, 2)",650a2466738bb786a6c7849b
56.0,40.0,2437,train,1486.7880390186087,1.0,1.0,"(1, 2)",650a2466738bb786a6c7849b
56.0,40.0,2438,train,1486.7880390186087,1.0,1.0,"(1, 2)",650a2466738bb786a6c7849b
56.0,40.0,2439,train,1486.7880390186087,1.0,1.0,"(1, 2)",650a2466738bb786a6c7849b
56.0,40.0,2440,train,1486.7880390186087,1.0,1.0,"(1, 2)",650a2466738bb786a6c7849b
56.0,40.0,2441,train,1486.7880390186087,1.0,1.0,"(1, 2)",650a2466738bb786a6c7849b
56.0,40.0,2442,train,1486.7880390186087,1.0,1.0,"(1, 2)",650a2466738bb786a6c7849b
56.0,40.0,2443,train,1486.7880390186087,1.0,1.0,"(1, 2)",650a2466738bb786a6c7849b
56.0,40.0,2444,train,1486.7880390186087,1.0,1.0,"(1, 2)",650a2466738bb786a6c7849b
56.0,40.0,2445,train,1486.7880390186087,1.0,1.0,"(1, 2)",650a2466738bb786a6c7849b
56.0,40.0,2446,train,1486.7880390186087,1.0,1.0,"(1, 2)",650a2466738bb786a6c7849b
56.0,40.0,2447,train,1486.7880390186087,1.0,1.0,"(1, 2)",650a2466738bb786a6c7849b
56.0,40.0,2448,train,1486.7880390186087,1.0,1.0,"(1, 2)",650a2466738bb786a6c7849b
56.0,40.0,2449,train,1486.7880390186087,1.0,1.0,"(1, 2)",650a2466738bb786a6c7849b
56.0,40.0,2450,train,1486.7880390186087,1.0,1.0,"(1, 2)",650a2466738bb786a6c7849b
56.0,40.0,2451,train,1486.7880390186087,1.0,1.0,"(1, 2)",650a2466738bb786a6c7849b
56.0,40.0,2452,train,1486.7880390186087,1.0,1.0,"(1, 2)",650a2466738bb786a6c7849b
56.0,40.0,2453,train,1486.7880390186087,1.0,1.0,"(1, 2)",650a2466738bb786a6c7849b
56.0,40.0,2454,train,1486.7880390186087,1.0,1.0,"(1, 2)",650a2466738bb786a6c7849b
56.0,40.0,2455,train,1486.7880390186087,1.0,1.0,"(1, 2)",650a2466738bb786a6c7849b
56.0,40.0,2456,train,1486.7880390186087,1.0,1.0,"(1, 2)",650a2466738bb786a6c7849b
56.0,40.0,2457,train,1486.7880390186087,1.0,1.0,"(1, 2)",650a2466738bb786a6c7849b
56.0,40.0,2458,train,1486.7880390186087,1.0,1.0,"(1, 2)",650a2466738bb786a6c7849b
56.0,40.0,2459,train,1486.7880390186087,1.0,1.0,"(1, 2)",650a2466738bb786a6c7849b
56.0,40.0,2460,train,1486.7880390186087,1.0,1.0,"(1, 2)",650a2466738bb786a6c7849b
56.0,40.0,2461,train,1486.7880390186087,1.0,1.0,"(1, 2)",650a2466738bb786a6c7849b
56.0,40.0,2462,train,1486.7880390186087,1.0,1.0,"(1, 2)",650a2466738bb786a6c7849b
56.0,40.0,2463,train,1486.7880390186087,1.0,1.0,"(1, 2)",650a2466738bb786a6c7849b
56.0,40.0,2464,train,1486.7880390186087,1.0,1.0,"(1, 2)",650a2466738bb786a6c7849b
56.0,40.0,2465,train,1486.7880390186087,1.0,1.0,"(1, 2)",650a2466738bb786a6c7849b
56.0,40.0,2466,train,1486.7880390186087,1.0,1.0,"(1, 2)",650a2466738bb786a6c7849b
56.0,40.0,2467,train,1486.7880390186087,1.0,1.0,"(1, 2)",650a2466738bb786a6c7849b
56.0,40.0,2468,train,1486.7880390186087,1.0,1.0,"(1, 2)",650a2466738bb786a6c7849b
56.0,40.0,2469,train,1486.7880390186087,1.0,1.0,"(1, 2)",650a2466738bb786a6c7849b
56.0,40.0,2470,train,1486.7880390186087,1.0,1.0,"(1, 2)",650a2466738bb786a6c7849b
56.0,40.0,2471,train,1486.7880390186087,1.0,1.0,"(1, 2)",650a2466738bb786a6c7849b
56.0,40.0,2472,train,1486.7880390186087,1.0,1.0,"(1, 2)",650a2466738bb786a6c7849b
56.0,40.0,2473,train,1486.7880390186087,1.0,1.0,"(1, 2)",650a2466738bb786a6c7849b
56.0,40.0,2474,train,1486.7880390186087,1.0,1.0,"(1, 2)",650a2466738bb786a6c7849b
56.0,40.0,2475,train,1486.7880390186087,1.0,1.0,"(1, 2)",650a2466738bb786a6c7849b
56.0,40.0,2476,train,1486.7880390186087,1.0,1.0,"(1, 2)",650a2466738bb786a6c7849b
56.0,40.0,2477,train,1486.7880390186087,1.0,1.0,"(1, 2)",650a2466738bb786a6c7849b
56.0,40.0,2478,train,1486.7880390186087,1.0,1.0,"(1, 2)",650a2466738bb786a6c7849b
56.0,40.0,2479,train,1486.7880390186087,1.0,1.0,"(1, 2)",650a2466738bb786a6c7849b
56.0,40.0,2480,train,1486.7880390186087,1.0,1.0,"(1, 2)",650a2466738bb786a6c7849b
56.0,40.0,2481,train,1486.7880390186087,1.0,1.0,"(1, 2)",650a2466738bb786a6c7849b
56.0,40.0,2482,train,1486.7880390186087,1.0,1.0,"(1, 2)",650a2466738bb786a6c7849b
56.0,40.0,2483,train,1486.7880390186087,1.0,1.0,"(1, 2)",650a2466738bb786a6c7849b
56.0,40.0,2484,train,1486.7880390186087,1.0,1.0,"(1, 2)",650a2466738bb786a6c7849b
56.0,40.0,2485,train,1486.7880390186087,1.0,1.0,"(1, 2)",650a2466738bb786a6c7849b
56.0,40.0,2486,train,1486.7880390186087,1.0,1.0,"(1, 2)",650a2466738bb786a6c7849b
56.0,40.0,2487,train,1486.7880390186087,1.0,1.0,"(1, 2)",650a2466738bb786a6c7849b
56.0,40.0,2488,train,1486.7880390186087,1.0,1.0,"(1, 2)",650a2466738bb786a6c7849b
56.0,40.0,2489,train,1486.7880390186087,1.0,1.0,"(1, 2)",650a2466738bb786a6c7849b
56.0,40.0,2490,train,1486.7880390186087,1.0,1.0,"(1, 2)",650a2466738bb786a6c7849b
56.0,40.0,2491,train,1486.7880390186087,1.0,1.0,"(1, 2)",650a2466738bb786a6c7849b
56.0,40.0,2492,train,1486.7880390186087,1.0,1.0,"(1, 2)",650a2466738bb786a6c7849b
56.0,40.0,2493,train,1486.7880390186087,1.0,1.0,"(1, 2)",650a2466738bb786a6c7849b
56.0,41.250000000000284,2494,train,1488.038039018609,1.0,1.0,"(1, 2)",650a2466738bb786a6c7849b
56.0,42.50000000000057,2495,train,1489.2880390186092,1.0,1.0,"(1, 2)",650a2466738bb786a6c7849b
56.0,43.75000000000085,2496,train,1490.5380390186094,1.0,1.0,"(1, 2)",650a2466738bb786a6c7849b
56.0,45.00000000000114,2497,train,1491.7880390186097,1.0,1.0,"(1, 2)",650a2466738bb786a6c7849b
56.0,46.25000000000142,2498,train,1493.0380390186099,1.0,1.0,"(1, 2)",650a2466738bb786a6c7849b
56.0,47.500000000001705,2499,train,1494.28803901861,1.0,1.0,"(1, 2)",650a2466738bb786a6c7849b
56.0,48.75000000000199,2500,train,1495.5380390186103,1.0,1.0,"(1, 2)",650a2466738bb786a6c7849b
56.0,50.000000000002274,2501,train,1496.7880390186106,1.0,1.0,"(1, 2)",650a2466738bb786a6c7849b
56.0,51.25000000000256,2502,train,1498.0380390186108,1.0,1.0,"(1, 2)",650a2466738bb786a6c7849b
56.0,52.50000000000284,2503,train,1499.288039018611,1.0,1.0,"(1, 2)",650a2466738bb786a6c7849b
56.0,53.750000000003126,2504,train,1500.5380390186112,1.0,1.0,"(1, 2)",650a2466738bb786a6c7849b
56.0,55.00000000000341,2505,train,1501.7880390186115,1.0,1.0,"(1, 2)",650a2466738bb786a6c7849b
56.0,56.250000000003695,2506,train,1503.0380390186117,1.0,1.0,"(1, 2)",650a2466738bb786a6c7849b
56.0,57.50000000000398,2507,train,1504.288039018612,1.0,1.0,"(1, 2)",650a2466738bb786a6c7849b
56.0,58.75000000000426,2508,train,1505.5380390186122,1.0,1.0,"(1, 2)",650a2466738bb786a6c7849b
56.0,60.00000000000455,2509,train,1506.7880390186124,1.0,1.0,"(1, 2)",650a2466738bb786a6c7849b
56.0,61.25000000000483,2510,train,1508.0380390186126,1.0,1.0,"(1, 2)",650a2466738bb786a6c7849b
56.0,62.500000000005116,2511,train,1509.2880390186128,1.0,1.0,"(1, 2)",650a2466738bb786a6c7849b
56.0,63.7500000000054,2512,train,1510.538039018613,1.0,1.0,"(1, 2)",650a2466738bb786a6c7849b
56.0,65.00000000000568,2513,train,1511.7880390186133,1.0,1.0,"(1, 2)",650a2466738bb786a6c7849b
56.0,66.25000000000597,2514,train,1513.0380390186135,1.0,1.0,"(1, 2)",650a2466738bb786a6c7849b
56.0,67.50000000000625,2515,train,1514.2880390186137,1.0,1.0,"(1, 2)",650a2466738bb786a6c7849b
56.0,68.75000000000654,2516,train,1515.538039018614,1.0,1.0,"(1, 2)",650a2466738bb786a6c7849b
56.0,70.00000000000682,2517,train,1516.7880390186142,1.0,1.0,"(1, 2)",650a2466738bb786a6c7849b
56.0,71.2500000000071,2518,train,1518.0380390186144,1.0,1.0,"(1, 2)",650a2466738bb786a6c7849b
56.0,72.0,2519,train,1518.7880390186074,1.0,1.0,"(1, 2)",650a2466738bb786a6c7849b
56.0,72.0,2520,train,1518.7880390186074,1.0,1.0,"(1, 2)",650a2466738bb786a6c7849b
56.0,72.0,2521,train,1518.7880390186074,1.0,1.0,"(1, 2)",650a2466738bb786a6c7849b
56.0,72.0,2522,train,1518.7880390186074,1.0,1.0,"(1, 2)",650a2466738bb786a6c7849b
56.0,72.0,2523,train,1518.7880390186074,1.0,1.0,"(1, 2)",650a2466738bb786a6c7849b
56.0,72.0,2524,train,1518.7880390186074,1.0,1.0,"(1, 2)",650a2466738bb786a6c7849b
56.0,72.0,2525,train,1518.7880390186074,1.0,1.0,"(1, 2)",650a2466738bb786a6c7849b
56.0,72.0,2526,train,1518.7880390186074,1.0,1.0,"(1, 2)",650a2466738bb786a6c7849b
56.0,72.0,2527,train,1518.7880390186074,1.0,1.0,"(1, 2)",650a2466738bb786a6c7849b
56.0,72.0,2528,train,1518.7880390186074,1.0,1.0,"(1, 2)",650a2466738bb786a6c7849b
56.0,72.0,2529,train,1518.7880390186074,1.0,1.0,"(1, 2)",650a2466738bb786a6c7849b
56.0,72.0,2530,train,1518.7880390186074,1.0,1.0,"(1, 2)",650a2466738bb786a6c7849b
56.0,72.0,2531,train,1518.7880390186074,1.0,1.0,"(1, 2)",650a2466738bb786a6c7849b
56.0,72.0,2532,train,1518.7880390186074,1.0,1.0,"(1, 2)",650a2466738bb786a6c7849b
56.0,72.0,2533,train,1518.7880390186074,1.0,1.0,"(1, 2)",650a2466738bb786a6c7849b
56.0,72.0,2534,train,1518.7880390186074,1.0,1.0,"(1, 2)",650a2466738bb786a6c7849b
56.0,72.0,2535,train,1518.7880390186074,1.0,1.0,"(1, 2)",650a2466738bb786a6c7849b
56.0,72.0,2536,train,1518.7880390186074,1.0,1.0,"(1, 2)",650a2466738bb786a6c7849b
56.0,72.0,2537,train,1518.7880390186074,1.0,1.0,"(1, 2)",650a2466738bb786a6c7849b
56.0,72.0,2538,train,1518.7880390186074,1.0,1.0,"(1, 2)",650a2466738bb786a6c7849b
56.0,72.0,2539,train,1518.7880390186074,1.0,1.0,"(1, 2)",650a2466738bb786a6c7849b
56.0,72.0,2540,train,1518.7880390186074,1.0,1.0,"(1, 2)",650a2466738bb786a6c7849b
56.0,72.0,2541,train,1518.7880390186074,1.0,1.0,"(1, 2)",650a2466738bb786a6c7849b
56.0,72.0,2542,train,1518.7880390186074,1.0,1.0,"(1, 2)",650a2466738bb786a6c7849b
56.0,72.0,2543,train,1518.7880390186074,1.0,1.0,"(1, 2)",650a2466738bb786a6c7849b
56.0,72.0,2544,train,1518.7880390186074,1.0,1.0,"(1, 2)",650a2466738bb786a6c7849b
56.0,72.0,2545,train,1518.7880390186074,1.0,1.0,"(1, 2)",650a2466738bb786a6c7849b
56.0,72.0,2546,train,1518.7880390186074,1.0,1.0,"(1, 2)",650a2466738bb786a6c7849b
56.0,70.74999999999972,2547,train,1520.0380390186076,1.0,1.0,"(1, 2)",650a2466738bb786a6c7849b
56.0,69.49999999999943,2548,train,1521.2880390186078,1.0,1.0,"(1, 2)",650a2466738bb786a6c7849b
56.0,68.24999999999915,2549,train,1522.538039018608,1.0,1.0,"(1, 2)",650a2466738bb786a6c7849b
56.0,66.99999999999886,2550,train,1523.7880390186083,1.0,1.0,"(1, 2)",650a2466738bb786a6c7849b
56.0,65.74999999999858,2551,train,1525.0380390186085,1.0,1.0,"(1, 2)",650a2466738bb786a6c7849b
56.0,64.4999999999983,2552,train,1526.2880390186087,1.0,1.0,"(1, 2)",650a2466738bb786a6c7849b
56.0,63.24999999999801,2553,train,1527.538039018609,1.0,1.0,"(1, 2)",650a2466738bb786a6c7849b
56.0,61.999999999997726,2554,train,1528.7880390186092,1.0,1.0,"(1, 2)",650a2466738bb786a6c7849b
56.0,60.74999999999744,2555,train,1530.0380390186094,1.0,1.0,"(1, 2)",650a2466738bb786a6c7849b
56.0,59.49999999999716,2556,train,1531.2880390186097,1.0,1.0,"(1, 2)",650a2466738bb786a6c7849b
56.0,58.249999999996874,2557,train,1532.5380390186099,1.0,1.0,"(1, 2)",650a2466738bb786a6c7849b
56.0,56.99999999999659,2558,train,1533.78803901861,1.0,1.0,"(1, 2)",650a2466738bb786a6c7849b
56.0,55.749999999996305,2559,train,1535.0380390186103,1.0,1.0,"(1, 2)",650a2466738bb786a6c7849b
56.0,54.49999999999602,2560,train,1536.2880390186106,1.0,1.0,"(1, 2)",650a2466738bb786a6c7849b
56.0,53.24999999999574,2561,train,1537.5380390186108,1.0,1.0,"(1, 2)",650a2466738bb786a6c7849b
56.0,51.99999999999545,2562,train,1538.788039018611,1.0,1.0,"(1, 2)",650a2466738bb786a6c7849b
56.0,50.74999999999517,2563,train,1540.0380390186112,1.0,1.0,"(1, 2)",650a2466738bb786a6c7849b
56.0,49.499999999994884,2564,train,1541.2880390186115,1.0,1.0,"(1, 2)",650a2466738bb786a6c7849b
56.0,48.2499999999946,2565,train,1542.5380390186117,1.0,1.0,"(1, 2)",650a2466738bb786a6c7849b
56.0,46.999999999994316,2566,train,1543.788039018612,1.0,1.0,"(1, 2)",650a2466738bb786a6c7849b
56.0,45.74999999999403,2567,train,1545.0380390186122,1.0,1.0,"(1, 2)",650a2466738bb786a6c7849b
56.0,44.49999999999375,2568,train,1546.2880390186124,1.0,1.0,"(1, 2)",650a2466738bb786a6c7849b
56.0,43.24999999999346,2569,train,1547.5380390186126,1.0,1.0,"(1, 2)",650a2466738bb786a6c7849b
56.0,41.99999999999318,2570,train,1548.7880390186128,1.0,1.0,"(1, 2)",650a2466738bb786a6c7849b
56.0,40.749999999992895,2571,train,1550.038039018613,1.0,1.0,"(1, 2)",650a2466738bb786a6c7849b
55.50810911865716,39.70196048263347,2572,train,1551.19577105544,1.0,1.0,"(1, 2)",650a2466738bb786a6c7849b
54.62973254483066,38.81260420163471,2573,train,1552.4457710554395,1.0,1.0,"(1, 2)",650a2466738bb786a6c7849b
53.75135597100416,37.92324792063596,2574,train,1553.695771055439,1.0,1.0,"(1, 2)",650a2466738bb786a6c7849b
52.87297939717766,37.033891639637005,2575,train,1554.9457710554389,1.0,1.0,"(1, 2)",650a2466738bb786a6c7849b
51.99460282335116,36.14453535863804,2576,train,1556.1957710554386,1.0,1.0,"(1, 2)",650a2466738bb786a6c7849b
51.11622624952466,35.25517907763907,2577,train,1557.4457710554384,1.0,1.0,"(1, 2)",650a2466738bb786a6c7849b
50.23784967569816,34.36582279664011,2578,train,1558.6957710554382,1.0,1.0,"(1, 2)",650a2466738bb786a6c7849b
49.35947310187166,33.47646651564114,2579,train,1559.945771055438,1.0,1.0,"(1, 2)",650a2466738bb786a6c7849b
48.48109652804516,32.587110234642175,2580,train,1561.1957710554377,1.0,1.0,"(1, 2)",650a2466738bb786a6c7849b
47.60271995421866,31.697753953643165,2581,train,1562.4457710554375,1.0,1.0,"(1, 2)",650a2466738bb786a6c7849b
46.724343380392156,30.808397672644055,2582,train,1563.6957710554375,1.0,1.0,"(1, 2)",650a2466738bb786a6c7849b
45.845966806565656,29.919041391644946,2583,train,1564.9457710554375,1.0,1.0,"(1, 2)",650a2466738bb786a6c7849b
44.967590232739155,29.029685110645836,2584,train,1566.1957710554375,1.0,1.0,"(1, 2)",650a2466738bb786a6c7849b
44.089213658912655,28.140328829646727,2585,train,1567.4457710554375,1.0,1.0,"(1, 2)",650a2466738bb786a6c7849b
43.210837085086155,27.250972548647617,2586,train,1568.6957710554375,1.0,1.0,"(1, 2)",650a2466738bb786a6c7849b
42.332460511259654,26.361616267648508,2587,train,1569.9457710554375,1.0,1.0,"(1, 2)",650a2466738bb786a6c7849b
41.45408393743312,25.472259986649725,2588,train,1571.1957710554373,1.0,1.0,"(1, 2)",650a2466738bb786a6c7849b
40.575707363606405,24.58290370565097,2589,train,1572.445771055437,1.0,1.0,"(1, 2)",650a2466738bb786a6c7849b
39.68839162302572,24.680636288113924,2590,train,1573.3384529031057,1.0,1.0,"(1, 2)",650a2466738bb786a6c7849b
38.79405225142406,25.55393869186822,2591,train,1574.5884529031057,1.0,1.0,"(1, 2)",650a2466738bb786a6c7849b
37.8997128798224,26.427241095622513,2592,train,1575.8384529031057,1.0,1.0,"(1, 2)",650a2466738bb786a6c7849b
37.00537350822074,27.300543499376808,2593,train,1577.0884529031057,1.0,1.0,"(1, 2)",650a2466738bb786a6c7849b
36.11103413661908,28.173845903131102,2594,train,1578.3384529031057,1.0,1.0,"(1, 2)",650a2466738bb786a6c7849b
35.21669476501742,29.047148306885397,2595,train,1579.5884529031057,1.0,1.0,"(1, 2)",650a2466738bb786a6c7849b
34.32235539341576,29.92045071063969,2596,train,1580.8384529031057,1.0,1.0,"(1, 2)",650a2466738bb786a6c7849b
33.4280160218141,30.793753114393986,2597,train,1582.0884529031057,1.0,1.0,"(1, 2)",650a2466738bb786a6c7849b
32.53367665021244,31.66705551814828,2598,train,1583.3384529031057,1.0,1.0,"(1, 2)",650a2466738bb786a6c7849b
31.639337278610782,32.540357921902356,2599,train,1584.5884529031055,1.0,1.0,"(1, 2)",650a2466738bb786a6c7849b
30.74499790700912,33.413660325656295,2600,train,1585.8384529031052,1.0,1.0,"(1, 2)",650a2466738bb786a6c7849b
29.85065853540746,34.286962729410234,2601,train,1587.088452903105,1.0,1.0,"(1, 2)",650a2466738bb786a6c7849b
28.9563191638058,35.160265133164174,2602,train,1588.3384529031048,1.0,1.0,"(1, 2)",650a2466738bb786a6c7849b
28.06197979220414,36.03356753691822,2603,train,1589.5884529031046,1.0,1.0,"(1, 2)",650a2466738bb786a6c7849b
27.16764042060248,36.90686994067245,2604,train,1590.8384529031046,1.0,1.0,"(1, 2)",650a2466738bb786a6c7849b
26.27330104900082,37.78017234442668,2605,train,1592.0884529031046,1.0,1.0,"(1, 2)",650a2466738bb786a6c7849b
25.37896167739916,38.65347474818091,2606,train,1593.3384529031046,1.0,1.0,"(1, 2)",650a2466738bb786a6c7849b
24.4846223057975,39.52677715193514,2607,train,1594.5884529031046,1.0,1.0,"(1, 2)",650a2466738bb786a6c7849b
24.0,40.0,2608,train,1595.2657996704306,1.0,1.0,"(1, 2)",650a2466738bb786a6c7849b
24.0,40.0,2609,train,1595.2657996704306,1.0,1.0,"(1, 2)",650a2466738bb786a6c7849b
24.0,40.0,2610,train,1595.2657996704306,1.0,1.0,"(1, 2)",650a2466738bb786a6c7849b
24.0,40.0,2611,train,1595.2657996704306,1.0,1.0,"(1, 2)",650a2466738bb786a6c7849b
24.0,40.0,2612,train,1595.2657996704306,1.0,1.0,"(1, 2)",650a2466738bb786a6c7849b
24.0,40.0,2613,train,1595.2657996704306,1.0,1.0,"(1, 2)",650a2466738bb786a6c7849b
24.0,40.0,2614,train,1595.2657996704306,1.0,1.0,"(1, 2)",650a2466738bb786a6c7849b
24.0,40.0,2615,train,1595.2657996704306,1.0,1.0,"(1, 2)",650a2466738bb786a6c7849b
24.0,40.0,2616,train,1595.2657996704306,1.0,1.0,"(1, 2)",650a2466738bb786a6c7849b
24.0,40.0,2617,train,1595.2657996704306,1.0,1.0,"(1, 2)",650a2466738bb786a6c7849b
24.0,40.0,2618,train,1595.2657996704306,1.0,1.0,"(1, 2)",650a2466738bb786a6c7849b
24.0,40.0,2619,train,1595.2657996704306,1.0,1.0,"(1, 2)",650a2466738bb786a6c7849b
24.0,40.0,2620,train,1595.2657996704306,1.0,1.0,"(1, 2)",650a2466738bb786a6c7849b
24.0,40.0,2621,train,1595.2657996704306,1.0,1.0,"(1, 2)",650a2466738bb786a6c7849b
24.0,40.0,2622,train,1595.2657996704306,1.0,1.0,"(1, 2)",650a2466738bb786a6c7849b
24.0,40.0,2623,train,1595.2657996704306,1.0,1.0,"(1, 2)",650a2466738bb786a6c7849b
24.0,40.0,2624,train,1595.2657996704306,1.0,1.0,"(1, 2)",650a2466738bb786a6c7849b
24.0,40.0,2625,train,1595.2657996704306,1.0,1.0,"(1, 2)",650a2466738bb786a6c7849b
24.0,40.0,2626,train,1595.2657996704306,1.0,1.0,"(1, 2)",650a2466738bb786a6c7849b
24.0,40.0,2627,train,1595.2657996704306,1.0,1.0,"(1, 2)",650a2466738bb786a6c7849b
24.0,40.0,2628,train,1595.2657996704306,1.0,1.0,"(1, 2)",650a2466738bb786a6c7849b
24.0,40.0,2629,train,1595.2657996704306,1.0,1.0,"(1, 2)",650a2466738bb786a6c7849b
24.0,40.0,2630,train,1595.2657996704306,1.0,1.0,"(1, 2)",650a2466738bb786a6c7849b
24.0,40.0,2631,train,1595.2657996704306,1.0,1.0,"(1, 2)",650a2466738bb786a6c7849b
24.0,40.0,2632,train,1595.2657996704306,1.0,1.0,"(1, 2)",650a2466738bb786a6c7849b
24.0,40.0,2633,train,1595.2657996704306,1.0,1.0,"(1, 2)",650a2466738bb786a6c7849b
24.0,40.0,2634,train,1595.2657996704306,1.0,1.0,"(1, 2)",650a2466738bb786a6c7849b
24.0,40.0,2635,train,1595.2657996704306,1.0,1.0,"(1, 2)",650a2466738bb786a6c7849b
24.0,40.0,2636,train,1595.2657996704306,1.0,1.0,"(1, 2)",650a2466738bb786a6c7849b
24.0,40.0,2637,train,1595.2657996704306,1.0,1.0,"(1, 2)",650a2466738bb786a6c7849b
24.0,40.0,2638,train,1595.2657996704306,1.0,1.0,"(1, 2)",650a2466738bb786a6c7849b
24.0,40.0,2639,train,1595.2657996704306,1.0,1.0,"(1, 2)",650a2466738bb786a6c7849b
24.0,40.0,2640,train,1595.2657996704306,1.0,1.0,"(1, 2)",650a2466738bb786a6c7849b
24.0,40.0,2641,train,1595.2657996704306,1.0,1.0,"(1, 2)",650a2466738bb786a6c7849b
24.0,40.0,2642,train,1595.2657996704306,1.0,1.0,"(1, 2)",650a2466738bb786a6c7849b
24.0,40.0,2643,train,1595.2657996704306,1.0,1.0,"(1, 2)",650a2466738bb786a6c7849b
24.0,40.0,2644,train,1595.2657996704306,1.0,1.0,"(1, 2)",650a2466738bb786a6c7849b
24.0,40.0,2645,train,1595.2657996704306,1.0,1.0,"(1, 2)",650a2466738bb786a6c7849b
24.0,40.0,2646,train,1595.2657996704306,1.0,1.0,"(1, 2)",650a2466738bb786a6c7849b
24.0,40.0,2647,train,1595.2657996704306,1.0,1.0,"(1, 2)",650a2466738bb786a6c7849b
24.0,40.0,2648,train,1595.2657996704306,1.0,1.0,"(1, 2)",650a2466738bb786a6c7849b
24.0,40.0,2649,train,1595.2657996704306,1.0,1.0,"(1, 2)",650a2466738bb786a6c7849b
24.0,40.0,2650,train,1595.2657996704306,1.0,1.0,"(1, 2)",650a2466738bb786a6c7849b
24.0,40.0,2651,train,1595.2657996704306,1.0,1.0,"(1, 2)",650a2466738bb786a6c7849b
24.0,40.0,2652,train,1595.2657996704306,1.0,1.0,"(1, 2)",650a2466738bb786a6c7849b
24.0,40.0,2653,train,1595.2657996704306,1.0,1.0,"(1, 2)",650a2466738bb786a6c7849b
24.0,40.0,2654,train,1595.2657996704306,1.0,1.0,"(1, 2)",650a2466738bb786a6c7849b
24.0,40.0,2655,train,1595.2657996704306,1.0,1.0,"(1, 2)",650a2466738bb786a6c7849b
24.0,40.0,2656,train,1595.2657996704306,1.0,1.0,"(1, 2)",650a2466738bb786a6c7849b
24.0,40.0,2657,train,1595.2657996704306,1.0,1.0,"(1, 2)",650a2466738bb786a6c7849b
24.0,40.0,2658,train,1595.2657996704306,1.0,1.0,"(1, 2)",650a2466738bb786a6c7849b
24.0,40.0,2659,train,1595.2657996704306,1.0,1.0,"(1, 2)",650a2466738bb786a6c7849b
24.0,40.0,2660,train,1595.2657996704306,1.0,1.0,"(1, 2)",650a2466738bb786a6c7849b
24.0,40.0,2661,train,1595.2657996704306,1.0,1.0,"(1, 2)",650a2466738bb786a6c7849b
24.0,40.0,2662,train,1595.2657996704306,1.0,1.0,"(1, 2)",650a2466738bb786a6c7849b
24.0,40.0,2663,train,1595.2657996704306,1.0,1.0,"(1, 2)",650a2466738bb786a6c7849b
24.0,40.0,2664,train,1595.2657996704306,1.0,1.0,"(1, 2)",650a2466738bb786a6c7849b
24.0,40.0,2665,train,1595.2657996704306,1.0,1.0,"(1, 2)",650a2466738bb786a6c7849b
24.0,40.0,2666,train,1595.2657996704306,1.0,1.0,"(1, 2)",650a2466738bb786a6c7849b
24.0,40.0,2667,train,1595.2657996704306,1.0,1.0,"(1, 2)",650a2466738bb786a6c7849b
24.0,40.0,2668,train,1595.2657996704306,1.0,1.0,"(1, 2)",650a2466738bb786a6c7849b
24.0,40.0,2669,train,1595.2657996704306,1.0,1.0,"(1, 2)",650a2466738bb786a6c7849b
24.0,40.0,2670,train,1595.2657996704306,1.0,1.0,"(1, 2)",650a2466738bb786a6c7849b
24.0,40.0,2671,train,1595.2657996704306,1.0,1.0,"(1, 2)",650a2466738bb786a6c7849b
24.0,40.0,2672,train,1595.2657996704306,1.0,1.0,"(1, 2)",650a2466738bb786a6c7849b
24.0,40.0,2673,train,1595.2657996704306,1.0,1.0,"(1, 2)",650a2466738bb786a6c7849b
24.0,40.0,2674,train,1595.2657996704306,1.0,1.0,"(1, 2)",650a2466738bb786a6c7849b
24.0,40.0,2675,train,1595.2657996704306,1.0,1.0,"(1, 2)",650a2466738bb786a6c7849b
24.0,40.0,2676,train,1595.2657996704306,1.0,1.0,"(1, 2)",650a2466738bb786a6c7849b
24.0,40.0,2677,train,1595.2657996704306,1.0,1.0,"(1, 2)",650a2466738bb786a6c7849b
24.0,40.0,2678,train,1595.2657996704306,1.0,1.0,"(1, 2)",650a2466738bb786a6c7849b
24.0,40.0,2679,train,1595.2657996704306,1.0,1.0,"(1, 2)",650a2466738bb786a6c7849b
24.0,40.0,2680,train,1595.2657996704306,1.0,1.0,"(1, 2)",650a2466738bb786a6c7849b
24.0,40.0,2681,train,1595.2657996704306,1.0,1.0,"(1, 2)",650a2466738bb786a6c7849b
24.0,40.0,2682,train,1595.2657996704306,1.0,1.0,"(1, 2)",650a2466738bb786a6c7849b
24.0,40.0,2683,train,1595.2657996704306,1.0,1.0,"(1, 2)",650a2466738bb786a6c7849b
24.0,40.0,2684,train,1595.2657996704306,1.0,1.0,"(1, 2)",650a2466738bb786a6c7849b
24.0,40.0,2685,train,1595.2657996704306,1.0,1.0,"(1, 2)",650a2466738bb786a6c7849b
24.0,40.0,2686,train,1595.2657996704306,1.0,1.0,"(1, 2)",650a2466738bb786a6c7849b
24.0,40.0,2687,train,1595.2657996704306,1.0,1.0,"(1, 2)",650a2466738bb786a6c7849b
24.0,40.0,2688,train,1595.2657996704306,1.0,1.0,"(1, 2)",650a2466738bb786a6c7849b
24.0,40.0,2689,train,1595.2657996704306,1.0,1.0,"(1, 2)",650a2466738bb786a6c7849b
24.0,40.0,2690,train,1595.2657996704306,1.0,1.0,"(1, 2)",650a2466738bb786a6c7849b
24.0,40.0,2691,train,1595.2657996704306,1.0,1.0,"(1, 2)",650a2466738bb786a6c7849b
24.0,40.0,2692,train,1595.2657996704306,1.0,1.0,"(1, 2)",650a2466738bb786a6c7849b
24.0,40.0,2693,train,1595.2657996704306,1.0,1.0,"(1, 2)",650a2466738bb786a6c7849b
24.0,40.0,2694,train,1595.2657996704306,1.0,1.0,"(1, 2)",650a2466738bb786a6c7849b
24.0,40.0,2695,train,1595.2657996704306,1.0,1.0,"(1, 2)",650a2466738bb786a6c7849b
24.0,40.0,2696,train,1595.2657996704306,1.0,1.0,"(1, 2)",650a2466738bb786a6c7849b
24.0,40.0,2697,train,1595.2657996704306,1.0,1.0,"(1, 2)",650a2466738bb786a6c7849b
24.0,40.0,2698,train,1595.2657996704306,1.0,1.0,"(1, 2)",650a2466738bb786a6c7849b
24.0,40.0,2699,train,1595.2657996704306,1.0,1.0,"(1, 2)",650a2466738bb786a6c7849b
24.0,40.0,2700,train,1595.2657996704306,1.0,1.0,"(1, 2)",650a2466738bb786a6c7849b
24.0,40.0,2701,train,1595.2657996704306,1.0,1.0,"(1, 2)",650a2466738bb786a6c7849b
24.0,40.0,2702,train,1595.2657996704306,1.0,1.0,"(1, 2)",650a2466738bb786a6c7849b
24.0,40.0,2703,train,1595.2657996704306,1.0,1.0,"(1, 2)",650a2466738bb786a6c7849b
24.0,40.0,2704,train,1595.2657996704306,1.0,1.0,"(1, 2)",650a2466738bb786a6c7849b
24.0,40.0,2705,train,1595.2657996704306,1.0,1.0,"(1, 2)",650a2466738bb786a6c7849b
24.0,40.0,2706,train,1595.2657996704306,1.0,1.0,"(1, 2)",650a2466738bb786a6c7849b
24.0,40.0,2707,train,1595.2657996704306,1.0,1.0,"(1, 2)",650a2466738bb786a6c7849b
24.0,40.0,2708,train,1595.2657996704306,1.0,1.0,"(1, 2)",650a2466738bb786a6c7849b
24.0,40.0,2709,train,1595.2657996704306,1.0,1.0,"(1, 2)",650a2466738bb786a6c7849b
24.0,40.0,2710,train,1595.2657996704306,1.0,1.0,"(1, 2)",650a2466738bb786a6c7849b
24.0,40.0,2711,train,1595.2657996704306,1.0,1.0,"(1, 2)",650a2466738bb786a6c7849b
24.0,40.0,2712,train,1595.2657996704306,1.0,1.0,"(1, 2)",650a2466738bb786a6c7849b
24.88388347648305,39.11611652351695,2713,train,1596.5157996704304,1.0,1.0,"(1, 2)",650a2466738bb786a6c7849b
25.7677669529661,38.2322330470339,2714,train,1597.7657996704302,1.0,1.0,"(1, 2)",650a2466738bb786a6c7849b
26.65165042944915,37.34834957055085,2715,train,1599.01579967043,1.0,1.0,"(1, 2)",650a2466738bb786a6c7849b
27.535533905932198,36.4644660940678,2716,train,1600.2657996704297,1.0,1.0,"(1, 2)",650a2466738bb786a6c7849b
28.419417382415247,35.58058261758475,2717,train,1601.5157996704295,1.0,1.0,"(1, 2)",650a2466738bb786a6c7849b
29.303300858898297,34.6966991411017,2718,train,1602.7657996704293,1.0,1.0,"(1, 2)",650a2466738bb786a6c7849b
30.187184335381346,33.812815664618654,2719,train,1604.015799670429,1.0,1.0,"(1, 2)",650a2466738bb786a6c7849b
31.071067811864395,32.928932188135605,2720,train,1605.2657996704288,1.0,1.0,"(1, 2)",650a2466738bb786a6c7849b
31.954951288347445,32.045048711652555,2721,train,1606.5157996704286,1.0,1.0,"(1, 2)",650a2466738bb786a6c7849b
32.838834764830494,31.161165235169506,2722,train,1607.7657996704284,1.0,1.0,"(1, 2)",650a2466738bb786a6c7849b
33.722718241313544,30.277281758686456,2723,train,1609.0157996704281,1.0,1.0,"(1, 2)",650a2466738bb786a6c7849b
34.60660171779659,29.393398282203407,2724,train,1610.265799670428,1.0,1.0,"(1, 2)",650a2466738bb786a6c7849b
35.49048519427964,28.509514805720357,2725,train,1611.5157996704277,1.0,1.0,"(1, 2)",650a2466738bb786a6c7849b
36.37436867076269,27.625631329237308,2726,train,1612.7657996704274,1.0,1.0,"(1, 2)",650a2466738bb786a6c7849b
37.25825214724574,26.74174785275426,2727,train,1614.0157996704272,1.0,1.0,"(1, 2)",650a2466738bb786a6c7849b
38.14213562372879,25.85786437627121,2728,train,1615.265799670427,1.0,1.0,"(1, 2)",650a2466738bb786a6c7849b
39.02601910021184,24.97398089978816,2729,train,1616.5157996704268,1.0,1.0,"(1, 2)",650a2466738bb786a6c7849b
39.95382555869017,24.194346815316237,2730,train,1617.7276800812201,1.0,1.0,"(1, 2)",650a2466738bb786a6c7849b
41.203733885133886,24.179208272259245,2731,train,1618.97768008122,1.0,1.0,"(1, 2)",650a2466738bb786a6c7849b
42.4536422115776,24.164069729202254,2732,train,1620.2276800812197,1.0,1.0,"(1, 2)",650a2466738bb786a6c7849b
43.70355053802132,24.148931186145262,2733,train,1621.4776800812194,1.0,1.0,"(1, 2)",650a2466738bb786a6c7849b
44.953458864465034,24.13379264308827,2734,train,1622.7276800812192,1.0,1.0,"(1, 2)",650a2466738bb786a6c7849b
46.20336719090875,24.11865410003119,2735,train,1623.977680081219,1.0,1.0,"(1, 2)",650a2466738bb786a6c7849b
47.453275517352466,24.103515556974024,2736,train,1625.2276800812188,1.0,1.0,"(1, 2)",650a2466738bb786a6c7849b
48.70318384379618,24.08837701391686,2737,train,1626.4776800812185,1.0,1.0,"(1, 2)",650a2466738bb786a6c7849b
49.9530921702399,24.073238470859692,2738,train,1627.7276800812183,1.0,1.0,"(1, 2)",650a2466738bb786a6c7849b
51.203000496683615,24.058099927802527,2739,train,1628.977680081218,1.0,1.0,"(1, 2)",650a2466738bb786a6c7849b
52.45290882312733,24.04296138474536,2740,train,1630.2276800812178,1.0,1.0,"(1, 2)",650a2466738bb786a6c7849b
53.70281714957105,24.027822841688195,2741,train,1631.4776800812176,1.0,1.0,"(1, 2)",650a2466738bb786a6c7849b
54.95272547601476,24.01268429863103,2742,train,1632.7276800812174,1.0,1.0,"(1, 2)",650a2466738bb786a6c7849b
56.20266313364169,24.00233106509779,2743,train,1633.9776606160253,1.0,1.0,"(1, 2)",650a2466738bb786a6c7849b
57.45266312003295,24.002146614302884,2744,train,1635.2276606160253,1.0,1.0,"(1, 2)",650a2466738bb786a6c7849b
58.70266310642421,24.00196216350798,2745,train,1636.4776606160253,1.0,1.0,"(1, 2)",650a2466738bb786a6c7849b
59.95266309281547,24.001777712713075,2746,train,1637.7276606160253,1.0,1.0,"(1, 2)",650a2466738bb786a6c7849b
61.20266307920673,24.00159326191817,2747,train,1638.9776606160253,1.0,1.0,"(1, 2)",650a2466738bb786a6c7849b
62.45266306559799,24.001408811123397,2748,train,1640.2276606160253,1.0,1.0,"(1, 2)",650a2466738bb786a6c7849b
63.70266305198925,24.00122436032867,2749,train,1641.4776606160253,1.0,1.0,"(1, 2)",650a2466738bb786a6c7849b
64.95266303837997,24.001039909533944,2750,train,1642.7276606160249,1.0,1.0,"(1, 2)",650a2466738bb786a6c7849b
66.20266302477052,24.000855458739217,2751,train,1643.9776606160242,1.0,1.0,"(1, 2)",650a2466738bb786a6c7849b
67.45266301116106,24.00067100794449,2752,train,1645.2276606160235,1.0,1.0,"(1, 2)",650a2466738bb786a6c7849b
68.70266299755161,24.000486557149763,2753,train,1646.4776606160228,1.0,1.0,"(1, 2)",650a2466738bb786a6c7849b
69.95266298394216,24.000302106355036,2754,train,1647.7276606160221,1.0,1.0,"(1, 2)",650a2466738bb786a6c7849b
71.20266297033271,24.00011765556031,2755,train,1648.9776606160215,1.0,1.0,"(1, 2)",650a2466738bb786a6c7849b
72.45266296379884,24.00002795062462,2756,train,1650.2276606127064,1.0,1.0,"(1, 2)",650a2466738bb786a6c7849b
73.70266296379629,24.000025703404965,2757,train,1651.477660612706,1.0,1.0,"(1, 2)",650a2466738bb786a6c7849b
74.95266296379373,24.00002345618531,2758,train,1652.7276606127054,1.0,1.0,"(1, 2)",650a2466738bb786a6c7849b
76.20266296379117,24.000021208965656,2759,train,1653.977660612705,1.0,1.0,"(1, 2)",650a2466738bb786a6c7849b
77.45266296378861,24.000018961746,2760,train,1655.2276606127045,1.0,1.0,"(1, 2)",650a2466738bb786a6c7849b
78.70266296378605,24.000016714526346,2761,train,1656.477660612704,1.0,1.0,"(1, 2)",650a2466738bb786a6c7849b
79.9526629637835,24.00001446730669,2762,train,1657.7276606127036,1.0,1.0,"(1, 2)",650a2466738bb786a6c7849b
81.20266296378094,24.000012220087036,2763,train,1658.9776606127032,1.0,1.0,"(1, 2)",650a2466738bb786a6c7849b
82.45266296377838,24.00000997286738,2764,train,1660.2276606127027,1.0,1.0,"(1, 2)",650a2466738bb786a6c7849b
83.70266296377582,24.000007725647727,2765,train,1661.4776606127023,1.0,1.0,"(1, 2)",650a2466738bb786a6c7849b
84.95266296377326,24.000005478428115,2766,train,1662.7276606127018,1.0,1.0,"(1, 2)",650a2466738bb786a6c7849b
86.2026629637707,24.000003231208638,2767,train,1663.9776606127014,1.0,1.0,"(1, 2)",650a2466738bb786a6c7849b
87.45266296376815,24.00000098398916,2768,train,1665.227660612701,1.0,1.0,"(1, 2)",650a2466738bb786a6c7849b
88.0,24.0,2769,train,1665.7749976489335,1.0,1.0,"(1, 2)",650a2466738bb786a6c7849b
88.0,24.0,2770,train,1665.7749976489335,1.0,1.0,"(1, 2)",650a2466738bb786a6c7849b
88.0,24.0,2771,train,1665.7749976489335,1.0,1.0,"(1, 2)",650a2466738bb786a6c7849b
88.0,24.0,2772,train,1665.7749976489335,1.0,1.0,"(1, 2)",650a2466738bb786a6c7849b
88.0,24.0,2773,train,1665.7749976489335,1.0,1.0,"(1, 2)",650a2466738bb786a6c7849b
88.0,24.0,2774,train,1665.7749976489335,1.0,1.0,"(1, 2)",650a2466738bb786a6c7849b
88.0,24.0,2775,train,1665.7749976489335,1.0,1.0,"(1, 2)",650a2466738bb786a6c7849b
88.0,24.0,2776,train,1665.7749976489335,1.0,1.0,"(1, 2)",650a2466738bb786a6c7849b
88.0,24.0,2777,train,1665.7749976489335,1.0,1.0,"(1, 2)",650a2466738bb786a6c7849b
88.0,24.0,2778,train,1665.7749976489335,1.0,1.0,"(1, 2)",650a2466738bb786a6c7849b
88.0,24.0,2779,train,1665.7749976489335,1.0,1.0,"(1, 2)",650a2466738bb786a6c7849b
88.0,24.0,2780,train,1665.7749976489335,1.0,1.0,"(1, 2)",650a2466738bb786a6c7849b
88.0,24.0,2781,train,1665.7749976489335,1.0,1.0,"(1, 2)",650a2466738bb786a6c7849b
88.0,24.0,2782,train,1665.7749976489335,1.0,1.0,"(1, 2)",650a2466738bb786a6c7849b
88.0,24.0,2783,train,1665.7749976489335,1.0,1.0,"(1, 2)",650a2466738bb786a6c7849b
88.0,24.0,2784,train,1665.7749976489335,1.0,1.0,"(1, 2)",650a2466738bb786a6c7849b
88.0,24.0,2785,train,1665.7749976489335,1.0,1.0,"(1, 2)",650a2466738bb786a6c7849b
88.0,24.0,2786,train,1665.7749976489335,1.0,1.0,"(1, 2)",650a2466738bb786a6c7849b
88.0,24.0,2787,train,1665.7749976489335,1.0,1.0,"(1, 2)",650a2466738bb786a6c7849b
86.74999999999972,24.0,2788,train,1667.0249976489338,1.0,1.0,"(1, 2)",650a2466738bb786a6c7849b
85.49999999999943,24.0,2789,train,1668.274997648934,1.0,1.0,"(1, 2)",650a2466738bb786a6c7849b
84.24999999999915,24.0,2790,train,1669.5249976489342,1.0,1.0,"(1, 2)",650a2466738bb786a6c7849b
82.99999999999886,24.0,2791,train,1670.7749976489345,1.0,1.0,"(1, 2)",650a2466738bb786a6c7849b
81.74999999999858,24.0,2792,train,1672.0249976489347,1.0,1.0,"(1, 2)",650a2466738bb786a6c7849b
80.4999999999983,24.0,2793,train,1673.274997648935,1.0,1.0,"(1, 2)",650a2466738bb786a6c7849b
79.24999999999801,24.0,2794,train,1674.5249976489351,1.0,1.0,"(1, 2)",650a2466738bb786a6c7849b
77.99999999999773,24.0,2795,train,1675.7749976489354,1.0,1.0,"(1, 2)",650a2466738bb786a6c7849b
76.74999999999744,24.0,2796,train,1677.0249976489356,1.0,1.0,"(1, 2)",650a2466738bb786a6c7849b
75.49999999999716,24.0,2797,train,1678.2749976489358,1.0,1.0,"(1, 2)",650a2466738bb786a6c7849b
74.24999999999687,24.0,2798,train,1679.524997648936,1.0,1.0,"(1, 2)",650a2466738bb786a6c7849b
72.99999999999659,24.0,2799,train,1680.7749976489363,1.0,1.0,"(1, 2)",650a2466738bb786a6c7849b
71.7499999999963,24.0,2800,train,1682.0249976489365,1.0,1.0,"(1, 2)",650a2466738bb786a6c7849b
70.49999999999602,24.0,2801,train,1683.2749976489367,1.0,1.0,"(1, 2)",650a2466738bb786a6c7849b
69.24999999999574,24.0,2802,train,1684.524997648937,1.0,1.0,"(1, 2)",650a2466738bb786a6c7849b
67.99999999999545,24.0,2803,train,1685.7749976489372,1.0,1.0,"(1, 2)",650a2466738bb786a6c7849b
66.74999999999517,24.0,2804,train,1687.0249976489374,1.0,1.0,"(1, 2)",650a2466738bb786a6c7849b
65.49999999999488,24.0,2805,train,1688.2749976489376,1.0,1.0,"(1, 2)",650a2466738bb786a6c7849b
64.2499999999946,24.0,2806,train,1689.5249976489379,1.0,1.0,"(1, 2)",650a2466738bb786a6c7849b
62.999999999994316,24.0,2807,train,1690.774997648938,1.0,1.0,"(1, 2)",650a2466738bb786a6c7849b
61.74999999999403,24.0,2808,train,1692.0249976489383,1.0,1.0,"(1, 2)",650a2466738bb786a6c7849b
60.49999999999375,24.0,2809,train,1693.2749976489386,1.0,1.0,"(1, 2)",650a2466738bb786a6c7849b
59.24999999999346,24.0,2810,train,1694.5249976489388,1.0,1.0,"(1, 2)",650a2466738bb786a6c7849b
57.99999999999318,24.0,2811,train,1695.774997648939,1.0,1.0,"(1, 2)",650a2466738bb786a6c7849b
56.749999999992895,24.0,2812,train,1697.0249976489392,1.0,1.0,"(1, 2)",650a2466738bb786a6c7849b
55.49999999999261,24.0,2813,train,1698.2749976489395,1.0,1.0,"(1, 2)",650a2466738bb786a6c7849b
54.249999999992326,24.0,2814,train,1699.5249976489397,1.0,1.0,"(1, 2)",650a2466738bb786a6c7849b
52.99999999999204,24.0,2815,train,1700.77499764894,1.0,1.0,"(1, 2)",650a2466738bb786a6c7849b
51.74999999999176,24.0,2816,train,1702.0249976489401,1.0,1.0,"(1, 2)",650a2466738bb786a6c7849b
50.49999999999147,24.0,2817,train,1703.2749976489404,1.0,1.0,"(1, 2)",650a2466738bb786a6c7849b
49.24999999999119,24.0,2818,train,1704.5249976489406,1.0,1.0,"(1, 2)",650a2466738bb786a6c7849b
47.999999999990905,24.0,2819,train,1705.7749976489408,1.0,1.0,"(1, 2)",650a2466738bb786a6c7849b
46.74999999999062,24.0,2820,train,1707.024997648941,1.0,1.0,"(1, 2)",650a2466738bb786a6c7849b
45.49999999999034,24.0,2821,train,1708.2749976489413,1.0,1.0,"(1, 2)",650a2466738bb786a6c7849b
44.24999999999005,24.0,2822,train,1709.5249976489415,1.0,1.0,"(1, 2)",650a2466738bb786a6c7849b
42.99999999998977,24.0,2823,train,1710.7749976489417,1.0,1.0,"(1, 2)",650a2466738bb786a6c7849b
41.749999999989484,24.0,2824,train,1712.024997648942,1.0,1.0,"(1, 2)",650a2466738bb786a6c7849b
40.4999999999892,24.0,2825,train,1713.2749976489422,1.0,1.0,"(1, 2)",650a2466738bb786a6c7849b
39.249999999988916,24.0,2826,train,1714.5249976489424,1.0,1.0,"(1, 2)",650a2466738bb786a6c7849b
37.99999999998863,24.0,2827,train,1715.7749976489426,1.0,1.0,"(1, 2)",650a2466738bb786a6c7849b
36.74999999998835,24.0,2828,train,1717.0249976489429,1.0,1.0,"(1, 2)",650a2466738bb786a6c7849b
35.49999999998806,24.0,2829,train,1718.274997648943,1.0,1.0,"(1, 2)",650a2466738bb786a6c7849b
34.24999999998778,24.0,2830,train,1719.5249976489433,1.0,1.0,"(1, 2)",650a2466738bb786a6c7849b
32.999999999987494,24.0,2831,train,1720.7749976489436,1.0,1.0,"(1, 2)",650a2466738bb786a6c7849b
31.749999999987285,24.0,2832,train,1722.0249976489438,1.0,1.0,"(1, 2)",650a2466738bb786a6c7849b
30.499999999987356,24.0,2833,train,1723.2749976489438,1.0,1.0,"(1, 2)",650a2466738bb786a6c7849b
29.249999999987427,24.0,2834,train,1724.5249976489438,1.0,1.0,"(1, 2)",650a2466738bb786a6c7849b
27.999999999987498,24.0,2835,train,1725.7749976489438,1.0,1.0,"(1, 2)",650a2466738bb786a6c7849b
26.74999999998757,24.0,2836,train,1727.0249976489438,1.0,1.0,"(1, 2)",650a2466738bb786a6c7849b
25.49999999998764,24.0,2837,train,1728.2749976489438,1.0,1.0,"(1, 2)",650a2466738bb786a6c7849b
24.24999999998771,24.0,2838,train,1729.5249976489438,1.0,1.0,"(1, 2)",650a2466738bb786a6c7849b
24.0,24.0,2839,train,1729.7749976489315,1.0,1.0,"(1, 2)",650a2466738bb786a6c7849b
24.0,24.0,2840,train,1729.7749976489315,1.0,1.0,"(1, 2)",650a2466738bb786a6c7849b
24.0,24.0,2841,train,1729.7749976489315,1.0,1.0,"(1, 2)",650a2466738bb786a6c7849b
24.0,24.0,2842,train,1729.7749976489315,1.0,1.0,"(1, 2)",650a2466738bb786a6c7849b
24.0,24.0,2843,train,1729.7749976489315,1.0,1.0,"(1, 2)",650a2466738bb786a6c7849b
24.0,24.0,2844,train,1729.7749976489315,1.0,1.0,"(1, 2)",650a2466738bb786a6c7849b
24.0,24.0,2845,train,1729.7749976489315,1.0,1.0,"(1, 2)",650a2466738bb786a6c7849b
24.0,24.0,2846,train,1729.7749976489315,1.0,1.0,"(1, 2)",650a2466738bb786a6c7849b
24.0,24.0,2847,train,1729.7749976489315,1.0,1.0,"(1, 2)",650a2466738bb786a6c7849b
24.0,24.0,2848,train,1729.7749976489315,1.0,1.0,"(1, 2)",650a2466738bb786a6c7849b
24.0,24.0,2849,train,1729.7749976489315,1.0,1.0,"(1, 2)",650a2466738bb786a6c7849b
24.0,24.0,2850,train,1729.7749976489315,1.0,1.0,"(1, 2)",650a2466738bb786a6c7849b
24.0,24.0,2851,train,1729.7749976489315,1.0,1.0,"(1, 2)",650a2466738bb786a6c7849b
24.0,24.0,2852,train,1729.7749976489315,1.0,1.0,"(1, 2)",650a2466738bb786a6c7849b
24.0,24.0,2853,train,1729.7749976489315,1.0,1.0,"(1, 2)",650a2466738bb786a6c7849b
24.0,24.0,2854,train,1729.7749976489315,1.0,1.0,"(1, 2)",650a2466738bb786a6c7849b
24.0,24.0,2855,train,1729.7749976489315,1.0,1.0,"(1, 2)",650a2466738bb786a6c7849b
24.0,24.0,2856,train,1729.7749976489315,1.0,1.0,"(1, 2)",650a2466738bb786a6c7849b
24.0,24.0,2857,train,1729.7749976489315,1.0,1.0,"(1, 2)",650a2466738bb786a6c7849b
24.0,24.0,2858,train,1729.7749976489315,1.0,1.0,"(1, 2)",650a2466738bb786a6c7849b
24.0,24.0,2859,train,1729.7749976489315,1.0,1.0,"(1, 2)",650a2466738bb786a6c7849b
24.0,24.0,2860,train,1729.7749976489315,1.0,1.0,"(1, 2)",650a2466738bb786a6c7849b
24.0,24.0,2861,train,1729.7749976489315,1.0,1.0,"(1, 2)",650a2466738bb786a6c7849b
24.0,24.0,2862,train,1729.7749976489315,1.0,1.0,"(1, 2)",650a2466738bb786a6c7849b
24.0,24.0,2863,train,1729.7749976489315,1.0,1.0,"(1, 2)",650a2466738bb786a6c7849b
24.0,24.0,2864,train,1729.7749976489315,1.0,1.0,"(1, 2)",650a2466738bb786a6c7849b
24.0,24.0,2865,train,1729.7749976489315,1.0,1.0,"(1, 2)",650a2466738bb786a6c7849b
24.0,24.0,2866,train,1729.7749976489315,1.0,1.0,"(1, 2)",650a2466738bb786a6c7849b
24.0,24.0,2867,train,1729.7749976489315,1.0,1.0,"(1, 2)",650a2466738bb786a6c7849b
24.0,24.0,2868,train,1729.7749976489315,1.0,1.0,"(1, 2)",650a2466738bb786a6c7849b
24.0,24.0,2869,train,1729.7749976489315,1.0,1.0,"(1, 2)",650a2466738bb786a6c7849b
24.0,24.0,2870,train,1729.7749976489315,1.0,1.0,"(1, 2)",650a2466738bb786a6c7849b
24.0,24.0,2871,train,1729.7749976489315,1.0,1.0,"(1, 2)",650a2466738bb786a6c7849b
24.0,24.0,2872,train,1729.7749976489315,1.0,1.0,"(1, 2)",650a2466738bb786a6c7849b
24.0,24.0,2873,train,1729.7749976489315,1.0,1.0,"(1, 2)",650a2466738bb786a6c7849b
24.0,24.0,2874,train,1729.7749976489315,1.0,1.0,"(1, 2)",650a2466738bb786a6c7849b
24.0,24.0,2875,train,1729.7749976489315,1.0,1.0,"(1, 2)",650a2466738bb786a6c7849b
24.0,24.0,2876,train,1729.7749976489315,1.0,1.0,"(1, 2)",650a2466738bb786a6c7849b
24.0,24.0,2877,train,1729.7749976489315,1.0,1.0,"(1, 2)",650a2466738bb786a6c7849b
24.0,24.0,2878,train,1729.7749976489315,1.0,1.0,"(1, 2)",650a2466738bb786a6c7849b
24.0,24.0,2879,train,1729.7749976489315,1.0,1.0,"(1, 2)",650a2466738bb786a6c7849b
24.0,40.0,2880,ready,1745.7749976489315,1.0,1.0,"(1, 2)",650a2466738bb786a6c7849b
24.0,40.0,2881,ready,1745.7749976489315,1.0,1.0,"(1, 2)",650a2466738bb786a6c7849b
24.0,40.0,2882,ready,1745.7749976489315,1.0,1.0,"(1, 2)",650a2466738bb786a6c7849b
24.0,40.0,2883,ready,1745.7749976489315,1.0,1.0,"(1, 2)",650a2466738bb786a6c7849b
24.0,40.0,2884,ready,1745.7749976489315,1.0,1.0,"(1, 2)",650a2466738bb786a6c7849b
24.0,40.0,2885,ready,1745.7749976489315,1.0,1.0,"(1, 2)",650a2466738bb786a6c7849b
24.0,40.0,2886,ready,1745.7749976489315,1.0,1.0,"(1, 2)",650a2466738bb786a6c7849b
24.0,40.0,2887,ready,1745.7749976489315,1.0,1.0,"(1, 2)",650a2466738bb786a6c7849b
24.0,40.0,2888,ready,1745.7749976489315,1.0,1.0,"(1, 2)",650a2466738bb786a6c7849b
24.0,40.0,2889,ready,1745.7749976489315,1.0,1.0,"(1, 2)",650a2466738bb786a6c7849b
24.0,40.0,2890,ready,1745.7749976489315,1.0,1.0,"(1, 2)",650a2466738bb786a6c7849b
24.0,40.0,2891,ready,1745.7749976489315,1.0,1.0,"(1, 2)",650a2466738bb786a6c7849b
24.0,40.0,2892,ready,1745.7749976489315,1.0,1.0,"(1, 2)",650a2466738bb786a6c7849b
24.0,40.0,2893,ready,1745.7749976489315,1.0,1.0,"(1, 2)",650a2466738bb786a6c7849b
24.0,40.0,2894,ready,1745.7749976489315,1.0,1.0,"(1, 2)",650a2466738bb786a6c7849b
24.0,40.0,2895,ready,1745.7749976489315,1.0,1.0,"(1, 2)",650a2466738bb786a6c7849b
24.0,40.0,2896,ready,1745.7749976489315,1.0,1.0,"(1, 2)",650a2466738bb786a6c7849b
24.0,40.0,2897,ready,1745.7749976489315,1.0,1.0,"(1, 2)",650a2466738bb786a6c7849b
24.0,40.0,2898,ready,1745.7749976489315,1.0,1.0,"(1, 2)",650a2466738bb786a6c7849b
24.0,40.0,2899,ready,1745.7749976489315,1.0,1.0,"(1, 2)",650a2466738bb786a6c7849b
24.0,40.0,2900,ready,1745.7749976489315,1.0,1.0,"(1, 2)",650a2466738bb786a6c7849b
24.0,40.0,2901,ready,1745.7749976489315,1.0,1.0,"(1, 2)",650a2466738bb786a6c7849b
24.0,40.0,2902,ready,1745.7749976489315,1.0,1.0,"(1, 2)",650a2466738bb786a6c7849b
24.0,40.0,2903,ready,1745.7749976489315,1.0,1.0,"(1, 2)",650a2466738bb786a6c7849b
24.0,40.0,2904,ready,1745.7749976489315,1.0,1.0,"(1, 2)",650a2466738bb786a6c7849b
24.0,40.0,2905,ready,1745.7749976489315,1.0,1.0,"(1, 2)",650a2466738bb786a6c7849b
24.0,40.0,2906,ready,1745.7749976489315,1.0,1.0,"(1, 2)",650a2466738bb786a6c7849b
24.0,40.0,2907,ready,1745.7749976489315,1.0,1.0,"(1, 2)",650a2466738bb786a6c7849b
24.0,40.0,2908,ready,1745.7749976489315,1.0,1.0,"(1, 2)",650a2466738bb786a6c7849b
24.0,40.0,2909,ready,1745.7749976489315,1.0,1.0,"(1, 2)",650a2466738bb786a6c7849b
24.0,40.0,2910,ready,1745.7749976489315,1.0,1.0,"(1, 2)",650a2466738bb786a6c7849b
24.0,40.0,2911,ready,1745.7749976489315,1.0,1.0,"(1, 2)",650a2466738bb786a6c7849b
24.0,40.0,2912,ready,1745.7749976489315,1.0,1.0,"(1, 2)",650a2466738bb786a6c7849b
24.0,40.0,2913,ready,1745.7749976489315,1.0,1.0,"(1, 2)",650a2466738bb786a6c7849b
24.0,40.0,2914,ready,1745.7749976489315,1.0,1.0,"(1, 2)",650a2466738bb786a6c7849b
24.0,40.0,2915,ready,1745.7749976489315,1.0,1.0,"(1, 2)",650a2466738bb786a6c7849b
24.0,40.0,2916,ready,1745.7749976489315,1.0,1.0,"(1, 2)",650a2466738bb786a6c7849b
24.0,40.0,2917,ready,1745.7749976489315,1.0,1.0,"(1, 2)",650a2466738bb786a6c7849b
24.0,40.0,2918,ready,1745.7749976489315,1.0,1.0,"(1, 2)",650a2466738bb786a6c7849b
24.0,40.0,2919,ready,1745.7749976489315,1.0,1.0,"(1, 2)",650a2466738bb786a6c7849b
24.0,40.0,2920,ready,1745.7749976489315,1.0,1.0,"(1, 2)",650a2466738bb786a6c7849b
24.0,40.0,2921,ready,1745.7749976489315,1.0,1.0,"(1, 2)",650a2466738bb786a6c7849b
24.0,40.0,2922,ready,1745.7749976489315,1.0,1.0,"(1, 2)",650a2466738bb786a6c7849b
24.0,40.0,2923,ready,1745.7749976489315,1.0,1.0,"(1, 2)",650a2466738bb786a6c7849b
24.0,40.0,2924,ready,1745.7749976489315,1.0,1.0,"(1, 2)",650a2466738bb786a6c7849b
24.0,40.0,2925,ready,1745.7749976489315,1.0,1.0,"(1, 2)",650a2466738bb786a6c7849b
24.0,40.0,2926,ready,1745.7749976489315,1.0,1.0,"(1, 2)",650a2466738bb786a6c7849b
24.0,40.0,2927,ready,1745.7749976489315,1.0,1.0,"(1, 2)",650a2466738bb786a6c7849b
24.0,40.0,2928,ready,1745.7749976489315,1.0,1.0,"(1, 2)",650a2466738bb786a6c7849b
24.0,40.0,2929,ready,1745.7749976489315,1.0,1.0,"(1, 2)",650a2466738bb786a6c7849b
24.0,40.0,2930,ready,1745.7749976489315,1.0,1.0,"(1, 2)",650a2466738bb786a6c7849b
24.0,40.0,2931,ready,1745.7749976489315,1.0,1.0,"(1, 2)",650a2466738bb786a6c7849b
24.0,40.0,2932,ready,1745.7749976489315,1.0,1.0,"(1, 2)",650a2466738bb786a6c7849b
24.0,40.0,2933,ready,1745.7749976489315,1.0,1.0,"(1, 2)",650a2466738bb786a6c7849b
24.0,40.0,2934,ready,1745.7749976489315,1.0,1.0,"(1, 2)",650a2466738bb786a6c7849b
24.0,40.0,2935,ready,1745.7749976489315,1.0,1.0,"(1, 2)",650a2466738bb786a6c7849b
24.0,40.0,2936,ready,1745.7749976489315,1.0,1.0,"(1, 2)",650a2466738bb786a6c7849b
24.0,40.0,2937,ready,1745.7749976489315,1.0,1.0,"(1, 2)",650a2466738bb786a6c7849b
24.0,40.0,2938,ready,1745.7749976489315,1.0,1.0,"(1, 2)",650a2466738bb786a6c7849b
24.0,40.0,2939,ready,1745.7749976489315,1.0,1.0,"(1, 2)",650a2466738bb786a6c7849b
24.0,40.0,2940,ready,1745.7749976489315,1.0,1.0,"(1, 2)",650a2466738bb786a6c7849b
24.0,40.0,2941,ready,1745.7749976489315,1.0,1.0,"(1, 2)",650a2466738bb786a6c7849b
24.0,40.0,2942,ready,1745.7749976489315,1.0,1.0,"(1, 2)",650a2466738bb786a6c7849b
24.0,40.0,2943,ready,1745.7749976489315,1.0,1.0,"(1, 2)",650a2466738bb786a6c7849b
24.0,40.0,2944,ready,1745.7749976489315,1.0,1.0,"(1, 2)",650a2466738bb786a6c7849b
24.0,40.0,2945,ready,1745.7749976489315,1.0,1.0,"(1, 2)",650a2466738bb786a6c7849b
24.0,40.0,2946,ready,1745.7749976489315,1.0,1.0,"(1, 2)",650a2466738bb786a6c7849b
24.0,40.0,2947,ready,1745.7749976489315,1.0,1.0,"(1, 2)",650a2466738bb786a6c7849b
24.0,40.0,2948,ready,1745.7749976489315,1.0,1.0,"(1, 2)",650a2466738bb786a6c7849b
24.0,40.0,2949,ready,1745.7749976489315,1.0,1.0,"(1, 2)",650a2466738bb786a6c7849b
24.0,40.0,2950,ready,1745.7749976489315,1.0,1.0,"(1, 2)",650a2466738bb786a6c7849b
24.0,40.0,2951,ready,1745.7749976489315,1.0,1.0,"(1, 2)",650a2466738bb786a6c7849b
24.0,40.0,2952,ready,1745.7749976489315,1.0,1.0,"(1, 2)",650a2466738bb786a6c7849b
24.0,40.0,2953,ready,1745.7749976489315,1.0,1.0,"(1, 2)",650a2466738bb786a6c7849b
24.0,40.0,2954,ready,1745.7749976489315,1.0,1.0,"(1, 2)",650a2466738bb786a6c7849b
24.0,40.0,2955,ready,1745.7749976489315,1.0,1.0,"(1, 2)",650a2466738bb786a6c7849b
24.0,40.0,2956,ready,1745.7749976489315,1.0,1.0,"(1, 2)",650a2466738bb786a6c7849b
24.0,40.0,2957,ready,1745.7749976489315,1.0,1.0,"(1, 2)",650a2466738bb786a6c7849b
24.0,40.0,2958,ready,1745.7749976489315,1.0,1.0,"(1, 2)",650a2466738bb786a6c7849b
24.0,40.0,2959,ready,1745.7749976489315,1.0,1.0,"(1, 2)",650a2466738bb786a6c7849b
24.0,40.0,2960,ready,1745.7749976489315,1.0,1.0,"(1, 2)",650a2466738bb786a6c7849b
24.0,40.0,2961,ready,1745.7749976489315,1.0,1.0,"(1, 2)",650a2466738bb786a6c7849b
24.0,40.0,2962,ready,1745.7749976489315,1.0,1.0,"(1, 2)",650a2466738bb786a6c7849b
24.0,40.0,2963,ready,1745.7749976489315,1.0,1.0,"(1, 2)",650a2466738bb786a6c7849b
24.0,40.0,2964,ready,1745.7749976489315,1.0,1.0,"(1, 2)",650a2466738bb786a6c7849b
24.0,40.0,2965,ready,1745.7749976489315,1.0,1.0,"(1, 2)",650a2466738bb786a6c7849b
24.0,40.0,2966,ready,1745.7749976489315,1.0,1.0,"(1, 2)",650a2466738bb786a6c7849b
24.0,40.0,2967,ready,1745.7749976489315,1.0,1.0,"(1, 2)",650a2466738bb786a6c7849b
24.0,40.0,2968,ready,1745.7749976489315,1.0,1.0,"(1, 2)",650a2466738bb786a6c7849b
24.0,40.0,2969,ready,1745.7749976489315,1.0,1.0,"(1, 2)",650a2466738bb786a6c7849b
24.0,40.0,2970,ready,1745.7749976489315,1.0,1.0,"(1, 2)",650a2466738bb786a6c7849b
24.0,40.0,2971,ready,1745.7749976489315,1.0,1.0,"(1, 2)",650a2466738bb786a6c7849b
24.0,40.0,2972,ready,1745.7749976489315,1.0,1.0,"(1, 2)",650a2466738bb786a6c7849b
24.0,40.0,2973,ready,1745.7749976489315,1.0,1.0,"(1, 2)",650a2466738bb786a6c7849b
24.0,40.0,2974,ready,1745.7749976489315,1.0,1.0,"(1, 2)",650a2466738bb786a6c7849b
24.0,40.0,2975,ready,1745.7749976489315,1.0,1.0,"(1, 2)",650a2466738bb786a6c7849b
24.0,40.0,2976,ready,1745.7749976489315,1.0,1.0,"(1, 2)",650a2466738bb786a6c7849b
24.0,40.0,2977,ready,1745.7749976489315,1.0,1.0,"(1, 2)",650a2466738bb786a6c7849b
24.0,40.0,2978,ready,1745.7749976489315,1.0,1.0,"(1, 2)",650a2466738bb786a6c7849b
24.0,40.0,2979,ready,1745.7749976489315,1.0,1.0,"(1, 2)",650a2466738bb786a6c7849b
24.0,40.0,2980,ready,1745.7749976489315,1.0,1.0,"(1, 2)",650a2466738bb786a6c7849b
24.0,40.0,2981,ready,1745.7749976489315,1.0,1.0,"(1, 2)",650a2466738bb786a6c7849b
24.0,40.0,2982,ready,1745.7749976489315,1.0,1.0,"(1, 2)",650a2466738bb786a6c7849b
24.0,40.0,2983,ready,1745.7749976489315,1.0,1.0,"(1, 2)",650a2466738bb786a6c7849b
24.0,40.0,2984,ready,1745.7749976489315,1.0,1.0,"(1, 2)",650a2466738bb786a6c7849b
24.0,40.0,2985,ready,1745.7749976489315,1.0,1.0,"(1, 2)",650a2466738bb786a6c7849b
24.0,40.0,2986,ready,1745.7749976489315,1.0,1.0,"(1, 2)",650a2466738bb786a6c7849b
24.0,40.0,2987,ready,1745.7749976489315,1.0,1.0,"(1, 2)",650a2466738bb786a6c7849b
24.0,40.0,2988,ready,1745.7749976489315,1.0,1.0,"(1, 2)",650a2466738bb786a6c7849b
24.0,40.0,2989,ready,1745.7749976489315,1.0,1.0,"(1, 2)",650a2466738bb786a6c7849b
24.0,40.0,2990,ready,1745.7749976489315,1.0,1.0,"(1, 2)",650a2466738bb786a6c7849b
24.0,40.0,2991,ready,1745.7749976489315,1.0,1.0,"(1, 2)",650a2466738bb786a6c7849b
24.0,40.0,2992,ready,1745.7749976489315,1.0,1.0,"(1, 2)",650a2466738bb786a6c7849b
24.0,40.0,2993,ready,1745.7749976489315,1.0,1.0,"(1, 2)",650a2466738bb786a6c7849b
24.0,40.0,2994,ready,1745.7749976489315,1.0,1.0,"(1, 2)",650a2466738bb786a6c7849b
24.0,40.0,2995,ready,1745.7749976489315,1.0,1.0,"(1, 2)",650a2466738bb786a6c7849b
24.0,40.0,2996,ready,1745.7749976489315,1.0,1.0,"(1, 2)",650a2466738bb786a6c7849b
24.0,40.0,2997,ready,1745.7749976489315,1.0,1.0,"(1, 2)",650a2466738bb786a6c7849b
24.0,40.0,2998,ready,1745.7749976489315,1.0,1.0,"(1, 2)",650a2466738bb786a6c7849b
24.0,40.0,2999,ready,1745.7749976489315,1.0,1.0,"(1, 2)",650a2466738bb786a6c7849b
24.0,40.0,3000,test,1745.7749976489315,1.0,1.0,"(1, 2)",650a2466738bb786a6c7849b
24.0,40.0,3001,test,1745.7749976489315,1.0,1.0,"(1, 2)",650a2466738bb786a6c7849b
24.0,40.0,3002,test,1745.7749976489315,1.0,1.0,"(1, 2)",650a2466738bb786a6c7849b
24.0,40.0,3003,test,1745.7749976489315,1.0,1.0,"(1, 2)",650a2466738bb786a6c7849b
24.0,40.0,3004,test,1745.7749976489315,1.0,1.0,"(1, 2)",650a2466738bb786a6c7849b
24.0,40.0,3005,test,1745.7749976489315,1.0,1.0,"(1, 2)",650a2466738bb786a6c7849b
24.0,40.0,3006,test,1745.7749976489315,1.0,1.0,"(1, 2)",650a2466738bb786a6c7849b
24.0,40.0,3007,test,1745.7749976489315,1.0,1.0,"(1, 2)",650a2466738bb786a6c7849b
24.0,40.0,3008,test,1745.7749976489315,1.0,1.0,"(1, 2)",650a2466738bb786a6c7849b
24.0,40.0,3009,test,1745.7749976489315,1.0,1.0,"(1, 2)",650a2466738bb786a6c7849b
24.0,40.0,3010,test,1745.7749976489315,1.0,1.0,"(1, 2)",650a2466738bb786a6c7849b
24.0,40.0,3011,test,1745.7749976489315,1.0,1.0,"(1, 2)",650a2466738bb786a6c7849b
24.0,40.0,3012,test,1745.7749976489315,1.0,1.0,"(1, 2)",650a2466738bb786a6c7849b
24.0,40.0,3013,test,1745.7749976489315,1.0,1.0,"(1, 2)",650a2466738bb786a6c7849b
24.0,40.0,3014,test,1745.7749976489315,1.0,1.0,"(1, 2)",650a2466738bb786a6c7849b
24.0,40.0,3015,test,1745.7749976489315,1.0,1.0,"(1, 2)",650a2466738bb786a6c7849b
24.0,40.0,3016,test,1745.7749976489315,1.0,1.0,"(1, 2)",650a2466738bb786a6c7849b
24.0,40.0,3017,test,1745.7749976489315,1.0,1.0,"(1, 2)",650a2466738bb786a6c7849b
24.0,40.0,3018,test,1745.7749976489315,1.0,1.0,"(1, 2)",650a2466738bb786a6c7849b
24.0,40.0,3019,test,1745.7749976489315,1.0,1.0,"(1, 2)",650a2466738bb786a6c7849b
24.88388347648305,39.11611652351695,3020,test,1747.0249976489313,1.0,1.0,"(1, 2)",650a2466738bb786a6c7849b
25.7677669529661,38.2322330470339,3021,test,1748.274997648931,1.0,1.0,"(1, 2)",650a2466738bb786a6c7849b
26.65165042944915,37.34834957055085,3022,test,1749.5249976489308,1.0,1.0,"(1, 2)",650a2466738bb786a6c7849b
27.535533905932198,36.4644660940678,3023,test,1750.7749976489306,1.0,1.0,"(1, 2)",650a2466738bb786a6c7849b
28.419417382415247,35.58058261758475,3024,test,1752.0249976489304,1.0,1.0,"(1, 2)",650a2466738bb786a6c7849b
29.303300858898297,34.6966991411017,3025,test,1753.2749976489301,1.0,1.0,"(1, 2)",650a2466738bb786a6c7849b
30.187184335381346,33.812815664618654,3026,test,1754.52499764893,1.0,1.0,"(1, 2)",650a2466738bb786a6c7849b
31.071067811864395,32.928932188135605,3027,test,1755.7749976489297,1.0,1.0,"(1, 2)",650a2466738bb786a6c7849b
31.954951288347445,32.045048711652555,3028,test,1757.0249976489295,1.0,1.0,"(1, 2)",650a2466738bb786a6c7849b
32.838834764830494,31.161165235169506,3029,test,1758.2749976489292,1.0,1.0,"(1, 2)",650a2466738bb786a6c7849b
33.722718241313544,30.277281758686456,3030,test,1759.524997648929,1.0,1.0,"(1, 2)",650a2466738bb786a6c7849b
34.60660171779659,29.393398282203407,3031,test,1760.7749976489288,1.0,1.0,"(1, 2)",650a2466738bb786a6c7849b
35.49048519427964,28.509514805720357,3032,test,1762.0249976489285,1.0,1.0,"(1, 2)",650a2466738bb786a6c7849b
36.37436867076269,27.625631329237308,3033,test,1763.2749976489283,1.0,1.0,"(1, 2)",650a2466738bb786a6c7849b
37.25825214724574,26.74174785275426,3034,test,1764.524997648928,1.0,1.0,"(1, 2)",650a2466738bb786a6c7849b
38.14213562372879,25.85786437627121,3035,test,1765.7749976489279,1.0,1.0,"(1, 2)",650a2466738bb786a6c7849b
39.02601910021184,24.97398089978816,3036,test,1767.0249976489276,1.0,1.0,"(1, 2)",650a2466738bb786a6c7849b
39.95382555869017,24.194346815316237,3037,test,1768.236878059721,1.0,1.0,"(1, 2)",650a2466738bb786a6c7849b
41.203733885133886,24.179208272259245,3038,test,1769.4868780597208,1.0,1.0,"(1, 2)",650a2466738bb786a6c7849b
42.4536422115776,24.164069729202254,3039,test,1770.7368780597205,1.0,1.0,"(1, 2)",650a2466738bb786a6c7849b
43.70355053802132,24.148931186145262,3040,test,1771.9868780597203,1.0,1.0,"(1, 2)",650a2466738bb786a6c7849b
44.953458864465034,24.13379264308827,3041,test,1773.23687805972,1.0,1.0,"(1, 2)",650a2466738bb786a6c7849b
46.20336719090875,24.11865410003119,3042,test,1774.4868780597199,1.0,1.0,"(1, 2)",650a2466738bb786a6c7849b
47.453275517352466,24.103515556974024,3043,test,1775.7368780597196,1.0,1.0,"(1, 2)",650a2466738bb786a6c7849b
48.70318384379618,24.08837701391686,3044,test,1776.9868780597194,1.0,1.0,"(1, 2)",650a2466738bb786a6c7849b
49.9530921702399,24.073238470859692,3045,test,1778.2368780597192,1.0,1.0,"(1, 2)",650a2466738bb786a6c7849b
51.203000496683615,24.058099927802527,3046,test,1779.486878059719,1.0,1.0,"(1, 2)",650a2466738bb786a6c7849b
52.45290882312733,24.04296138474536,3047,test,1780.7368780597187,1.0,1.0,"(1, 2)",650a2466738bb786a6c7849b
53.70281714957105,24.027822841688195,3048,test,1781.9868780597185,1.0,1.0,"(1, 2)",650a2466738bb786a6c7849b
54.95272547601476,24.01268429863103,3049,test,1783.2368780597183,1.0,1.0,"(1, 2)",650a2466738bb786a6c7849b
56.20266313364169,24.00233106509779,3050,test,1784.4868585945262,1.0,1.0,"(1, 2)",650a2466738bb786a6c7849b
57.45266312003295,24.002146614302884,3051,test,1785.7368585945262,1.0,1.0,"(1, 2)",650a2466738bb786a6c7849b
58.70266310642421,24.00196216350798,3052,test,1786.9868585945262,1.0,1.0,"(1, 2)",650a2466738bb786a6c7849b
59.95266309281547,24.001777712713075,3053,test,1788.2368585945262,1.0,1.0,"(1, 2)",650a2466738bb786a6c7849b
61.20266307920673,24.00159326191817,3054,test,1789.4868585945262,1.0,1.0,"(1, 2)",650a2466738bb786a6c7849b
62.45266306559799,24.001408811123397,3055,test,1790.7368585945262,1.0,1.0,"(1, 2)",650a2466738bb786a6c7849b
63.70266305198925,24.00122436032867,3056,test,1791.9868585945262,1.0,1.0,"(1, 2)",650a2466738bb786a6c7849b
64.95266303837997,24.001039909533944,3057,test,1793.2368585945258,1.0,1.0,"(1, 2)",650a2466738bb786a6c7849b
66.20266302477052,24.000855458739217,3058,test,1794.486858594525,1.0,1.0,"(1, 2)",650a2466738bb786a6c7849b
67.45266301116106,24.00067100794449,3059,test,1795.7368585945244,1.0,1.0,"(1, 2)",650a2466738bb786a6c7849b
68.70266299755161,24.000486557149763,3060,test,1796.9868585945237,1.0,1.0,"(1, 2)",650a2466738bb786a6c7849b
69.95266298394216,24.000302106355036,3061,test,1798.236858594523,1.0,1.0,"(1, 2)",650a2466738bb786a6c7849b
71.20266297033271,24.00011765556031,3062,test,1799.4868585945223,1.0,1.0,"(1, 2)",650a2466738bb786a6c7849b
72.45266296379884,24.00002795062462,3063,test,1800.7368585912072,1.0,1.0,"(1, 2)",650a2466738bb786a6c7849b
73.70266296379629,24.000025703404965,3064,test,1801.9868585912068,1.0,1.0,"(1, 2)",650a2466738bb786a6c7849b
74.95266296379373,24.00002345618531,3065,test,1803.2368585912063,1.0,1.0,"(1, 2)",650a2466738bb786a6c7849b
76.20266296379117,24.000021208965656,3066,test,1804.4868585912059,1.0,1.0,"(1, 2)",650a2466738bb786a6c7849b
77.45266296378861,24.000018961746,3067,test,1805.7368585912054,1.0,1.0,"(1, 2)",650a2466738bb786a6c7849b
78.70266296378605,24.000016714526346,3068,test,1806.986858591205,1.0,1.0,"(1, 2)",650a2466738bb786a6c7849b
79.9526629637835,24.00001446730669,3069,test,1808.2368585912045,1.0,1.0,"(1, 2)",650a2466738bb786a6c7849b
81.20266296378094,24.000012220087036,3070,test,1809.486858591204,1.0,1.0,"(1, 2)",650a2466738bb786a6c7849b
82.45266296377838,24.00000997286738,3071,test,1810.7368585912036,1.0,1.0,"(1, 2)",650a2466738bb786a6c7849b
83.70266296377582,24.000007725647727,3072,test,1811.9868585912031,1.0,1.0,"(1, 2)",650a2466738bb786a6c7849b
84.95266296377326,24.000005478428115,3073,test,1813.2368585912027,1.0,1.0,"(1, 2)",650a2466738bb786a6c7849b
86.2026629637707,24.000003231208638,3074,test,1814.4868585912022,1.0,1.0,"(1, 2)",650a2466738bb786a6c7849b
87.45266296376815,24.00000098398916,3075,test,1815.7368585912018,1.0,1.0,"(1, 2)",650a2466738bb786a6c7849b
88.0,24.0,3076,test,1816.2841956274344,1.0,1.0,"(1, 2)",650a2466738bb786a6c7849b
88.0,24.0,3077,test,1816.2841956274344,1.0,1.0,"(1, 2)",650a2466738bb786a6c7849b
88.0,24.0,3078,test,1816.2841956274344,1.0,1.0,"(1, 2)",650a2466738bb786a6c7849b
88.0,24.0,3079,test,1816.2841956274344,1.0,1.0,"(1, 2)",650a2466738bb786a6c7849b
88.0,24.0,3080,test,1816.2841956274344,1.0,1.0,"(1, 2)",650a2466738bb786a6c7849b
88.0,24.0,3081,test,1816.2841956274344,1.0,1.0,"(1, 2)",650a2466738bb786a6c7849b
88.0,24.0,3082,test,1816.2841956274344,1.0,1.0,"(1, 2)",650a2466738bb786a6c7849b
88.0,24.0,3083,test,1816.2841956274344,1.0,1.0,"(1, 2)",650a2466738bb786a6c7849b
88.0,24.0,3084,test,1816.2841956274344,1.0,1.0,"(1, 2)",650a2466738bb786a6c7849b
88.0,24.0,3085,test,1816.2841956274344,1.0,1.0,"(1, 2)",650a2466738bb786a6c7849b
88.0,24.0,3086,test,1816.2841956274344,1.0,1.0,"(1, 2)",650a2466738bb786a6c7849b
88.0,24.0,3087,test,1816.2841956274344,1.0,1.0,"(1, 2)",650a2466738bb786a6c7849b
88.0,24.0,3088,test,1816.2841956274344,1.0,1.0,"(1, 2)",650a2466738bb786a6c7849b
88.0,24.0,3089,test,1816.2841956274344,1.0,1.0,"(1, 2)",650a2466738bb786a6c7849b
88.0,24.0,3090,test,1816.2841956274344,1.0,1.0,"(1, 2)",650a2466738bb786a6c7849b
88.0,24.0,3091,test,1816.2841956274344,1.0,1.0,"(1, 2)",650a2466738bb786a6c7849b
88.0,24.0,3092,test,1816.2841956274344,1.0,1.0,"(1, 2)",650a2466738bb786a6c7849b
88.0,24.0,3093,test,1816.2841956274344,1.0,1.0,"(1, 2)",650a2466738bb786a6c7849b
88.0,24.0,3094,test,1816.2841956274344,1.0,1.0,"(1, 2)",650a2466738bb786a6c7849b
88.0,24.0,3095,test,1816.2841956274344,1.0,1.0,"(1, 2)",650a2466738bb786a6c7849b
86.74999999999972,24.0,3096,test,1817.5341956274347,1.0,1.0,"(1, 2)",650a2466738bb786a6c7849b
85.49999999999943,24.0,3097,test,1818.7841956274349,1.0,1.0,"(1, 2)",650a2466738bb786a6c7849b
84.24999999999915,24.0,3098,test,1820.034195627435,1.0,1.0,"(1, 2)",650a2466738bb786a6c7849b
82.99999999999886,24.0,3099,test,1821.2841956274353,1.0,1.0,"(1, 2)",650a2466738bb786a6c7849b
81.74999999999858,24.0,3100,test,1822.5341956274356,1.0,1.0,"(1, 2)",650a2466738bb786a6c7849b
80.4999999999983,24.0,3101,test,1823.7841956274358,1.0,1.0,"(1, 2)",650a2466738bb786a6c7849b
79.24999999999801,24.0,3102,test,1825.034195627436,1.0,1.0,"(1, 2)",650a2466738bb786a6c7849b
77.99999999999773,24.0,3103,test,1826.2841956274362,1.0,1.0,"(1, 2)",650a2466738bb786a6c7849b
76.74999999999744,24.0,3104,test,1827.5341956274365,1.0,1.0,"(1, 2)",650a2466738bb786a6c7849b
75.49999999999716,24.0,3105,test,1828.7841956274367,1.0,1.0,"(1, 2)",650a2466738bb786a6c7849b
74.24999999999687,24.0,3106,test,1830.034195627437,1.0,1.0,"(1, 2)",650a2466738bb786a6c7849b
72.99999999999659,24.0,3107,test,1831.2841956274372,1.0,1.0,"(1, 2)",650a2466738bb786a6c7849b
71.7499999999963,24.0,3108,test,1832.5341956274374,1.0,1.0,"(1, 2)",650a2466738bb786a6c7849b
70.49999999999602,24.0,3109,test,1833.7841956274376,1.0,1.0,"(1, 2)",650a2466738bb786a6c7849b
69.24999999999574,24.0,3110,test,1835.0341956274378,1.0,1.0,"(1, 2)",650a2466738bb786a6c7849b
67.99999999999545,24.0,3111,test,1836.284195627438,1.0,1.0,"(1, 2)",650a2466738bb786a6c7849b
66.74999999999517,24.0,3112,test,1837.5341956274383,1.0,1.0,"(1, 2)",650a2466738bb786a6c7849b
65.49999999999488,24.0,3113,test,1838.7841956274385,1.0,1.0,"(1, 2)",650a2466738bb786a6c7849b
64.2499999999946,24.0,3114,test,1840.0341956274387,1.0,1.0,"(1, 2)",650a2466738bb786a6c7849b
62.999999999994316,24.0,3115,test,1841.284195627439,1.0,1.0,"(1, 2)",650a2466738bb786a6c7849b
61.74999999999403,24.0,3116,test,1842.5341956274392,1.0,1.0,"(1, 2)",650a2466738bb786a6c7849b
60.49999999999375,24.0,3117,test,1843.7841956274394,1.0,1.0,"(1, 2)",650a2466738bb786a6c7849b
59.24999999999346,24.0,3118,test,1845.0341956274397,1.0,1.0,"(1, 2)",650a2466738bb786a6c7849b
57.99999999999318,24.0,3119,test,1846.2841956274399,1.0,1.0,"(1, 2)",650a2466738bb786a6c7849b
56.749999999992895,24.0,3120,test,1847.53419562744,1.0,1.0,"(1, 2)",650a2466738bb786a6c7849b
55.49999999999261,24.0,3121,test,1848.7841956274403,1.0,1.0,"(1, 2)",650a2466738bb786a6c7849b
54.249999999992326,24.0,3122,test,1850.0341956274406,1.0,1.0,"(1, 2)",650a2466738bb786a6c7849b
52.99999999999204,24.0,3123,test,1851.2841956274408,1.0,1.0,"(1, 2)",650a2466738bb786a6c7849b
51.74999999999176,24.0,3124,test,1852.534195627441,1.0,1.0,"(1, 2)",650a2466738bb786a6c7849b
50.49999999999147,24.0,3125,test,1853.7841956274412,1.0,1.0,"(1, 2)",650a2466738bb786a6c7849b
49.24999999999119,24.0,3126,test,1855.0341956274415,1.0,1.0,"(1, 2)",650a2466738bb786a6c7849b
47.999999999990905,24.0,3127,test,1856.2841956274417,1.0,1.0,"(1, 2)",650a2466738bb786a6c7849b
46.74999999999062,24.0,3128,test,1857.534195627442,1.0,1.0,"(1, 2)",650a2466738bb786a6c7849b
45.49999999999034,24.0,3129,test,1858.7841956274422,1.0,1.0,"(1, 2)",650a2466738bb786a6c7849b
44.24999999999005,24.0,3130,test,1860.0341956274424,1.0,1.0,"(1, 2)",650a2466738bb786a6c7849b
42.99999999998977,24.0,3131,test,1861.2841956274426,1.0,1.0,"(1, 2)",650a2466738bb786a6c7849b
41.749999999989484,24.0,3132,test,1862.5341956274428,1.0,1.0,"(1, 2)",650a2466738bb786a6c7849b
40.4999999999892,24.0,3133,test,1863.784195627443,1.0,1.0,"(1, 2)",650a2466738bb786a6c7849b
39.249999999988916,24.0,3134,test,1865.0341956274433,1.0,1.0,"(1, 2)",650a2466738bb786a6c7849b
37.99999999998863,24.0,3135,test,1866.2841956274435,1.0,1.0,"(1, 2)",650a2466738bb786a6c7849b
36.74999999998835,24.0,3136,test,1867.5341956274438,1.0,1.0,"(1, 2)",650a2466738bb786a6c7849b
35.49999999998806,24.0,3137,test,1868.784195627444,1.0,1.0,"(1, 2)",650a2466738bb786a6c7849b
34.24999999998778,24.0,3138,test,1870.0341956274442,1.0,1.0,"(1, 2)",650a2466738bb786a6c7849b
32.999999999987494,24.0,3139,test,1871.2841956274444,1.0,1.0,"(1, 2)",650a2466738bb786a6c7849b
31.749999999987285,24.0,3140,test,1872.5341956274447,1.0,1.0,"(1, 2)",650a2466738bb786a6c7849b
30.499999999987356,24.0,3141,test,1873.7841956274447,1.0,1.0,"(1, 2)",650a2466738bb786a6c7849b
29.249999999987427,24.0,3142,test,1875.0341956274447,1.0,1.0,"(1, 2)",650a2466738bb786a6c7849b
27.999999999987498,24.0,3143,test,1876.2841956274447,1.0,1.0,"(1, 2)",650a2466738bb786a6c7849b
26.74999999998757,24.0,3144,test,1877.5341956274447,1.0,1.0,"(1, 2)",650a2466738bb786a6c7849b
25.49999999998764,24.0,3145,test,1878.7841956274447,1.0,1.0,"(1, 2)",650a2466738bb786a6c7849b
24.24999999998771,24.0,3146,test,1880.0341956274447,1.0,1.0,"(1, 2)",650a2466738bb786a6c7849b
24.0,24.0,3147,test,1880.2841956274324,1.0,1.0,"(1, 2)",650a2466738bb786a6c7849b
24.0,24.0,3148,test,1880.2841956274324,1.0,1.0,"(1, 2)",650a2466738bb786a6c7849b
24.0,24.0,3149,test,1880.2841956274324,1.0,1.0,"(1, 2)",650a2466738bb786a6c7849b
24.0,24.0,3150,test,1880.2841956274324,1.0,1.0,"(1, 2)",650a2466738bb786a6c7849b
24.0,24.0,3151,test,1880.2841956274324,1.0,1.0,"(1, 2)",650a2466738bb786a6c7849b
24.0,24.0,3152,test,1880.2841956274324,1.0,1.0,"(1, 2)",650a2466738bb786a6c7849b
24.0,24.0,3153,test,1880.2841956274324,1.0,1.0,"(1, 2)",650a2466738bb786a6c7849b
24.0,24.0,3154,test,1880.2841956274324,1.0,1.0,"(1, 2)",650a2466738bb786a6c7849b
24.0,24.0,3155,test,1880.2841956274324,1.0,1.0,"(1, 2)",650a2466738bb786a6c7849b
24.0,24.0,3156,test,1880.2841956274324,1.0,1.0,"(1, 2)",650a2466738bb786a6c7849b
24.0,24.0,3157,test,1880.2841956274324,1.0,1.0,"(1, 2)",650a2466738bb786a6c7849b
24.0,24.0,3158,test,1880.2841956274324,1.0,1.0,"(1, 2)",650a2466738bb786a6c7849b
24.0,24.0,3159,test,1880.2841956274324,1.0,1.0,"(1, 2)",650a2466738bb786a6c7849b
24.0,24.0,3160,test,1880.2841956274324,1.0,1.0,"(1, 2)",650a2466738bb786a6c7849b
24.0,24.0,3161,test,1880.2841956274324,1.0,1.0,"(1, 2)",650a2466738bb786a6c7849b
24.0,24.0,3162,test,1880.2841956274324,1.0,1.0,"(1, 2)",650a2466738bb786a6c7849b
24.0,24.0,3163,test,1880.2841956274324,1.0,1.0,"(1, 2)",650a2466738bb786a6c7849b
24.0,24.0,3164,test,1880.2841956274324,1.0,1.0,"(1, 2)",650a2466738bb786a6c7849b
24.0,24.0,3165,test,1880.2841956274324,1.0,1.0,"(1, 2)",650a2466738bb786a6c7849b
24.0,24.0,3166,test,1880.2841956274324,1.0,1.0,"(1, 2)",650a2466738bb786a6c7849b
24.0,24.0,3167,test,1880.2841956274324,1.0,1.0,"(1, 2)",650a2466738bb786a6c7849b
24.0,24.0,3168,test,1880.2841956274324,1.0,1.0,"(1, 2)",650a2466738bb786a6c7849b
24.0,24.0,3169,test,1880.2841956274324,1.0,1.0,"(1, 2)",650a2466738bb786a6c7849b
24.0,24.0,3170,test,1880.2841956274324,1.0,1.0,"(1, 2)",650a2466738bb786a6c7849b
24.0,24.0,3171,test,1880.2841956274324,1.0,1.0,"(1, 2)",650a2466738bb786a6c7849b
24.0,24.0,3172,test,1880.2841956274324,1.0,1.0,"(1, 2)",650a2466738bb786a6c7849b
24.0,24.0,3173,test,1880.2841956274324,1.0,1.0,"(1, 2)",650a2466738bb786a6c7849b
24.0,24.0,3174,test,1880.2841956274324,1.0,1.0,"(1, 2)",650a2466738bb786a6c7849b
24.0,24.0,3175,test,1880.2841956274324,1.0,1.0,"(1, 2)",650a2466738bb786a6c7849b
24.0,24.0,3176,test,1880.2841956274324,1.0,1.0,"(1, 2)",650a2466738bb786a6c7849b
24.0,24.0,3177,test,1880.2841956274324,1.0,1.0,"(1, 2)",650a2466738bb786a6c7849b
24.0,24.0,3178,test,1880.2841956274324,1.0,1.0,"(1, 2)",650a2466738bb786a6c7849b
24.0,24.0,3179,test,1880.2841956274324,1.0,1.0,"(1, 2)",650a2466738bb786a6c7849b
25.24999999999993,24.0,3180,test,1881.5341956274324,1.0,1.0,"(1, 2)",650a2466738bb786a6c7849b
26.499999999999858,24.0,3181,test,1882.7841956274324,1.0,1.0,"(1, 2)",650a2466738bb786a6c7849b
27.749999999999787,24.0,3182,test,1884.0341956274324,1.0,1.0,"(1, 2)",650a2466738bb786a6c7849b
28.999999999999716,24.0,3183,test,1885.2841956274324,1.0,1.0,"(1, 2)",650a2466738bb786a6c7849b
30.249999999999645,24.0,3184,test,1886.5341956274324,1.0,1.0,"(1, 2)",650a2466738bb786a6c7849b
31.499999999999574,24.0,3185,test,1887.7841956274324,1.0,1.0,"(1, 2)",650a2466738bb786a6c7849b
32.749999999999716,24.0,3186,test,1889.0341956274326,1.0,1.0,"(1, 2)",650a2466738bb786a6c7849b
34.0,24.0,3187,test,1890.2841956274328,1.0,1.0,"(1, 2)",650a2466738bb786a6c7849b
35.250000000000284,24.0,3188,test,1891.534195627433,1.0,1.0,"(1, 2)",650a2466738bb786a6c7849b
36.50000000000057,24.0,3189,test,1892.7841956274333,1.0,1.0,"(1, 2)",650a2466738bb786a6c7849b
37.75000000000085,24.0,3190,test,1894.0341956274335,1.0,1.0,"(1, 2)",650a2466738bb786a6c7849b
39.00000000000114,24.0,3191,test,1895.2841956274337,1.0,1.0,"(1, 2)",650a2466738bb786a6c7849b
40.25000000000142,24.0,3192,test,1896.534195627434,1.0,1.0,"(1, 2)",650a2466738bb786a6c7849b
41.500000000001705,24.0,3193,test,1897.7841956274342,1.0,1.0,"(1, 2)",650a2466738bb786a6c7849b
42.75000000000199,24.0,3194,test,1899.0341956274344,1.0,1.0,"(1, 2)",650a2466738bb786a6c7849b
44.000000000002274,24.0,3195,test,1900.2841956274347,1.0,1.0,"(1, 2)",650a2466738bb786a6c7849b
45.25000000000256,24.0,3196,test,1901.5341956274349,1.0,1.0,"(1, 2)",650a2466738bb786a6c7849b
46.50000000000284,24.0,3197,test,1902.784195627435,1.0,1.0,"(1, 2)",650a2466738bb786a6c7849b
47.750000000003126,24.0,3198,test,1904.0341956274353,1.0,1.0,"(1, 2)",650a2466738bb786a6c7849b
49.00000000000341,24.0,3199,test,1905.2841956274356,1.0,1.0,"(1, 2)",650a2466738bb786a6c7849b
50.250000000003695,24.0,3200,test,1906.5341956274358,1.0,1.0,"(1, 2)",650a2466738bb786a6c7849b
51.50000000000398,24.0,3201,test,1907.784195627436,1.0,1.0,"(1, 2)",650a2466738bb786a6c7849b
52.75000000000426,24.0,3202,test,1909.0341956274362,1.0,1.0,"(1, 2)",650a2466738bb786a6c7849b
54.00000000000455,24.0,3203,test,1910.2841956274365,1.0,1.0,"(1, 2)",650a2466738bb786a6c7849b
55.25000000000483,24.0,3204,test,1911.5341956274367,1.0,1.0,"(1, 2)",650a2466738bb786a6c7849b
56.500000000005116,24.0,3205,test,1912.784195627437,1.0,1.0,"(1, 2)",650a2466738bb786a6c7849b
57.7500000000054,24.0,3206,test,1914.0341956274372,1.0,1.0,"(1, 2)",650a2466738bb786a6c7849b
59.000000000005684,24.0,3207,test,1915.2841956274374,1.0,1.0,"(1, 2)",650a2466738bb786a6c7849b
60.25000000000597,24.0,3208,test,1916.5341956274376,1.0,1.0,"(1, 2)",650a2466738bb786a6c7849b
61.50000000000625,24.0,3209,test,1917.7841956274378,1.0,1.0,"(1, 2)",650a2466738bb786a6c7849b
62.75000000000654,24.0,3210,test,1919.034195627438,1.0,1.0,"(1, 2)",650a2466738bb786a6c7849b
64.00000000000682,24.0,3211,test,1920.2841956274383,1.0,1.0,"(1, 2)",650a2466738bb786a6c7849b
65.2500000000071,24.0,3212,test,1921.5341956274385,1.0,1.0,"(1, 2)",650a2466738bb786a6c7849b
66.50000000000739,24.0,3213,test,1922.7841956274387,1.0,1.0,"(1, 2)",650a2466738bb786a6c7849b
67.75000000000767,24.0,3214,test,1924.034195627439,1.0,1.0,"(1, 2)",650a2466738bb786a6c7849b
69.00000000000796,24.0,3215,test,1925.2841956274392,1.0,1.0,"(1, 2)",650a2466738bb786a6c7849b
70.25000000000824,24.0,3216,test,1926.5341956274394,1.0,1.0,"(1, 2)",650a2466738bb786a6c7849b
71.50000000000853,24.0,3217,test,1927.7841956274397,1.0,1.0,"(1, 2)",650a2466738bb786a6c7849b
72.75000000000881,24.0,3218,test,1929.0341956274399,1.0,1.0,"(1, 2)",650a2466738bb786a6c7849b
74.0000000000091,24.0,3219,test,1930.28419562744,1.0,1.0,"(1, 2)",650a2466738bb786a6c7849b
75.25000000000938,24.0,3220,test,1931.5341956274403,1.0,1.0,"(1, 2)",650a2466738bb786a6c7849b
76.50000000000966,24.0,3221,test,1932.7841956274406,1.0,1.0,"(1, 2)",650a2466738bb786a6c7849b
77.75000000000995,24.0,3222,test,1934.0341956274408,1.0,1.0,"(1, 2)",650a2466738bb786a6c7849b
79.00000000001023,24.0,3223,test,1935.284195627441,1.0,1.0,"(1, 2)",650a2466738bb786a6c7849b
80.25000000001052,24.0,3224,test,1936.5341956274412,1.0,1.0,"(1, 2)",650a2466738bb786a6c7849b
81.5000000000108,24.0,3225,test,1937.7841956274415,1.0,1.0,"(1, 2)",650a2466738bb786a6c7849b
82.75000000001108,24.0,3226,test,1939.0341956274417,1.0,1.0,"(1, 2)",650a2466738bb786a6c7849b
84.00000000001137,24.0,3227,test,1940.284195627442,1.0,1.0,"(1, 2)",650a2466738bb786a6c7849b
85.25000000001165,24.0,3228,test,1941.5341956274422,1.0,1.0,"(1, 2)",650a2466738bb786a6c7849b
86.50000000001194,24.0,3229,test,1942.7841956274424,1.0,1.0,"(1, 2)",650a2466738bb786a6c7849b
87.75000000001222,24.0,3230,test,1944.0341956274426,1.0,1.0,"(1, 2)",650a2466738bb786a6c7849b
88.0,24.0,3231,test,1944.2841956274303,1.0,1.0,"(1, 2)",650a2466738bb786a6c7849b
88.0,24.0,3232,test,1944.2841956274303,1.0,1.0,"(1, 2)",650a2466738bb786a6c7849b
88.0,24.0,3233,test,1944.2841956274303,1.0,1.0,"(1, 2)",650a2466738bb786a6c7849b
88.0,24.0,3234,test,1944.2841956274303,1.0,1.0,"(1, 2)",650a2466738bb786a6c7849b
88.0,24.0,3235,test,1944.2841956274303,1.0,1.0,"(1, 2)",650a2466738bb786a6c7849b
88.0,24.0,3236,test,1944.2841956274303,1.0,1.0,"(1, 2)",650a2466738bb786a6c7849b
88.0,24.0,3237,test,1944.2841956274303,1.0,1.0,"(1, 2)",650a2466738bb786a6c7849b
88.0,24.0,3238,test,1944.2841956274303,1.0,1.0,"(1, 2)",650a2466738bb786a6c7849b
88.0,24.0,3239,test,1944.2841956274303,1.0,1.0,"(1, 2)",650a2466738bb786a6c7849b
88.0,24.0,3240,test,1944.2841956274303,1.0,1.0,"(1, 2)",650a2466738bb786a6c7849b
88.0,24.0,3241,test,1944.2841956274303,1.0,1.0,"(1, 2)",650a2466738bb786a6c7849b
88.0,24.0,3242,test,1944.2841956274303,1.0,1.0,"(1, 2)",650a2466738bb786a6c7849b
88.0,24.0,3243,test,1944.2841956274303,1.0,1.0,"(1, 2)",650a2466738bb786a6c7849b
88.0,24.0,3244,test,1944.2841956274303,1.0,1.0,"(1, 2)",650a2466738bb786a6c7849b
88.0,24.0,3245,test,1944.2841956274303,1.0,1.0,"(1, 2)",650a2466738bb786a6c7849b
88.0,24.0,3246,test,1944.2841956274303,1.0,1.0,"(1, 2)",650a2466738bb786a6c7849b
88.0,24.0,3247,test,1944.2841956274303,1.0,1.0,"(1, 2)",650a2466738bb786a6c7849b
86.74999999999972,24.0,3248,test,1945.5341956274306,1.0,1.0,"(1, 2)",650a2466738bb786a6c7849b
85.49999999999943,24.0,3249,test,1946.7841956274308,1.0,1.0,"(1, 2)",650a2466738bb786a6c7849b
84.24999999999915,24.0,3250,test,1948.034195627431,1.0,1.0,"(1, 2)",650a2466738bb786a6c7849b
82.99999999999886,24.0,3251,test,1949.2841956274312,1.0,1.0,"(1, 2)",650a2466738bb786a6c7849b
81.74999999999858,24.0,3252,test,1950.5341956274315,1.0,1.0,"(1, 2)",650a2466738bb786a6c7849b
80.4999999999983,24.0,3253,test,1951.7841956274317,1.0,1.0,"(1, 2)",650a2466738bb786a6c7849b
79.24999999999801,24.0,3254,test,1953.034195627432,1.0,1.0,"(1, 2)",650a2466738bb786a6c7849b
77.99999999999773,24.0,3255,test,1954.2841956274322,1.0,1.0,"(1, 2)",650a2466738bb786a6c7849b
76.74999999999744,24.0,3256,test,1955.5341956274324,1.0,1.0,"(1, 2)",650a2466738bb786a6c7849b
75.49999999999716,24.0,3257,test,1956.7841956274326,1.0,1.0,"(1, 2)",650a2466738bb786a6c7849b
74.24999999999687,24.0,3258,test,1958.0341956274328,1.0,1.0,"(1, 2)",650a2466738bb786a6c7849b
72.99999999999659,24.0,3259,test,1959.284195627433,1.0,1.0,"(1, 2)",650a2466738bb786a6c7849b
71.7499999999963,24.0,3260,test,1960.5341956274333,1.0,1.0,"(1, 2)",650a2466738bb786a6c7849b
70.49999999999602,24.0,3261,test,1961.7841956274335,1.0,1.0,"(1, 2)",650a2466738bb786a6c7849b
69.24999999999574,24.0,3262,test,1963.0341956274337,1.0,1.0,"(1, 2)",650a2466738bb786a6c7849b
67.99999999999545,24.0,3263,test,1964.284195627434,1.0,1.0,"(1, 2)",650a2466738bb786a6c7849b
66.74999999999517,24.0,3264,test,1965.5341956274342,1.0,1.0,"(1, 2)",650a2466738bb786a6c7849b
65.49999999999488,24.0,3265,test,1966.7841956274344,1.0,1.0,"(1, 2)",650a2466738bb786a6c7849b
64.2499999999946,24.0,3266,test,1968.0341956274347,1.0,1.0,"(1, 2)",650a2466738bb786a6c7849b
62.999999999994316,24.0,3267,test,1969.2841956274349,1.0,1.0,"(1, 2)",650a2466738bb786a6c7849b
61.74999999999403,24.0,3268,test,1970.534195627435,1.0,1.0,"(1, 2)",650a2466738bb786a6c7849b
60.49999999999375,24.0,3269,test,1971.7841956274353,1.0,1.0,"(1, 2)",650a2466738bb786a6c7849b
59.24999999999346,24.0,3270,test,1973.0341956274356,1.0,1.0,"(1, 2)",650a2466738bb786a6c7849b
57.99999999999318,24.0,3271,test,1974.2841956274358,1.0,1.0,"(1, 2)",650a2466738bb786a6c7849b
56.749999999992895,24.0,3272,test,1975.534195627436,1.0,1.0,"(1, 2)",650a2466738bb786a6c7849b
55.49999999999261,24.0,3273,test,1976.7841956274362,1.0,1.0,"(1, 2)",650a2466738bb786a6c7849b
54.249999999992326,24.0,3274,test,1978.0341956274365,1.0,1.0,"(1, 2)",650a2466738bb786a6c7849b
52.99999999999204,24.0,3275,test,1979.2841956274367,1.0,1.0,"(1, 2)",650a2466738bb786a6c7849b
51.74999999999176,24.0,3276,test,1980.534195627437,1.0,1.0,"(1, 2)",650a2466738bb786a6c7849b
50.49999999999147,24.0,3277,test,1981.7841956274372,1.0,1.0,"(1, 2)",650a2466738bb786a6c7849b
49.24999999999119,24.0,3278,test,1983.0341956274374,1.0,1.0,"(1, 2)",650a2466738bb786a6c7849b
47.999999999990905,24.0,3279,test,1984.2841956274376,1.0,1.0,"(1, 2)",650a2466738bb786a6c7849b
46.74999999999062,24.0,3280,test,1985.5341956274378,1.0,1.0,"(1, 2)",650a2466738bb786a6c7849b
45.49999999999034,24.0,3281,test,1986.784195627438,1.0,1.0,"(1, 2)",650a2466738bb786a6c7849b
44.24999999999005,24.0,3282,test,1988.0341956274383,1.0,1.0,"(1, 2)",650a2466738bb786a6c7849b
42.99999999998977,24.0,3283,test,1989.2841956274385,1.0,1.0,"(1, 2)",650a2466738bb786a6c7849b
41.749999999989484,24.0,3284,test,1990.5341956274387,1.0,1.0,"(1, 2)",650a2466738bb786a6c7849b
40.4999999999892,24.0,3285,test,1991.784195627439,1.0,1.0,"(1, 2)",650a2466738bb786a6c7849b
39.249999999988916,24.0,3286,test,1993.0341956274392,1.0,1.0,"(1, 2)",650a2466738bb786a6c7849b
37.99999999998863,24.0,3287,test,1994.2841956274394,1.0,1.0,"(1, 2)",650a2466738bb786a6c7849b
36.74999999998835,24.0,3288,test,1995.5341956274397,1.0,1.0,"(1, 2)",650a2466738bb786a6c7849b
35.49999999998806,24.0,3289,test,1996.7841956274399,1.0,1.0,"(1, 2)",650a2466738bb786a6c7849b
34.24999999998778,24.0,3290,test,1998.03419562744,1.0,1.0,"(1, 2)",650a2466738bb786a6c7849b
32.999999999987494,24.0,3291,test,1999.2841956274403,1.0,1.0,"(1, 2)",650a2466738bb786a6c7849b
31.749999999987285,24.0,3292,test,2000.5341956274406,1.0,1.0,"(1, 2)",650a2466738bb786a6c7849b
30.499999999987356,24.0,3293,test,2001.7841956274406,1.0,1.0,"(1, 2)",650a2466738bb786a6c7849b
29.249999999987427,24.0,3294,test,2003.0341956274406,1.0,1.0,"(1, 2)",650a2466738bb786a6c7849b
27.999999999987498,24.0,3295,test,2004.2841956274406,1.0,1.0,"(1, 2)",650a2466738bb786a6c7849b
26.74999999998757,24.0,3296,test,2005.5341956274406,1.0,1.0,"(1, 2)",650a2466738bb786a6c7849b
25.49999999998764,24.0,3297,test,2006.7841956274406,1.0,1.0,"(1, 2)",650a2466738bb786a6c7849b
24.24999999998771,24.0,3298,test,2008.0341956274406,1.0,1.0,"(1, 2)",650a2466738bb786a6c7849b
24.0,24.0,3299,test,2008.2841956274283,1.0,1.0,"(1, 2)",650a2466738bb786a6c7849b
24.0,24.0,3300,test,2008.2841956274283,1.0,1.0,"(1, 2)",650a2466738bb786a6c7849b
24.0,24.0,3301,test,2008.2841956274283,1.0,1.0,"(1, 2)",650a2466738bb786a6c7849b
24.0,24.0,3302,test,2008.2841956274283,1.0,1.0,"(1, 2)",650a2466738bb786a6c7849b
24.0,24.0,3303,test,2008.2841956274283,1.0,1.0,"(1, 2)",650a2466738bb786a6c7849b
24.0,24.0,3304,test,2008.2841956274283,1.0,1.0,"(1, 2)",650a2466738bb786a6c7849b
24.0,24.0,3305,test,2008.2841956274283,1.0,1.0,"(1, 2)",650a2466738bb786a6c7849b
24.0,24.0,3306,test,2008.2841956274283,1.0,1.0,"(1, 2)",650a2466738bb786a6c7849b
24.0,24.0,3307,test,2008.2841956274283,1.0,1.0,"(1, 2)",650a2466738bb786a6c7849b
24.0,24.0,3308,test,2008.2841956274283,1.0,1.0,"(1, 2)",650a2466738bb786a6c7849b
24.0,24.0,3309,test,2008.2841956274283,1.0,1.0,"(1, 2)",650a2466738bb786a6c7849b
24.0,24.0,3310,test,2008.2841956274283,1.0,1.0,"(1, 2)",650a2466738bb786a6c7849b
24.0,24.0,3311,test,2008.2841956274283,1.0,1.0,"(1, 2)",650a2466738bb786a6c7849b
24.0,24.0,3312,test,2008.2841956274283,1.0,1.0,"(1, 2)",650a2466738bb786a6c7849b
24.0,24.0,3313,test,2008.2841956274283,1.0,1.0,"(1, 2)",650a2466738bb786a6c7849b
24.0,24.0,3314,test,2008.2841956274283,1.0,1.0,"(1, 2)",650a2466738bb786a6c7849b
24.0,24.0,3315,test,2008.2841956274283,1.0,1.0,"(1, 2)",650a2466738bb786a6c7849b
24.0,24.0,3316,test,2008.2841956274283,1.0,1.0,"(1, 2)",650a2466738bb786a6c7849b
24.0,24.0,3317,test,2008.2841956274283,1.0,1.0,"(1, 2)",650a2466738bb786a6c7849b
24.0,24.0,3318,test,2008.2841956274283,1.0,1.0,"(1, 2)",650a2466738bb786a6c7849b
24.0,24.0,3319,test,2008.2841956274283,1.0,1.0,"(1, 2)",650a2466738bb786a6c7849b
24.0,24.0,3320,test,2008.2841956274283,1.0,1.0,"(1, 2)",650a2466738bb786a6c7849b
24.0,24.0,3321,test,2008.2841956274283,1.0,1.0,"(1, 2)",650a2466738bb786a6c7849b
24.0,24.0,3322,test,2008.2841956274283,1.0,1.0,"(1, 2)",650a2466738bb786a6c7849b
24.0,24.0,3323,test,2008.2841956274283,1.0,1.0,"(1, 2)",650a2466738bb786a6c7849b
24.0,24.0,3324,test,2008.2841956274283,1.0,1.0,"(1, 2)",650a2466738bb786a6c7849b
24.0,24.0,3325,test,2008.2841956274283,1.0,1.0,"(1, 2)",650a2466738bb786a6c7849b
24.0,24.0,3326,test,2008.2841956274283,1.0,1.0,"(1, 2)",650a2466738bb786a6c7849b
24.0,24.0,3327,test,2008.2841956274283,1.0,1.0,"(1, 2)",650a2466738bb786a6c7849b
24.0,24.0,3328,test,2008.2841956274283,1.0,1.0,"(1, 2)",650a2466738bb786a6c7849b
24.0,24.0,3329,test,2008.2841956274283,1.0,1.0,"(1, 2)",650a2466738bb786a6c7849b
24.0,24.0,3330,test,2008.2841956274283,1.0,1.0,"(1, 2)",650a2466738bb786a6c7849b
24.0,24.0,3331,test,2008.2841956274283,1.0,1.0,"(1, 2)",650a2466738bb786a6c7849b
24.0,24.0,3332,test,2008.2841956274283,1.0,1.0,"(1, 2)",650a2466738bb786a6c7849b
24.0,24.0,3333,test,2008.2841956274283,1.0,1.0,"(1, 2)",650a2466738bb786a6c7849b
24.0,24.0,3334,test,2008.2841956274283,1.0,1.0,"(1, 2)",650a2466738bb786a6c7849b
24.0,24.0,3335,test,2008.2841956274283,1.0,1.0,"(1, 2)",650a2466738bb786a6c7849b
24.0,24.0,3336,test,2008.2841956274283,1.0,1.0,"(1, 2)",650a2466738bb786a6c7849b
24.0,24.0,3337,test,2008.2841956274283,1.0,1.0,"(1, 2)",650a2466738bb786a6c7849b
24.0,24.0,3338,test,2008.2841956274283,1.0,1.0,"(1, 2)",650a2466738bb786a6c7849b
24.0,24.0,3339,test,2008.2841956274283,1.0,1.0,"(1, 2)",650a2466738bb786a6c7849b
24.0,24.0,3340,test,2008.2841956274283,1.0,1.0,"(1, 2)",650a2466738bb786a6c7849b
24.0,24.0,3341,test,2008.2841956274283,1.0,1.0,"(1, 2)",650a2466738bb786a6c7849b
24.0,24.0,3342,test,2008.2841956274283,1.0,1.0,"(1, 2)",650a2466738bb786a6c7849b
24.0,24.0,3343,test,2008.2841956274283,1.0,1.0,"(1, 2)",650a2466738bb786a6c7849b
24.0,24.0,3344,test,2008.2841956274283,1.0,1.0,"(1, 2)",650a2466738bb786a6c7849b
24.0,24.0,3345,test,2008.2841956274283,1.0,1.0,"(1, 2)",650a2466738bb786a6c7849b
24.0,24.0,3346,test,2008.2841956274283,1.0,1.0,"(1, 2)",650a2466738bb786a6c7849b
24.0,24.0,3347,test,2008.2841956274283,1.0,1.0,"(1, 2)",650a2466738bb786a6c7849b
24.0,24.0,3348,test,2008.2841956274283,1.0,1.0,"(1, 2)",650a2466738bb786a6c7849b
24.0,24.0,3349,test,2008.2841956274283,1.0,1.0,"(1, 2)",650a2466738bb786a6c7849b
24.0,24.0,3350,test,2008.2841956274283,1.0,1.0,"(1, 2)",650a2466738bb786a6c7849b
24.0,24.0,3351,test,2008.2841956274283,1.0,1.0,"(1, 2)",650a2466738bb786a6c7849b
24.0,24.0,3352,test,2008.2841956274283,1.0,1.0,"(1, 2)",650a2466738bb786a6c7849b
24.0,24.0,3353,test,2008.2841956274283,1.0,1.0,"(1, 2)",650a2466738bb786a6c7849b
24.0,24.0,3354,test,2008.2841956274283,1.0,1.0,"(1, 2)",650a2466738bb786a6c7849b
24.0,24.0,3355,test,2008.2841956274283,1.0,1.0,"(1, 2)",650a2466738bb786a6c7849b
24.0,24.0,3356,test,2008.2841956274283,1.0,1.0,"(1, 2)",650a2466738bb786a6c7849b
24.0,24.0,3357,test,2008.2841956274283,1.0,1.0,"(1, 2)",650a2466738bb786a6c7849b
24.0,24.0,3358,test,2008.2841956274283,1.0,1.0,"(1, 2)",650a2466738bb786a6c7849b
24.0,24.0,3359,test,2008.2841956274283,1.0,1.0,"(1, 2)",650a2466738bb786a6c7849b
24.0,24.0,3360,test,2008.2841956274283,1.0,1.0,"(1, 2)",650a2466738bb786a6c7849b
24.0,24.0,3361,test,2008.2841956274283,1.0,1.0,"(1, 2)",650a2466738bb786a6c7849b
24.0,24.0,3362,test,2008.2841956274283,1.0,1.0,"(1, 2)",650a2466738bb786a6c7849b
24.0,24.0,3363,test,2008.2841956274283,1.0,1.0,"(1, 2)",650a2466738bb786a6c7849b
24.0,24.0,3364,test,2008.2841956274283,1.0,1.0,"(1, 2)",650a2466738bb786a6c7849b
24.0,24.0,3365,test,2008.2841956274283,1.0,1.0,"(1, 2)",650a2466738bb786a6c7849b
24.0,24.0,3366,test,2008.2841956274283,1.0,1.0,"(1, 2)",650a2466738bb786a6c7849b
24.0,24.0,3367,test,2008.2841956274283,1.0,1.0,"(1, 2)",650a2466738bb786a6c7849b
24.0,24.0,3368,test,2008.2841956274283,1.0,1.0,"(1, 2)",650a2466738bb786a6c7849b
24.0,24.0,3369,test,2008.2841956274283,1.0,1.0,"(1, 2)",650a2466738bb786a6c7849b
24.0,24.0,3370,test,2008.2841956274283,1.0,1.0,"(1, 2)",650a2466738bb786a6c7849b
24.0,24.0,3371,test,2008.2841956274283,1.0,1.0,"(1, 2)",650a2466738bb786a6c7849b
24.0,24.0,3372,test,2008.2841956274283,1.0,1.0,"(1, 2)",650a2466738bb786a6c7849b
24.0,24.0,3373,test,2008.2841956274283,1.0,1.0,"(1, 2)",650a2466738bb786a6c7849b
24.0,24.0,3374,test,2008.2841956274283,1.0,1.0,"(1, 2)",650a2466738bb786a6c7849b
24.0,24.0,3375,test,2008.2841956274283,1.0,1.0,"(1, 2)",650a2466738bb786a6c7849b
24.0,24.0,3376,test,2008.2841956274283,1.0,1.0,"(1, 2)",650a2466738bb786a6c7849b
24.0,24.0,3377,test,2008.2841956274283,1.0,1.0,"(1, 2)",650a2466738bb786a6c7849b
24.0,24.0,3378,test,2008.2841956274283,1.0,1.0,"(1, 2)",650a2466738bb786a6c7849b
24.0,24.0,3379,test,2008.2841956274283,1.0,1.0,"(1, 2)",650a2466738bb786a6c7849b
24.0,24.0,3380,test,2008.2841956274283,1.0,1.0,"(1, 2)",650a2466738bb786a6c7849b
24.0,24.0,3381,test,2008.2841956274283,1.0,1.0,"(1, 2)",650a2466738bb786a6c7849b
24.0,24.0,3382,test,2008.2841956274283,1.0,1.0,"(1, 2)",650a2466738bb786a6c7849b
24.0,24.0,3383,test,2008.2841956274283,1.0,1.0,"(1, 2)",650a2466738bb786a6c7849b
24.0,24.0,3384,test,2008.2841956274283,1.0,1.0,"(1, 2)",650a2466738bb786a6c7849b
24.0,24.0,3385,test,2008.2841956274283,1.0,1.0,"(1, 2)",650a2466738bb786a6c7849b
24.0,24.0,3386,test,2008.2841956274283,1.0,1.0,"(1, 2)",650a2466738bb786a6c7849b
24.0,24.0,3387,test,2008.2841956274283,1.0,1.0,"(1, 2)",650a2466738bb786a6c7849b
24.0,24.0,3388,test,2008.2841956274283,1.0,1.0,"(1, 2)",650a2466738bb786a6c7849b
24.0,24.0,3389,test,2008.2841956274283,1.0,1.0,"(1, 2)",650a2466738bb786a6c7849b
24.0,24.0,3390,test,2008.2841956274283,1.0,1.0,"(1, 2)",650a2466738bb786a6c7849b
24.0,24.0,3391,test,2008.2841956274283,1.0,1.0,"(1, 2)",650a2466738bb786a6c7849b
24.0,24.0,3392,test,2008.2841956274283,1.0,1.0,"(1, 2)",650a2466738bb786a6c7849b
24.0,24.0,3393,test,2008.2841956274283,1.0,1.0,"(1, 2)",650a2466738bb786a6c7849b
24.0,24.0,3394,test,2008.2841956274283,1.0,1.0,"(1, 2)",650a2466738bb786a6c7849b
24.0,24.0,3395,test,2008.2841956274283,1.0,1.0,"(1, 2)",650a2466738bb786a6c7849b
24.0,24.0,3396,test,2008.2841956274283,1.0,1.0,"(1, 2)",650a2466738bb786a6c7849b
24.0,24.0,3397,test,2008.2841956274283,1.0,1.0,"(1, 2)",650a2466738bb786a6c7849b
24.0,24.0,3398,test,2008.2841956274283,1.0,1.0,"(1, 2)",650a2466738bb786a6c7849b
24.0,24.0,3399,test,2008.2841956274283,1.0,1.0,"(1, 2)",650a2466738bb786a6c7849b
24.0,24.0,3400,test,2008.2841956274283,1.0,1.0,"(1, 2)",650a2466738bb786a6c7849b
24.0,24.0,3401,test,2008.2841956274283,1.0,1.0,"(1, 2)",650a2466738bb786a6c7849b
24.0,24.0,3402,test,2008.2841956274283,1.0,1.0,"(1, 2)",650a2466738bb786a6c7849b
24.0,24.0,3403,test,2008.2841956274283,1.0,1.0,"(1, 2)",650a2466738bb786a6c7849b
24.0,24.0,3404,test,2008.2841956274283,1.0,1.0,"(1, 2)",650a2466738bb786a6c7849b
24.0,24.0,3405,test,2008.2841956274283,1.0,1.0,"(1, 2)",650a2466738bb786a6c7849b
24.0,24.0,3406,test,2008.2841956274283,1.0,1.0,"(1, 2)",650a2466738bb786a6c7849b
24.0,24.0,3407,test,2008.2841956274283,1.0,1.0,"(1, 2)",650a2466738bb786a6c7849b
24.0,24.0,3408,test,2008.2841956274283,1.0,1.0,"(1, 2)",650a2466738bb786a6c7849b
24.0,24.0,3409,test,2008.2841956274283,1.0,1.0,"(1, 2)",650a2466738bb786a6c7849b
24.0,24.0,3410,test,2008.2841956274283,1.0,1.0,"(1, 2)",650a2466738bb786a6c7849b
24.0,24.0,3411,test,2008.2841956274283,1.0,1.0,"(1, 2)",650a2466738bb786a6c7849b
24.0,24.0,3412,test,2008.2841956274283,1.0,1.0,"(1, 2)",650a2466738bb786a6c7849b
24.0,24.0,3413,test,2008.2841956274283,1.0,1.0,"(1, 2)",650a2466738bb786a6c7849b
24.0,24.0,3414,test,2008.2841956274283,1.0,1.0,"(1, 2)",650a2466738bb786a6c7849b
24.0,24.0,3415,test,2008.2841956274283,1.0,1.0,"(1, 2)",650a2466738bb786a6c7849b
24.0,24.0,3416,test,2008.2841956274283,1.0,1.0,"(1, 2)",650a2466738bb786a6c7849b
24.0,24.0,3417,test,2008.2841956274283,1.0,1.0,"(1, 2)",650a2466738bb786a6c7849b
24.0,24.0,3418,test,2008.2841956274283,1.0,1.0,"(1, 2)",650a2466738bb786a6c7849b
24.0,24.0,3419,test,2008.2841956274283,1.0,1.0,"(1, 2)",650a2466738bb786a6c7849b
24.0,24.0,3420,test,2008.2841956274283,1.0,1.0,"(1, 2)",650a2466738bb786a6c7849b
24.0,24.0,3421,test,2008.2841956274283,1.0,1.0,"(1, 2)",650a2466738bb786a6c7849b
24.0,24.0,3422,test,2008.2841956274283,1.0,1.0,"(1, 2)",650a2466738bb786a6c7849b
24.0,24.0,3423,test,2008.2841956274283,1.0,1.0,"(1, 2)",650a2466738bb786a6c7849b
24.0,24.0,3424,test,2008.2841956274283,1.0,1.0,"(1, 2)",650a2466738bb786a6c7849b
24.0,24.0,3425,test,2008.2841956274283,1.0,1.0,"(1, 2)",650a2466738bb786a6c7849b
24.0,24.0,3426,test,2008.2841956274283,1.0,1.0,"(1, 2)",650a2466738bb786a6c7849b
24.0,24.0,3427,test,2008.2841956274283,1.0,1.0,"(1, 2)",650a2466738bb786a6c7849b
24.0,24.0,3428,test,2008.2841956274283,1.0,1.0,"(1, 2)",650a2466738bb786a6c7849b
24.0,24.0,3429,test,2008.2841956274283,1.0,1.0,"(1, 2)",650a2466738bb786a6c7849b
24.0,24.0,3430,test,2008.2841956274283,1.0,1.0,"(1, 2)",650a2466738bb786a6c7849b
24.0,24.0,3431,test,2008.2841956274283,1.0,1.0,"(1, 2)",650a2466738bb786a6c7849b
24.0,24.0,3432,test,2008.2841956274283,1.0,1.0,"(1, 2)",650a2466738bb786a6c7849b
24.0,24.0,3433,test,2008.2841956274283,1.0,1.0,"(1, 2)",650a2466738bb786a6c7849b
24.0,24.0,3434,test,2008.2841956274283,1.0,1.0,"(1, 2)",650a2466738bb786a6c7849b
24.0,24.0,3435,test,2008.2841956274283,1.0,1.0,"(1, 2)",650a2466738bb786a6c7849b
24.0,24.0,3436,test,2008.2841956274283,1.0,1.0,"(1, 2)",650a2466738bb786a6c7849b
24.0,24.0,3437,test,2008.2841956274283,1.0,1.0,"(1, 2)",650a2466738bb786a6c7849b
24.0,24.0,3438,test,2008.2841956274283,1.0,1.0,"(1, 2)",650a2466738bb786a6c7849b
24.0,24.0,3439,test,2008.2841956274283,1.0,1.0,"(1, 2)",650a2466738bb786a6c7849b
24.0,24.0,3440,test,2008.2841956274283,1.0,1.0,"(1, 2)",650a2466738bb786a6c7849b
24.0,24.0,3441,test,2008.2841956274283,1.0,1.0,"(1, 2)",650a2466738bb786a6c7849b
24.0,24.0,3442,test,2008.2841956274283,1.0,1.0,"(1, 2)",650a2466738bb786a6c7849b
24.0,24.0,3443,test,2008.2841956274283,1.0,1.0,"(1, 2)",650a2466738bb786a6c7849b
24.0,24.0,3444,test,2008.2841956274283,1.0,1.0,"(1, 2)",650a2466738bb786a6c7849b
24.0,24.0,3445,test,2008.2841956274283,1.0,1.0,"(1, 2)",650a2466738bb786a6c7849b
24.0,24.0,3446,test,2008.2841956274283,1.0,1.0,"(1, 2)",650a2466738bb786a6c7849b
24.0,24.0,3447,test,2008.2841956274283,1.0,1.0,"(1, 2)",650a2466738bb786a6c7849b
24.0,24.0,3448,test,2008.2841956274283,1.0,1.0,"(1, 2)",650a2466738bb786a6c7849b
24.0,24.0,3449,test,2008.2841956274283,1.0,1.0,"(1, 2)",650a2466738bb786a6c7849b
24.0,24.0,3450,test,2008.2841956274283,1.0,1.0,"(1, 2)",650a2466738bb786a6c7849b
24.0,24.0,3451,test,2008.2841956274283,1.0,1.0,"(1, 2)",650a2466738bb786a6c7849b
24.0,24.0,3452,test,2008.2841956274283,1.0,1.0,"(1, 2)",650a2466738bb786a6c7849b
24.0,24.0,3453,test,2008.2841956274283,1.0,1.0,"(1, 2)",650a2466738bb786a6c7849b
24.0,24.0,3454,test,2008.2841956274283,1.0,1.0,"(1, 2)",650a2466738bb786a6c7849b
24.0,24.0,3455,test,2008.2841956274283,1.0,1.0,"(1, 2)",650a2466738bb786a6c7849b
24.0,24.0,3456,test,2008.2841956274283,1.0,1.0,"(1, 2)",650a2466738bb786a6c7849b
24.0,24.0,3457,test,2008.2841956274283,1.0,1.0,"(1, 2)",650a2466738bb786a6c7849b
24.0,24.0,3458,test,2008.2841956274283,1.0,1.0,"(1, 2)",650a2466738bb786a6c7849b
24.0,24.0,3459,test,2008.2841956274283,1.0,1.0,"(1, 2)",650a2466738bb786a6c7849b
24.0,24.0,3460,test,2008.2841956274283,1.0,1.0,"(1, 2)",650a2466738bb786a6c7849b
24.0,24.0,3461,test,2008.2841956274283,1.0,1.0,"(1, 2)",650a2466738bb786a6c7849b
24.0,24.0,3462,test,2008.2841956274283,1.0,1.0,"(1, 2)",650a2466738bb786a6c7849b
24.0,24.0,3463,test,2008.2841956274283,1.0,1.0,"(1, 2)",650a2466738bb786a6c7849b
24.0,24.0,3464,test,2008.2841956274283,1.0,1.0,"(1, 2)",650a2466738bb786a6c7849b
24.0,24.0,3465,test,2008.2841956274283,1.0,1.0,"(1, 2)",650a2466738bb786a6c7849b
24.0,24.0,3466,test,2008.2841956274283,1.0,1.0,"(1, 2)",650a2466738bb786a6c7849b
24.0,24.0,3467,test,2008.2841956274283,1.0,1.0,"(1, 2)",650a2466738bb786a6c7849b
24.0,24.0,3468,test,2008.2841956274283,1.0,1.0,"(1, 2)",650a2466738bb786a6c7849b
24.0,24.0,3469,test,2008.2841956274283,1.0,1.0,"(1, 2)",650a2466738bb786a6c7849b
24.0,24.0,3470,test,2008.2841956274283,1.0,1.0,"(1, 2)",650a2466738bb786a6c7849b
25.24999999999993,24.0,3471,test,2009.5341956274283,1.0,1.0,"(1, 2)",650a2466738bb786a6c7849b
26.499999999999858,24.0,3472,test,2010.7841956274283,1.0,1.0,"(1, 2)",650a2466738bb786a6c7849b
27.749999999999787,24.0,3473,test,2012.0341956274283,1.0,1.0,"(1, 2)",650a2466738bb786a6c7849b
28.999999999999716,24.0,3474,test,2013.2841956274283,1.0,1.0,"(1, 2)",650a2466738bb786a6c7849b
30.249999999999645,24.0,3475,test,2014.5341956274283,1.0,1.0,"(1, 2)",650a2466738bb786a6c7849b
31.499999999999574,24.0,3476,test,2015.7841956274283,1.0,1.0,"(1, 2)",650a2466738bb786a6c7849b
32.749999999999716,24.0,3477,test,2017.0341956274285,1.0,1.0,"(1, 2)",650a2466738bb786a6c7849b
34.0,24.0,3478,test,2018.2841956274287,1.0,1.0,"(1, 2)",650a2466738bb786a6c7849b
35.250000000000284,24.0,3479,test,2019.534195627429,1.0,1.0,"(1, 2)",650a2466738bb786a6c7849b
36.50000000000057,24.0,3480,test,2020.7841956274292,1.0,1.0,"(1, 2)",650a2466738bb786a6c7849b
37.75000000000085,24.0,3481,test,2022.0341956274294,1.0,1.0,"(1, 2)",650a2466738bb786a6c7849b
39.00000000000114,24.0,3482,test,2023.2841956274297,1.0,1.0,"(1, 2)",650a2466738bb786a6c7849b
40.25000000000142,24.0,3483,test,2024.5341956274299,1.0,1.0,"(1, 2)",650a2466738bb786a6c7849b
41.500000000001705,24.0,3484,test,2025.78419562743,1.0,1.0,"(1, 2)",650a2466738bb786a6c7849b
42.75000000000199,24.0,3485,test,2027.0341956274303,1.0,1.0,"(1, 2)",650a2466738bb786a6c7849b
44.000000000002274,24.0,3486,test,2028.2841956274306,1.0,1.0,"(1, 2)",650a2466738bb786a6c7849b
45.25000000000256,24.0,3487,test,2029.5341956274308,1.0,1.0,"(1, 2)",650a2466738bb786a6c7849b
46.50000000000284,24.0,3488,test,2030.784195627431,1.0,1.0,"(1, 2)",650a2466738bb786a6c7849b
47.750000000003126,24.0,3489,test,2032.0341956274312,1.0,1.0,"(1, 2)",650a2466738bb786a6c7849b
49.00000000000341,24.0,3490,test,2033.2841956274315,1.0,1.0,"(1, 2)",650a2466738bb786a6c7849b
50.250000000003695,24.0,3491,test,2034.5341956274317,1.0,1.0,"(1, 2)",650a2466738bb786a6c7849b
51.50000000000398,24.0,3492,test,2035.784195627432,1.0,1.0,"(1, 2)",650a2466738bb786a6c7849b
52.75000000000426,24.0,3493,test,2037.0341956274322,1.0,1.0,"(1, 2)",650a2466738bb786a6c7849b
54.00000000000455,24.0,3494,test,2038.2841956274324,1.0,1.0,"(1, 2)",650a2466738bb786a6c7849b
55.25000000000483,24.0,3495,test,2039.5341956274326,1.0,1.0,"(1, 2)",650a2466738bb786a6c7849b
56.500000000005116,24.0,3496,test,2040.7841956274328,1.0,1.0,"(1, 2)",650a2466738bb786a6c7849b
57.7500000000054,24.0,3497,test,2042.034195627433,1.0,1.0,"(1, 2)",650a2466738bb786a6c7849b
59.000000000005684,24.0,3498,test,2043.2841956274333,1.0,1.0,"(1, 2)",650a2466738bb786a6c7849b
60.25000000000597,24.0,3499,test,2044.5341956274335,1.0,1.0,"(1, 2)",650a2466738bb786a6c7849b
61.50000000000625,24.0,3500,test,2045.7841956274337,1.0,1.0,"(1, 2)",650a2466738bb786a6c7849b
62.75000000000654,24.0,3501,test,2047.034195627434,1.0,1.0,"(1, 2)",650a2466738bb786a6c7849b
64.00000000000682,24.0,3502,test,2048.284195627434,1.0,1.0,"(1, 2)",650a2466738bb786a6c7849b
65.2500000000071,24.0,3503,test,2049.5341956274347,1.0,1.0,"(1, 2)",650a2466738bb786a6c7849b
66.50000000000739,24.0,3504,test,2050.784195627435,1.0,1.0,"(1, 2)",650a2466738bb786a6c7849b
67.75000000000767,24.0,3505,test,2052.0341956274356,1.0,1.0,"(1, 2)",650a2466738bb786a6c7849b
69.00000000000796,24.0,3506,test,2053.284195627436,1.0,1.0,"(1, 2)",650a2466738bb786a6c7849b
70.25000000000824,24.0,3507,test,2054.5341956274365,1.0,1.0,"(1, 2)",650a2466738bb786a6c7849b
71.50000000000853,24.0,3508,test,2055.784195627437,1.0,1.0,"(1, 2)",650a2466738bb786a6c7849b
72.75000000000881,24.0,3509,test,2057.0341956274374,1.0,1.0,"(1, 2)",650a2466738bb786a6c7849b
74.0000000000091,24.0,3510,test,2058.284195627438,1.0,1.0,"(1, 2)",650a2466738bb786a6c7849b
75.25000000000938,24.0,3511,test,2059.5341956274383,1.0,1.0,"(1, 2)",650a2466738bb786a6c7849b
76.50000000000966,24.0,3512,test,2060.7841956274387,1.0,1.0,"(1, 2)",650a2466738bb786a6c7849b
77.75000000000995,24.0,3513,test,2062.034195627439,1.0,1.0,"(1, 2)",650a2466738bb786a6c7849b
79.00000000001023,24.0,3514,test,2063.2841956274397,1.0,1.0,"(1, 2)",650a2466738bb786a6c7849b
80.25000000001052,24.0,3515,test,2064.53419562744,1.0,1.0,"(1, 2)",650a2466738bb786a6c7849b
81.5000000000108,24.0,3516,test,2065.7841956274406,1.0,1.0,"(1, 2)",650a2466738bb786a6c7849b
82.75000000001108,24.0,3517,test,2067.034195627441,1.0,1.0,"(1, 2)",650a2466738bb786a6c7849b
84.00000000001137,24.0,3518,test,2068.2841956274415,1.0,1.0,"(1, 2)",650a2466738bb786a6c7849b
85.25000000001165,24.0,3519,test,2069.534195627442,1.0,1.0,"(1, 2)",650a2466738bb786a6c7849b
86.50000000001194,24.0,3520,test,2070.7841956274424,1.0,1.0,"(1, 2)",650a2466738bb786a6c7849b
87.75000000001222,24.0,3521,test,2072.034195627443,1.0,1.0,"(1, 2)",650a2466738bb786a6c7849b
88.0,24.0,3522,test,2072.2841956274306,1.0,1.0,"(1, 2)",650a2466738bb786a6c7849b
88.0,24.0,3523,test,2072.2841956274306,1.0,1.0,"(1, 2)",650a2466738bb786a6c7849b
88.0,24.0,3524,test,2072.2841956274306,1.0,1.0,"(1, 2)",650a2466738bb786a6c7849b
88.0,24.0,3525,test,2072.2841956274306,1.0,1.0,"(1, 2)",650a2466738bb786a6c7849b
88.0,24.0,3526,test,2072.2841956274306,1.0,1.0,"(1, 2)",650a2466738bb786a6c7849b
88.0,24.0,3527,test,2072.2841956274306,1.0,1.0,"(1, 2)",650a2466738bb786a6c7849b
88.0,24.0,3528,test,2072.2841956274306,1.0,1.0,"(1, 2)",650a2466738bb786a6c7849b
88.0,24.0,3529,test,2072.2841956274306,1.0,1.0,"(1, 2)",650a2466738bb786a6c7849b
88.0,24.0,3530,test,2072.2841956274306,1.0,1.0,"(1, 2)",650a2466738bb786a6c7849b
88.0,24.0,3531,test,2072.2841956274306,1.0,1.0,"(1, 2)",650a2466738bb786a6c7849b
88.0,24.0,3532,test,2072.2841956274306,1.0,1.0,"(1, 2)",650a2466738bb786a6c7849b
88.0,24.0,3533,test,2072.2841956274306,1.0,1.0,"(1, 2)",650a2466738bb786a6c7849b
88.0,24.0,3534,test,2072.2841956274306,1.0,1.0,"(1, 2)",650a2466738bb786a6c7849b
88.0,24.0,3535,test,2072.2841956274306,1.0,1.0,"(1, 2)",650a2466738bb786a6c7849b
88.0,24.0,3536,test,2072.2841956274306,1.0,1.0,"(1, 2)",650a2466738bb786a6c7849b
88.0,24.0,3537,test,2072.2841956274306,1.0,1.0,"(1, 2)",650a2466738bb786a6c7849b
88.0,24.0,3538,test,2072.2841956274306,1.0,1.0,"(1, 2)",650a2466738bb786a6c7849b
88.0,24.0,3539,test,2072.2841956274306,1.0,1.0,"(1, 2)",650a2466738bb786a6c7849b
88.0,24.0,3540,test,2072.2841956274306,1.0,1.0,"(1, 2)",650a2466738bb786a6c7849b
88.0,24.0,3541,test,2072.2841956274306,1.0,1.0,"(1, 2)",650a2466738bb786a6c7849b
88.0,24.0,3542,test,2072.2841956274306,1.0,1.0,"(1, 2)",650a2466738bb786a6c7849b
86.74999999999972,24.0,3543,test,2073.534195627431,1.0,1.0,"(1, 2)",650a2466738bb786a6c7849b
85.49999999999943,24.0,3544,test,2074.7841956274315,1.0,1.0,"(1, 2)",650a2466738bb786a6c7849b
84.24999999999915,24.0,3545,test,2076.034195627432,1.0,1.0,"(1, 2)",650a2466738bb786a6c7849b
82.99999999999886,24.0,3546,test,2077.2841956274324,1.0,1.0,"(1, 2)",650a2466738bb786a6c7849b
81.74999999999858,24.0,3547,test,2078.534195627433,1.0,1.0,"(1, 2)",650a2466738bb786a6c7849b
80.4999999999983,24.0,3548,test,2079.7841956274333,1.0,1.0,"(1, 2)",650a2466738bb786a6c7849b
79.24999999999801,24.0,3549,test,2081.0341956274337,1.0,1.0,"(1, 2)",650a2466738bb786a6c7849b
77.99999999999773,24.0,3550,test,2082.284195627434,1.0,1.0,"(1, 2)",650a2466738bb786a6c7849b
76.74999999999744,24.0,3551,test,2083.5341956274347,1.0,1.0,"(1, 2)",650a2466738bb786a6c7849b
75.49999999999716,24.0,3552,test,2084.784195627435,1.0,1.0,"(1, 2)",650a2466738bb786a6c7849b
74.24999999999687,24.0,3553,test,2086.0341956274356,1.0,1.0,"(1, 2)",650a2466738bb786a6c7849b
72.99999999999659,24.0,3554,test,2087.284195627436,1.0,1.0,"(1, 2)",650a2466738bb786a6c7849b
71.7499999999963,24.0,3555,test,2088.5341956274365,1.0,1.0,"(1, 2)",650a2466738bb786a6c7849b
70.49999999999602,24.0,3556,test,2089.784195627437,1.0,1.0,"(1, 2)",650a2466738bb786a6c7849b
69.24999999999574,24.0,3557,test,2091.0341956274374,1.0,1.0,"(1, 2)",650a2466738bb786a6c7849b
67.99999999999545,24.0,3558,test,2092.284195627438,1.0,1.0,"(1, 2)",650a2466738bb786a6c7849b
66.74999999999517,24.0,3559,test,2093.5341956274383,1.0,1.0,"(1, 2)",650a2466738bb786a6c7849b
65.49999999999488,24.0,3560,test,2094.7841956274387,1.0,1.0,"(1, 2)",650a2466738bb786a6c7849b
64.2499999999946,24.0,3561,test,2096.034195627439,1.0,1.0,"(1, 2)",650a2466738bb786a6c7849b
62.999999999994316,24.0,3562,test,2097.2841956274397,1.0,1.0,"(1, 2)",650a2466738bb786a6c7849b
61.74999999999403,24.0,3563,test,2098.53419562744,1.0,1.0,"(1, 2)",650a2466738bb786a6c7849b
60.49999999999375,24.0,3564,test,2099.7841956274406,1.0,1.0,"(1, 2)",650a2466738bb786a6c7849b
59.24999999999346,24.0,3565,test,2101.034195627441,1.0,1.0,"(1, 2)",650a2466738bb786a6c7849b
57.99999999999318,24.0,3566,test,2102.2841956274415,1.0,1.0,"(1, 2)",650a2466738bb786a6c7849b
56.749999999992895,24.0,3567,test,2103.534195627442,1.0,1.0,"(1, 2)",650a2466738bb786a6c7849b
55.49999999999261,24.0,3568,test,2104.7841956274424,1.0,1.0,"(1, 2)",650a2466738bb786a6c7849b
54.249999999992326,24.0,3569,test,2106.034195627443,1.0,1.0,"(1, 2)",650a2466738bb786a6c7849b
52.99999999999204,24.0,3570,test,2107.2841956274433,1.0,1.0,"(1, 2)",650a2466738bb786a6c7849b
51.74999999999176,24.0,3571,test,2108.5341956274438,1.0,1.0,"(1, 2)",650a2466738bb786a6c7849b
50.49999999999147,24.0,3572,test,2109.784195627444,1.0,1.0,"(1, 2)",650a2466738bb786a6c7849b
49.24999999999119,24.0,3573,test,2111.0341956274447,1.0,1.0,"(1, 2)",650a2466738bb786a6c7849b
47.999999999990905,24.0,3574,test,2112.284195627445,1.0,1.0,"(1, 2)",650a2466738bb786a6c7849b
46.74999999999062,24.0,3575,test,2113.5341956274456,1.0,1.0,"(1, 2)",650a2466738bb786a6c7849b
45.49999999999034,24.0,3576,test,2114.784195627446,1.0,1.0,"(1, 2)",650a2466738bb786a6c7849b
44.24999999999005,24.0,3577,test,2116.0341956274465,1.0,1.0,"(1, 2)",650a2466738bb786a6c7849b
42.99999999998977,24.0,3578,test,2117.284195627447,1.0,1.0,"(1, 2)",650a2466738bb786a6c7849b
41.749999999989484,24.0,3579,test,2118.5341956274474,1.0,1.0,"(1, 2)",650a2466738bb786a6c7849b
40.4999999999892,24.0,3580,test,2119.784195627448,1.0,1.0,"(1, 2)",650a2466738bb786a6c7849b
39.52408922643008,24.66756619610841,3581,test,2120.966585776314,1.0,1.0,"(1, 2)",650a2466738bb786a6c7849b
38.634732945431324,25.545942769935266,3582,test,2122.216585776314,1.0,1.0,"(1, 2)",650a2466738bb786a6c7849b
37.74537666443257,26.42431934376212,3583,test,2123.466585776314,1.0,1.0,"(1, 2)",650a2466738bb786a6c7849b
36.856020383433815,27.302695917588977,3584,test,2124.716585776314,1.0,1.0,"(1, 2)",650a2466738bb786a6c7849b
35.96666410243506,28.181072491415833,3585,test,2125.966585776314,1.0,1.0,"(1, 2)",650a2466738bb786a6c7849b
35.07730782143631,29.05944906524269,3586,test,2127.216585776314,1.0,1.0,"(1, 2)",650a2466738bb786a6c7849b
34.18795154043755,29.937825639069217,3587,test,2128.4665857763134,1.0,1.0,"(1, 2)",650a2466738bb786a6c7849b
33.2985952594388,30.816202212895718,3588,test,2129.716585776313,1.0,1.0,"(1, 2)",650a2466738bb786a6c7849b
32.409238978440044,31.694578786722218,3589,test,2130.9665857763125,1.0,1.0,"(1, 2)",650a2466738bb786a6c7849b
31.519882697441098,32.57295536054872,3590,test,2132.2165857763125,1.0,1.0,"(1, 2)",650a2466738bb786a6c7849b
30.630526416441988,33.45133193437522,3591,test,2133.4665857763125,1.0,1.0,"(1, 2)",650a2466738bb786a6c7849b
29.74117013544288,34.32970850820172,3592,test,2134.7165857763125,1.0,1.0,"(1, 2)",650a2466738bb786a6c7849b
28.85181385444377,35.20808508202822,3593,test,2135.9665857763125,1.0,1.0,"(1, 2)",650a2466738bb786a6c7849b
27.96245757344466,36.08646165585472,3594,test,2137.2165857763125,1.0,1.0,"(1, 2)",650a2466738bb786a6c7849b
27.07310129244555,36.96483822968122,3595,test,2138.4665857763125,1.0,1.0,"(1, 2)",650a2466738bb786a6c7849b
26.183745011446586,37.84321480350772,3596,test,2139.7165857763125,1.0,1.0,"(1, 2)",650a2466738bb786a6c7849b
25.29438873044783,38.72159137733434,3597,test,2140.966585776312,1.0,1.0,"(1, 2)",650a2466738bb786a6c7849b
24.405032449449077,39.59996795116105,3598,test,2142.216585776312,1.0,1.0,"(1, 2)",650a2466738bb786a6c7849b
24.0,40.0,3599,test,2142.7858633230367,1.0,1.0,"(1, 2)",650a2466738bb786a6c7849b
24.0,40.0,3600,test,2142.7858633230367,1.0,1.0,"(1, 2)",650a2466738bb786a6c7849b
24.0,40.0,3601,test,2142.7858633230367,1.0,1.0,"(1, 2)",650a2466738bb786a6c7849b
24.0,40.0,3602,test,2142.7858633230367,1.0,1.0,"(1, 2)",650a2466738bb786a6c7849b
24.0,40.0,3603,test,2142.7858633230367,1.0,1.0,"(1, 2)",650a2466738bb786a6c7849b
24.0,40.0,3604,test,2142.7858633230367,1.0,1.0,"(1, 2)",650a2466738bb786a6c7849b
24.0,40.0,3605,test,2142.7858633230367,1.0,1.0,"(1, 2)",650a2466738bb786a6c7849b
24.0,40.0,3606,test,2142.7858633230367,1.0,1.0,"(1, 2)",650a2466738bb786a6c7849b
24.0,40.0,3607,test,2142.7858633230367,1.0,1.0,"(1, 2)",650a2466738bb786a6c7849b
24.0,40.0,3608,test,2142.7858633230367,1.0,1.0,"(1, 2)",650a2466738bb786a6c7849b
24.0,40.0,3609,test,2142.7858633230367,1.0,1.0,"(1, 2)",650a2466738bb786a6c7849b
24.0,40.0,3610,test,2142.7858633230367,1.0,1.0,"(1, 2)",650a2466738bb786a6c7849b
24.0,40.0,3611,test,2142.7858633230367,1.0,1.0,"(1, 2)",650a2466738bb786a6c7849b
24.0,40.0,3612,test,2142.7858633230367,1.0,1.0,"(1, 2)",650a2466738bb786a6c7849b
24.0,40.0,3613,test,2142.7858633230367,1.0,1.0,"(1, 2)",650a2466738bb786a6c7849b
24.0,40.0,3614,test,2142.7858633230367,1.0,1.0,"(1, 2)",650a2466738bb786a6c7849b
24.0,40.0,3615,test,2142.7858633230367,1.0,1.0,"(1, 2)",650a2466738bb786a6c7849b
24.0,40.0,3616,test,2142.7858633230367,1.0,1.0,"(1, 2)",650a2466738bb786a6c7849b
24.0,40.0,3617,test,2142.7858633230367,1.0,1.0,"(1, 2)",650a2466738bb786a6c7849b
24.0,40.0,3618,test,2142.7858633230367,1.0,1.0,"(1, 2)",650a2466738bb786a6c7849b
24.0,40.0,3619,test,2142.7858633230367,1.0,1.0,"(1, 2)",650a2466738bb786a6c7849b
24.0,40.0,3620,test,2142.7858633230367,1.0,1.0,"(1, 2)",650a2466738bb786a6c7849b
24.0,40.0,3621,test,2142.7858633230367,1.0,1.0,"(1, 2)",650a2466738bb786a6c7849b
24.0,40.0,3622,test,2142.7858633230367,1.0,1.0,"(1, 2)",650a2466738bb786a6c7849b
24.0,40.0,3623,test,2142.7858633230367,1.0,1.0,"(1, 2)",650a2466738bb786a6c7849b
24.0,40.0,3624,test,2142.7858633230367,1.0,1.0,"(1, 2)",650a2466738bb786a6c7849b
24.0,40.0,3625,test,2142.7858633230367,1.0,1.0,"(1, 2)",650a2466738bb786a6c7849b
24.0,40.0,3626,test,2142.7858633230367,1.0,1.0,"(1, 2)",650a2466738bb786a6c7849b
24.0,40.0,3627,test,2142.7858633230367,1.0,1.0,"(1, 2)",650a2466738bb786a6c7849b
24.0,40.0,3628,test,2142.7858633230367,1.0,1.0,"(1, 2)",650a2466738bb786a6c7849b
24.0,40.0,3629,test,2142.7858633230367,1.0,1.0,"(1, 2)",650a2466738bb786a6c7849b
24.0,40.0,3630,test,2142.7858633230367,1.0,1.0,"(1, 2)",650a2466738bb786a6c7849b
24.0,40.0,3631,test,2142.7858633230367,1.0,1.0,"(1, 2)",650a2466738bb786a6c7849b
24.0,40.0,3632,test,2142.7858633230367,1.0,1.0,"(1, 2)",650a2466738bb786a6c7849b
24.0,40.0,3633,test,2142.7858633230367,1.0,1.0,"(1, 2)",650a2466738bb786a6c7849b
24.0,40.0,3634,test,2142.7858633230367,1.0,1.0,"(1, 2)",650a2466738bb786a6c7849b
24.0,40.0,3635,test,2142.7858633230367,1.0,1.0,"(1, 2)",650a2466738bb786a6c7849b
24.0,40.0,3636,test,2142.7858633230367,1.0,1.0,"(1, 2)",650a2466738bb786a6c7849b
24.0,40.0,3637,test,2142.7858633230367,1.0,1.0,"(1, 2)",650a2466738bb786a6c7849b
24.0,40.0,3638,test,2142.7858633230367,1.0,1.0,"(1, 2)",650a2466738bb786a6c7849b
24.0,40.0,3639,test,2142.7858633230367,1.0,1.0,"(1, 2)",650a2466738bb786a6c7849b
24.0,40.0,3640,test,2142.7858633230367,1.0,1.0,"(1, 2)",650a2466738bb786a6c7849b
24.0,40.0,3641,test,2142.7858633230367,1.0,1.0,"(1, 2)",650a2466738bb786a6c7849b
24.0,40.0,3642,test,2142.7858633230367,1.0,1.0,"(1, 2)",650a2466738bb786a6c7849b
24.0,40.0,3643,test,2142.7858633230367,1.0,1.0,"(1, 2)",650a2466738bb786a6c7849b
24.0,40.0,3644,test,2142.7858633230367,1.0,1.0,"(1, 2)",650a2466738bb786a6c7849b
24.0,40.0,3645,test,2142.7858633230367,1.0,1.0,"(1, 2)",650a2466738bb786a6c7849b
24.0,40.0,3646,test,2142.7858633230367,1.0,1.0,"(1, 2)",650a2466738bb786a6c7849b
24.0,40.0,3647,test,2142.7858633230367,1.0,1.0,"(1, 2)",650a2466738bb786a6c7849b
24.0,40.0,3648,test,2142.7858633230367,1.0,1.0,"(1, 2)",650a2466738bb786a6c7849b
24.0,40.0,3649,test,2142.7858633230367,1.0,1.0,"(1, 2)",650a2466738bb786a6c7849b
24.0,40.0,3650,test,2142.7858633230367,1.0,1.0,"(1, 2)",650a2466738bb786a6c7849b
24.0,40.0,3651,test,2142.7858633230367,1.0,1.0,"(1, 2)",650a2466738bb786a6c7849b
24.0,40.0,3652,test,2142.7858633230367,1.0,1.0,"(1, 2)",650a2466738bb786a6c7849b
24.0,40.0,3653,test,2142.7858633230367,1.0,1.0,"(1, 2)",650a2466738bb786a6c7849b
24.0,40.0,3654,test,2142.7858633230367,1.0,1.0,"(1, 2)",650a2466738bb786a6c7849b
24.0,40.0,3655,test,2142.7858633230367,1.0,1.0,"(1, 2)",650a2466738bb786a6c7849b
24.0,40.0,3656,test,2142.7858633230367,1.0,1.0,"(1, 2)",650a2466738bb786a6c7849b
24.0,40.0,3657,test,2142.7858633230367,1.0,1.0,"(1, 2)",650a2466738bb786a6c7849b
24.0,40.0,3658,test,2142.7858633230367,1.0,1.0,"(1, 2)",650a2466738bb786a6c7849b
24.0,40.0,3659,test,2142.7858633230367,1.0,1.0,"(1, 2)",650a2466738bb786a6c7849b
24.0,40.0,3660,test,2142.7858633230367,1.0,1.0,"(1, 2)",650a2466738bb786a6c7849b
24.0,40.0,3661,test,2142.7858633230367,1.0,1.0,"(1, 2)",650a2466738bb786a6c7849b
24.0,40.0,3662,test,2142.7858633230367,1.0,1.0,"(1, 2)",650a2466738bb786a6c7849b
24.0,40.0,3663,test,2142.7858633230367,1.0,1.0,"(1, 2)",650a2466738bb786a6c7849b
24.0,40.0,3664,test,2142.7858633230367,1.0,1.0,"(1, 2)",650a2466738bb786a6c7849b
24.0,40.0,3665,test,2142.7858633230367,1.0,1.0,"(1, 2)",650a2466738bb786a6c7849b
24.0,40.0,3666,test,2142.7858633230367,1.0,1.0,"(1, 2)",650a2466738bb786a6c7849b
24.0,40.0,3667,test,2142.7858633230367,1.0,1.0,"(1, 2)",650a2466738bb786a6c7849b
24.0,40.0,3668,test,2142.7858633230367,1.0,1.0,"(1, 2)",650a2466738bb786a6c7849b
24.0,40.0,3669,test,2142.7858633230367,1.0,1.0,"(1, 2)",650a2466738bb786a6c7849b
24.0,40.0,3670,test,2142.7858633230367,1.0,1.0,"(1, 2)",650a2466738bb786a6c7849b
24.0,40.0,3671,test,2142.7858633230367,1.0,1.0,"(1, 2)",650a2466738bb786a6c7849b
24.0,40.0,3672,test,2142.7858633230367,1.0,1.0,"(1, 2)",650a2466738bb786a6c7849b
24.0,40.0,3673,test,2142.7858633230367,1.0,1.0,"(1, 2)",650a2466738bb786a6c7849b
24.0,40.0,3674,test,2142.7858633230367,1.0,1.0,"(1, 2)",650a2466738bb786a6c7849b
24.0,40.0,3675,test,2142.7858633230367,1.0,1.0,"(1, 2)",650a2466738bb786a6c7849b
24.0,40.0,3676,test,2142.7858633230367,1.0,1.0,"(1, 2)",650a2466738bb786a6c7849b
24.0,40.0,3677,test,2142.7858633230367,1.0,1.0,"(1, 2)",650a2466738bb786a6c7849b
24.0,40.0,3678,test,2142.7858633230367,1.0,1.0,"(1, 2)",650a2466738bb786a6c7849b
24.0,40.0,3679,test,2142.7858633230367,1.0,1.0,"(1, 2)",650a2466738bb786a6c7849b
24.0,40.0,3680,test,2142.7858633230367,1.0,1.0,"(1, 2)",650a2466738bb786a6c7849b
24.0,40.0,3681,test,2142.7858633230367,1.0,1.0,"(1, 2)",650a2466738bb786a6c7849b
24.0,40.0,3682,test,2142.7858633230367,1.0,1.0,"(1, 2)",650a2466738bb786a6c7849b
24.0,40.0,3683,test,2142.7858633230367,1.0,1.0,"(1, 2)",650a2466738bb786a6c7849b
24.0,40.0,3684,test,2142.7858633230367,1.0,1.0,"(1, 2)",650a2466738bb786a6c7849b
24.0,40.0,3685,test,2142.7858633230367,1.0,1.0,"(1, 2)",650a2466738bb786a6c7849b
24.0,40.0,3686,test,2142.7858633230367,1.0,1.0,"(1, 2)",650a2466738bb786a6c7849b
24.0,40.0,3687,test,2142.7858633230367,1.0,1.0,"(1, 2)",650a2466738bb786a6c7849b
24.0,40.0,3688,test,2142.7858633230367,1.0,1.0,"(1, 2)",650a2466738bb786a6c7849b
24.0,40.0,3689,test,2142.7858633230367,1.0,1.0,"(1, 2)",650a2466738bb786a6c7849b
24.0,40.0,3690,test,2142.7858633230367,1.0,1.0,"(1, 2)",650a2466738bb786a6c7849b
24.0,40.0,3691,test,2142.7858633230367,1.0,1.0,"(1, 2)",650a2466738bb786a6c7849b
24.0,40.0,3692,test,2142.7858633230367,1.0,1.0,"(1, 2)",650a2466738bb786a6c7849b
24.0,40.0,3693,test,2142.7858633230367,1.0,1.0,"(1, 2)",650a2466738bb786a6c7849b
24.0,40.0,3694,test,2142.7858633230367,1.0,1.0,"(1, 2)",650a2466738bb786a6c7849b
24.0,40.0,3695,test,2142.7858633230367,1.0,1.0,"(1, 2)",650a2466738bb786a6c7849b
24.0,40.0,3696,test,2142.7858633230367,1.0,1.0,"(1, 2)",650a2466738bb786a6c7849b
24.0,40.0,3697,test,2142.7858633230367,1.0,1.0,"(1, 2)",650a2466738bb786a6c7849b
24.0,40.0,3698,test,2142.7858633230367,1.0,1.0,"(1, 2)",650a2466738bb786a6c7849b
24.0,40.0,3699,test,2142.7858633230367,1.0,1.0,"(1, 2)",650a2466738bb786a6c7849b
24.0,40.0,3700,test,2142.7858633230367,1.0,1.0,"(1, 2)",650a2466738bb786a6c7849b
24.0,40.0,3701,test,2142.7858633230367,1.0,1.0,"(1, 2)",650a2466738bb786a6c7849b
24.0,40.0,3702,test,2142.7858633230367,1.0,1.0,"(1, 2)",650a2466738bb786a6c7849b
24.0,40.0,3703,test,2142.7858633230367,1.0,1.0,"(1, 2)",650a2466738bb786a6c7849b
24.0,40.0,3704,test,2142.7858633230367,1.0,1.0,"(1, 2)",650a2466738bb786a6c7849b
24.0,40.0,3705,test,2142.7858633230367,1.0,1.0,"(1, 2)",650a2466738bb786a6c7849b
24.0,40.0,3706,test,2142.7858633230367,1.0,1.0,"(1, 2)",650a2466738bb786a6c7849b
24.0,40.0,3707,test,2142.7858633230367,1.0,1.0,"(1, 2)",650a2466738bb786a6c7849b
24.0,40.0,3708,test,2142.7858633230367,1.0,1.0,"(1, 2)",650a2466738bb786a6c7849b
24.0,40.0,3709,test,2142.7858633230367,1.0,1.0,"(1, 2)",650a2466738bb786a6c7849b
24.0,40.0,3710,test,2142.7858633230367,1.0,1.0,"(1, 2)",650a2466738bb786a6c7849b
24.0,40.0,3711,test,2142.7858633230367,1.0,1.0,"(1, 2)",650a2466738bb786a6c7849b
24.0,40.0,3712,test,2142.7858633230367,1.0,1.0,"(1, 2)",650a2466738bb786a6c7849b
24.0,40.0,3713,test,2142.7858633230367,1.0,1.0,"(1, 2)",650a2466738bb786a6c7849b
24.0,40.0,3714,test,2142.7858633230367,1.0,1.0,"(1, 2)",650a2466738bb786a6c7849b
24.0,40.0,3715,test,2142.7858633230367,1.0,1.0,"(1, 2)",650a2466738bb786a6c7849b
24.0,40.0,3716,test,2142.7858633230367,1.0,1.0,"(1, 2)",650a2466738bb786a6c7849b
24.0,40.0,3717,test,2142.7858633230367,1.0,1.0,"(1, 2)",650a2466738bb786a6c7849b
24.0,40.0,3718,test,2142.7858633230367,1.0,1.0,"(1, 2)",650a2466738bb786a6c7849b
24.0,40.0,3719,test,2142.7858633230367,1.0,1.0,"(1, 2)",650a2466738bb786a6c7849b
24.0,40.0,3720,test,2142.7858633230367,1.0,1.0,"(1, 2)",650a2466738bb786a6c7849b
24.0,40.0,3721,test,2142.7858633230367,1.0,1.0,"(1, 2)",650a2466738bb786a6c7849b
24.0,40.0,3722,test,2142.7858633230367,1.0,1.0,"(1, 2)",650a2466738bb786a6c7849b
24.0,40.0,3723,test,2142.7858633230367,1.0,1.0,"(1, 2)",650a2466738bb786a6c7849b
24.0,40.0,3724,test,2142.7858633230367,1.0,1.0,"(1, 2)",650a2466738bb786a6c7849b
24.0,40.0,3725,test,2142.7858633230367,1.0,1.0,"(1, 2)",650a2466738bb786a6c7849b
24.0,40.0,3726,test,2142.7858633230367,1.0,1.0,"(1, 2)",650a2466738bb786a6c7849b
24.0,40.0,3727,test,2142.7858633230367,1.0,1.0,"(1, 2)",650a2466738bb786a6c7849b
24.0,40.0,3728,test,2142.7858633230367,1.0,1.0,"(1, 2)",650a2466738bb786a6c7849b
24.0,40.0,3729,test,2142.7858633230367,1.0,1.0,"(1, 2)",650a2466738bb786a6c7849b
24.0,40.0,3730,test,2142.7858633230367,1.0,1.0,"(1, 2)",650a2466738bb786a6c7849b
24.0,40.0,3731,test,2142.7858633230367,1.0,1.0,"(1, 2)",650a2466738bb786a6c7849b
24.0,40.0,3732,test,2142.7858633230367,1.0,1.0,"(1, 2)",650a2466738bb786a6c7849b
24.0,40.0,3733,test,2142.7858633230367,1.0,1.0,"(1, 2)",650a2466738bb786a6c7849b
24.0,40.0,3734,test,2142.7858633230367,1.0,1.0,"(1, 2)",650a2466738bb786a6c7849b
24.0,40.0,3735,test,2142.7858633230367,1.0,1.0,"(1, 2)",650a2466738bb786a6c7849b
24.0,40.0,3736,test,2142.7858633230367,1.0,1.0,"(1, 2)",650a2466738bb786a6c7849b
24.0,40.0,3737,test,2142.7858633230367,1.0,1.0,"(1, 2)",650a2466738bb786a6c7849b
24.0,40.0,3738,test,2142.7858633230367,1.0,1.0,"(1, 2)",650a2466738bb786a6c7849b
24.0,40.0,3739,test,2142.7858633230367,1.0,1.0,"(1, 2)",650a2466738bb786a6c7849b
24.0,40.0,3740,test,2142.7858633230367,1.0,1.0,"(1, 2)",650a2466738bb786a6c7849b
24.0,40.0,3741,test,2142.7858633230367,1.0,1.0,"(1, 2)",650a2466738bb786a6c7849b
24.0,40.0,3742,test,2142.7858633230367,1.0,1.0,"(1, 2)",650a2466738bb786a6c7849b
24.0,40.0,3743,test,2142.7858633230367,1.0,1.0,"(1, 2)",650a2466738bb786a6c7849b
24.0,40.0,3744,test,2142.7858633230367,1.0,1.0,"(1, 2)",650a2466738bb786a6c7849b
24.0,40.0,3745,test,2142.7858633230367,1.0,1.0,"(1, 2)",650a2466738bb786a6c7849b
24.0,40.0,3746,test,2142.7858633230367,1.0,1.0,"(1, 2)",650a2466738bb786a6c7849b
24.0,40.0,3747,test,2142.7858633230367,1.0,1.0,"(1, 2)",650a2466738bb786a6c7849b
24.0,40.0,3748,test,2142.7858633230367,1.0,1.0,"(1, 2)",650a2466738bb786a6c7849b
24.0,40.0,3749,test,2142.7858633230367,1.0,1.0,"(1, 2)",650a2466738bb786a6c7849b
24.0,40.0,3750,test,2142.7858633230367,1.0,1.0,"(1, 2)",650a2466738bb786a6c7849b
24.0,40.0,3751,test,2142.7858633230367,1.0,1.0,"(1, 2)",650a2466738bb786a6c7849b
24.0,40.0,3752,test,2142.7858633230367,1.0,1.0,"(1, 2)",650a2466738bb786a6c7849b
24.0,40.0,3753,test,2142.7858633230367,1.0,1.0,"(1, 2)",650a2466738bb786a6c7849b
24.0,40.0,3754,test,2142.7858633230367,1.0,1.0,"(1, 2)",650a2466738bb786a6c7849b
24.0,40.0,3755,test,2142.7858633230367,1.0,1.0,"(1, 2)",650a2466738bb786a6c7849b
24.0,40.0,3756,test,2142.7858633230367,1.0,1.0,"(1, 2)",650a2466738bb786a6c7849b
24.0,40.0,3757,test,2142.7858633230367,1.0,1.0,"(1, 2)",650a2466738bb786a6c7849b
24.0,40.0,3758,test,2142.7858633230367,1.0,1.0,"(1, 2)",650a2466738bb786a6c7849b
24.0,40.0,3759,test,2142.7858633230367,1.0,1.0,"(1, 2)",650a2466738bb786a6c7849b
24.0,40.0,3760,test,2142.7858633230367,1.0,1.0,"(1, 2)",650a2466738bb786a6c7849b
24.0,40.0,3761,test,2142.7858633230367,1.0,1.0,"(1, 2)",650a2466738bb786a6c7849b
24.0,40.0,3762,test,2142.7858633230367,1.0,1.0,"(1, 2)",650a2466738bb786a6c7849b
24.0,40.0,3763,test,2142.7858633230367,1.0,1.0,"(1, 2)",650a2466738bb786a6c7849b
24.0,40.0,3764,test,2142.7858633230367,1.0,1.0,"(1, 2)",650a2466738bb786a6c7849b
24.0,40.0,3765,test,2142.7858633230367,1.0,1.0,"(1, 2)",650a2466738bb786a6c7849b
24.0,40.0,3766,test,2142.7858633230367,1.0,1.0,"(1, 2)",650a2466738bb786a6c7849b
24.0,40.0,3767,test,2142.7858633230367,1.0,1.0,"(1, 2)",650a2466738bb786a6c7849b
24.0,40.0,3768,test,2142.7858633230367,1.0,1.0,"(1, 2)",650a2466738bb786a6c7849b
24.0,40.0,3769,test,2142.7858633230367,1.0,1.0,"(1, 2)",650a2466738bb786a6c7849b
24.0,40.0,3770,test,2142.7858633230367,1.0,1.0,"(1, 2)",650a2466738bb786a6c7849b
24.88388347648305,39.11611652351695,3771,test,2144.0358633230367,1.0,1.0,"(1, 2)",650a2466738bb786a6c7849b
25.7677669529661,38.2322330470339,3772,test,2145.2858633230367,1.0,1.0,"(1, 2)",650a2466738bb786a6c7849b
26.65165042944915,37.34834957055085,3773,test,2146.5358633230367,1.0,1.0,"(1, 2)",650a2466738bb786a6c7849b
27.535533905932198,36.4644660940678,3774,test,2147.7858633230367,1.0,1.0,"(1, 2)",650a2466738bb786a6c7849b
28.419417382415247,35.58058261758475,3775,test,2149.0358633230367,1.0,1.0,"(1, 2)",650a2466738bb786a6c7849b
29.303300858898297,34.6966991411017,3776,test,2150.2858633230367,1.0,1.0,"(1, 2)",650a2466738bb786a6c7849b
30.187184335381346,33.812815664618654,3777,test,2151.5358633230367,1.0,1.0,"(1, 2)",650a2466738bb786a6c7849b
31.071067811864395,32.928932188135605,3778,test,2152.7858633230367,1.0,1.0,"(1, 2)",650a2466738bb786a6c7849b
31.954951288347445,32.045048711652555,3779,test,2154.0358633230367,1.0,1.0,"(1, 2)",650a2466738bb786a6c7849b
32.838834764830494,31.161165235169506,3780,test,2155.2858633230367,1.0,1.0,"(1, 2)",650a2466738bb786a6c7849b
33.722718241313544,30.277281758686456,3781,test,2156.5358633230367,1.0,1.0,"(1, 2)",650a2466738bb786a6c7849b
34.60660171779659,29.393398282203407,3782,test,2157.7858633230367,1.0,1.0,"(1, 2)",650a2466738bb786a6c7849b
35.49048519427964,28.509514805720357,3783,test,2159.0358633230367,1.0,1.0,"(1, 2)",650a2466738bb786a6c7849b
36.37436867076269,27.625631329237308,3784,test,2160.2858633230367,1.0,1.0,"(1, 2)",650a2466738bb786a6c7849b
37.25825214724574,26.74174785275426,3785,test,2161.5358633230367,1.0,1.0,"(1, 2)",650a2466738bb786a6c7849b
38.14213562372879,25.85786437627121,3786,test,2162.7858633230367,1.0,1.0,"(1, 2)",650a2466738bb786a6c7849b
39.02601910021184,24.97398089978816,3787,test,2164.0358633230367,1.0,1.0,"(1, 2)",650a2466738bb786a6c7849b
39.95382555869017,24.194346815316237,3788,test,2165.24774373383,1.0,1.0,"(1, 2)",650a2466738bb786a6c7849b
41.203733885133886,24.179208272259245,3789,test,2166.4977437338293,1.0,1.0,"(1, 2)",650a2466738bb786a6c7849b
42.4536422115776,24.164069729202254,3790,test,2167.747743733829,1.0,1.0,"(1, 2)",650a2466738bb786a6c7849b
43.70355053802132,24.148931186145262,3791,test,2168.9977437338284,1.0,1.0,"(1, 2)",650a2466738bb786a6c7849b
44.953458864465034,24.13379264308827,3792,test,2170.247743733828,1.0,1.0,"(1, 2)",650a2466738bb786a6c7849b
46.20336719090875,24.11865410003119,3793,test,2171.4977437338275,1.0,1.0,"(1, 2)",650a2466738bb786a6c7849b
47.453275517352466,24.103515556974024,3794,test,2172.747743733827,1.0,1.0,"(1, 2)",650a2466738bb786a6c7849b
48.70318384379618,24.08837701391686,3795,test,2173.9977437338266,1.0,1.0,"(1, 2)",650a2466738bb786a6c7849b
49.9530921702399,24.073238470859692,3796,test,2175.247743733826,1.0,1.0,"(1, 2)",650a2466738bb786a6c7849b
51.203000496683615,24.058099927802527,3797,test,2176.4977437338257,1.0,1.0,"(1, 2)",650a2466738bb786a6c7849b
52.45290882312733,24.04296138474536,3798,test,2177.7477437338252,1.0,1.0,"(1, 2)",650a2466738bb786a6c7849b
53.70281714957105,24.027822841688195,3799,test,2178.997743733825,1.0,1.0,"(1, 2)",650a2466738bb786a6c7849b
54.95272547601476,24.01268429863103,3800,test,2180.2477437338243,1.0,1.0,"(1, 2)",650a2466738bb786a6c7849b
56.20266313364169,24.00233106509779,3801,test,2181.4977242686323,1.0,1.0,"(1, 2)",650a2466738bb786a6c7849b
57.45266312003295,24.002146614302884,3802,test,2182.7477242686323,1.0,1.0,"(1, 2)",650a2466738bb786a6c7849b
58.70266310642421,24.00196216350798,3803,test,2183.9977242686323,1.0,1.0,"(1, 2)",650a2466738bb786a6c7849b
59.95266309281547,24.001777712713075,3804,test,2185.2477242686323,1.0,1.0,"(1, 2)",650a2466738bb786a6c7849b
61.20266307920673,24.00159326191817,3805,test,2186.4977242686323,1.0,1.0,"(1, 2)",650a2466738bb786a6c7849b
62.45266306559799,24.001408811123397,3806,test,2187.7477242686323,1.0,1.0,"(1, 2)",650a2466738bb786a6c7849b
63.70266305198925,24.00122436032867,3807,test,2188.9977242686323,1.0,1.0,"(1, 2)",650a2466738bb786a6c7849b
64.95266303837997,24.001039909533944,3808,test,2190.247724268632,1.0,1.0,"(1, 2)",650a2466738bb786a6c7849b
66.20266302477052,24.000855458739217,3809,test,2191.4977242686314,1.0,1.0,"(1, 2)",650a2466738bb786a6c7849b
67.45266301116106,24.00067100794449,3810,test,2192.747724268631,1.0,1.0,"(1, 2)",650a2466738bb786a6c7849b
68.70266299755161,24.000486557149763,3811,test,2193.9977242686305,1.0,1.0,"(1, 2)",650a2466738bb786a6c7849b
69.95266298394216,24.000302106355036,3812,test,2195.24772426863,1.0,1.0,"(1, 2)",650a2466738bb786a6c7849b
71.20266297033271,24.00011765556031,3813,test,2196.4977242686296,1.0,1.0,"(1, 2)",650a2466738bb786a6c7849b
72.45266296379884,24.00002795062462,3814,test,2197.7477242653144,1.0,1.0,"(1, 2)",650a2466738bb786a6c7849b
73.70266296379629,24.000025703404965,3815,test,2198.997724265314,1.0,1.0,"(1, 2)",650a2466738bb786a6c7849b
74.95266296379373,24.00002345618531,3816,test,2200.2477242653135,1.0,1.0,"(1, 2)",650a2466738bb786a6c7849b
76.20266296379117,24.000021208965656,3817,test,2201.497724265313,1.0,1.0,"(1, 2)",650a2466738bb786a6c7849b
77.45266296378861,24.000018961746,3818,test,2202.7477242653126,1.0,1.0,"(1, 2)",650a2466738bb786a6c7849b
78.70266296378605,24.000016714526346,3819,test,2203.997724265312,1.0,1.0,"(1, 2)",650a2466738bb786a6c7849b
79.9526629637835,24.00001446730669,3820,test,2205.2477242653117,1.0,1.0,"(1, 2)",650a2466738bb786a6c7849b
81.20266296378094,24.000012220087036,3821,test,2206.4977242653113,1.0,1.0,"(1, 2)",650a2466738bb786a6c7849b
82.45266296377838,24.00000997286738,3822,test,2207.747724265311,1.0,1.0,"(1, 2)",650a2466738bb786a6c7849b
83.70266296377582,24.000007725647727,3823,test,2208.9977242653104,1.0,1.0,"(1, 2)",650a2466738bb786a6c7849b
84.95266296377326,24.000005478428115,3824,test,2210.24772426531,1.0,1.0,"(1, 2)",650a2466738bb786a6c7849b
86.2026629637707,24.000003231208638,3825,test,2211.4977242653094,1.0,1.0,"(1, 2)",650a2466738bb786a6c7849b
87.45266296376815,24.00000098398916,3826,test,2212.747724265309,1.0,1.0,"(1, 2)",650a2466738bb786a6c7849b
88.0,24.0,3827,test,2213.295061301542,1.0,1.0,"(1, 2)",650a2466738bb786a6c7849b
88.0,24.0,3828,test,2213.295061301542,1.0,1.0,"(1, 2)",650a2466738bb786a6c7849b
88.0,24.0,3829,test,2213.295061301542,1.0,1.0,"(1, 2)",650a2466738bb786a6c7849b
88.0,24.0,3830,test,2213.295061301542,1.0,1.0,"(1, 2)",650a2466738bb786a6c7849b
88.0,24.0,3831,test,2213.295061301542,1.0,1.0,"(1, 2)",650a2466738bb786a6c7849b
88.0,24.0,3832,test,2213.295061301542,1.0,1.0,"(1, 2)",650a2466738bb786a6c7849b
88.0,24.0,3833,test,2213.295061301542,1.0,1.0,"(1, 2)",650a2466738bb786a6c7849b
88.0,24.0,3834,test,2213.295061301542,1.0,1.0,"(1, 2)",650a2466738bb786a6c7849b
88.0,24.0,3835,test,2213.295061301542,1.0,1.0,"(1, 2)",650a2466738bb786a6c7849b
88.0,24.0,3836,test,2213.295061301542,1.0,1.0,"(1, 2)",650a2466738bb786a6c7849b
88.0,24.0,3837,test,2213.295061301542,1.0,1.0,"(1, 2)",650a2466738bb786a6c7849b
88.0,24.0,3838,test,2213.295061301542,1.0,1.0,"(1, 2)",650a2466738bb786a6c7849b
88.0,24.0,3839,test,2213.295061301542,1.0,1.0,"(1, 2)",650a2466738bb786a6c7849b
88.0,24.0,3840,test,2213.295061301542,1.0,1.0,"(1, 2)",650a2466738bb786a6c7849b
88.0,24.0,3841,test,2213.295061301542,1.0,1.0,"(1, 2)",650a2466738bb786a6c7849b
88.0,24.0,3842,test,2213.295061301542,1.0,1.0,"(1, 2)",650a2466738bb786a6c7849b
88.0,24.0,3843,test,2213.295061301542,1.0,1.0,"(1, 2)",650a2466738bb786a6c7849b
88.0,24.0,3844,test,2213.295061301542,1.0,1.0,"(1, 2)",650a2466738bb786a6c7849b
86.74999999999972,24.0,3845,test,2214.5450613015423,1.0,1.0,"(1, 2)",650a2466738bb786a6c7849b
85.49999999999943,24.0,3846,test,2215.795061301543,1.0,1.0,"(1, 2)",650a2466738bb786a6c7849b
84.24999999999915,24.0,3847,test,2217.0450613015432,1.0,1.0,"(1, 2)",650a2466738bb786a6c7849b
82.99999999999886,24.0,3848,test,2218.2950613015437,1.0,1.0,"(1, 2)",650a2466738bb786a6c7849b
81.74999999999858,24.0,3849,test,2219.545061301544,1.0,1.0,"(1, 2)",650a2466738bb786a6c7849b
80.4999999999983,24.0,3850,test,2220.7950613015446,1.0,1.0,"(1, 2)",650a2466738bb786a6c7849b
79.24999999999801,24.0,3851,test,2222.045061301545,1.0,1.0,"(1, 2)",650a2466738bb786a6c7849b
77.99999999999773,24.0,3852,test,2223.2950613015455,1.0,1.0,"(1, 2)",650a2466738bb786a6c7849b
76.74999999999744,24.0,3853,test,2224.545061301546,1.0,1.0,"(1, 2)",650a2466738bb786a6c7849b
75.49999999999716,24.0,3854,test,2225.7950613015464,1.0,1.0,"(1, 2)",650a2466738bb786a6c7849b
74.24999999999687,24.0,3855,test,2227.045061301547,1.0,1.0,"(1, 2)",650a2466738bb786a6c7849b
72.99999999999659,24.0,3856,test,2228.2950613015473,1.0,1.0,"(1, 2)",650a2466738bb786a6c7849b
71.7499999999963,24.0,3857,test,2229.545061301548,1.0,1.0,"(1, 2)",650a2466738bb786a6c7849b
70.49999999999602,24.0,3858,test,2230.7950613015482,1.0,1.0,"(1, 2)",650a2466738bb786a6c7849b
69.24999999999574,24.0,3859,test,2232.0450613015487,1.0,1.0,"(1, 2)",650a2466738bb786a6c7849b
67.99999999999545,24.0,3860,test,2233.295061301549,1.0,1.0,"(1, 2)",650a2466738bb786a6c7849b
66.74999999999517,24.0,3861,test,2234.5450613015496,1.0,1.0,"(1, 2)",650a2466738bb786a6c7849b
65.49999999999488,24.0,3862,test,2235.79506130155,1.0,1.0,"(1, 2)",650a2466738bb786a6c7849b
64.2499999999946,24.0,3863,test,2237.0450613015505,1.0,1.0,"(1, 2)",650a2466738bb786a6c7849b
62.999999999994316,24.0,3864,test,2238.295061301551,1.0,1.0,"(1, 2)",650a2466738bb786a6c7849b
61.74999999999403,24.0,3865,test,2239.5450613015514,1.0,1.0,"(1, 2)",650a2466738bb786a6c7849b
60.49999999999375,24.0,3866,test,2240.795061301552,1.0,1.0,"(1, 2)",650a2466738bb786a6c7849b
59.24999999999346,24.0,3867,test,2242.0450613015523,1.0,1.0,"(1, 2)",650a2466738bb786a6c7849b
57.99999999999318,24.0,3868,test,2243.295061301553,1.0,1.0,"(1, 2)",650a2466738bb786a6c7849b
56.749999999992895,24.0,3869,test,2244.5450613015532,1.0,1.0,"(1, 2)",650a2466738bb786a6c7849b
55.49999999999261,24.0,3870,test,2245.7950613015537,1.0,1.0,"(1, 2)",650a2466738bb786a6c7849b
54.249999999992326,24.0,3871,test,2247.045061301554,1.0,1.0,"(1, 2)",650a2466738bb786a6c7849b
52.99999999999204,24.0,3872,test,2248.2950613015546,1.0,1.0,"(1, 2)",650a2466738bb786a6c7849b
51.74999999999176,24.0,3873,test,2249.545061301555,1.0,1.0,"(1, 2)",650a2466738bb786a6c7849b
50.49999999999147,24.0,3874,test,2250.7950613015555,1.0,1.0,"(1, 2)",650a2466738bb786a6c7849b
49.24999999999119,24.0,3875,test,2252.045061301556,1.0,1.0,"(1, 2)",650a2466738bb786a6c7849b
47.999999999990905,24.0,3876,test,2253.2950613015564,1.0,1.0,"(1, 2)",650a2466738bb786a6c7849b
46.74999999999062,24.0,3877,test,2254.545061301557,1.0,1.0,"(1, 2)",650a2466738bb786a6c7849b
45.49999999999034,24.0,3878,test,2255.7950613015573,1.0,1.0,"(1, 2)",650a2466738bb786a6c7849b
44.24999999999005,24.0,3879,test,2257.045061301558,1.0,1.0,"(1, 2)",650a2466738bb786a6c7849b
42.99999999998977,24.0,3880,test,2258.2950613015582,1.0,1.0,"(1, 2)",650a2466738bb786a6c7849b
41.749999999989484,24.0,3881,test,2259.5450613015587,1.0,1.0,"(1, 2)",650a2466738bb786a6c7849b
40.4999999999892,24.0,3882,test,2260.795061301559,1.0,1.0,"(1, 2)",650a2466738bb786a6c7849b
39.52408922643008,24.66756619610841,3883,test,2261.977451450425,1.0,1.0,"(1, 2)",650a2466738bb786a6c7849b
38.634732945431324,25.545942769935266,3884,test,2263.227451450425,1.0,1.0,"(1, 2)",650a2466738bb786a6c7849b
37.74537666443257,26.42431934376212,3885,test,2264.477451450425,1.0,1.0,"(1, 2)",650a2466738bb786a6c7849b
36.856020383433815,27.302695917588977,3886,test,2265.727451450425,1.0,1.0,"(1, 2)",650a2466738bb786a6c7849b
35.96666410243506,28.181072491415833,3887,test,2266.977451450425,1.0,1.0,"(1, 2)",650a2466738bb786a6c7849b
35.07730782143631,29.05944906524269,3888,test,2268.227451450425,1.0,1.0,"(1, 2)",650a2466738bb786a6c7849b
34.18795154043755,29.937825639069217,3889,test,2269.4774514504247,1.0,1.0,"(1, 2)",650a2466738bb786a6c7849b
33.2985952594388,30.816202212895718,3890,test,2270.7274514504243,1.0,1.0,"(1, 2)",650a2466738bb786a6c7849b
32.409238978440044,31.694578786722218,3891,test,2271.977451450424,1.0,1.0,"(1, 2)",650a2466738bb786a6c7849b
31.519882697441098,32.57295536054872,3892,test,2273.227451450424,1.0,1.0,"(1, 2)",650a2466738bb786a6c7849b
30.630526416441988,33.45133193437522,3893,test,2274.477451450424,1.0,1.0,"(1, 2)",650a2466738bb786a6c7849b
29.74117013544288,34.32970850820172,3894,test,2275.727451450424,1.0,1.0,"(1, 2)",650a2466738bb786a6c7849b
28.85181385444377,35.20808508202822,3895,test,2276.977451450424,1.0,1.0,"(1, 2)",650a2466738bb786a6c7849b
27.96245757344466,36.08646165585472,3896,test,2278.227451450424,1.0,1.0,"(1, 2)",650a2466738bb786a6c7849b
27.07310129244555,36.96483822968122,3897,test,2279.477451450424,1.0,1.0,"(1, 2)",650a2466738bb786a6c7849b
26.183745011446586,37.84321480350772,3898,test,2280.727451450424,1.0,1.0,"(1, 2)",650a2466738bb786a6c7849b
25.29438873044783,38.72159137733434,3899,test,2281.9774514504234,1.0,1.0,"(1, 2)",650a2466738bb786a6c7849b
24.405032449449077,39.59996795116105,3900,test,2283.2274514504234,1.0,1.0,"(1, 2)",650a2466738bb786a6c7849b
24.0,40.0,3901,test,2283.796728997148,1.0,1.0,"(1, 2)",650a2466738bb786a6c7849b
24.0,40.0,3902,test,2283.796728997148,1.0,1.0,"(1, 2)",650a2466738bb786a6c7849b
24.0,40.0,3903,test,2283.796728997148,1.0,1.0,"(1, 2)",650a2466738bb786a6c7849b
24.0,40.0,3904,test,2283.796728997148,1.0,1.0,"(1, 2)",650a2466738bb786a6c7849b
24.0,40.0,3905,test,2283.796728997148,1.0,1.0,"(1, 2)",650a2466738bb786a6c7849b
24.0,40.0,3906,test,2283.796728997148,1.0,1.0,"(1, 2)",650a2466738bb786a6c7849b
24.0,40.0,3907,test,2283.796728997148,1.0,1.0,"(1, 2)",650a2466738bb786a6c7849b
24.0,40.0,3908,test,2283.796728997148,1.0,1.0,"(1, 2)",650a2466738bb786a6c7849b
24.0,40.0,3909,test,2283.796728997148,1.0,1.0,"(1, 2)",650a2466738bb786a6c7849b
24.0,40.0,3910,test,2283.796728997148,1.0,1.0,"(1, 2)",650a2466738bb786a6c7849b
24.0,40.0,3911,test,2283.796728997148,1.0,1.0,"(1, 2)",650a2466738bb786a6c7849b
24.0,40.0,3912,test,2283.796728997148,1.0,1.0,"(1, 2)",650a2466738bb786a6c7849b
24.0,40.0,3913,test,2283.796728997148,1.0,1.0,"(1, 2)",650a2466738bb786a6c7849b
24.0,40.0,3914,test,2283.796728997148,1.0,1.0,"(1, 2)",650a2466738bb786a6c7849b
24.0,40.0,3915,test,2283.796728997148,1.0,1.0,"(1, 2)",650a2466738bb786a6c7849b
24.0,40.0,3916,test,2283.796728997148,1.0,1.0,"(1, 2)",650a2466738bb786a6c7849b
24.0,40.0,3917,test,2283.796728997148,1.0,1.0,"(1, 2)",650a2466738bb786a6c7849b
24.0,40.0,3918,test,2283.796728997148,1.0,1.0,"(1, 2)",650a2466738bb786a6c7849b
24.0,40.0,3919,test,2283.796728997148,1.0,1.0,"(1, 2)",650a2466738bb786a6c7849b
24.0,40.0,3920,test,2283.796728997148,1.0,1.0,"(1, 2)",650a2466738bb786a6c7849b
24.0,40.0,3921,test,2283.796728997148,1.0,1.0,"(1, 2)",650a2466738bb786a6c7849b
24.0,40.0,3922,test,2283.796728997148,1.0,1.0,"(1, 2)",650a2466738bb786a6c7849b
24.0,40.0,3923,test,2283.796728997148,1.0,1.0,"(1, 2)",650a2466738bb786a6c7849b
24.0,40.0,3924,test,2283.796728997148,1.0,1.0,"(1, 2)",650a2466738bb786a6c7849b
24.0,40.0,3925,test,2283.796728997148,1.0,1.0,"(1, 2)",650a2466738bb786a6c7849b
24.0,40.0,3926,test,2283.796728997148,1.0,1.0,"(1, 2)",650a2466738bb786a6c7849b
24.0,40.0,3927,test,2283.796728997148,1.0,1.0,"(1, 2)",650a2466738bb786a6c7849b
24.0,40.0,3928,test,2283.796728997148,1.0,1.0,"(1, 2)",650a2466738bb786a6c7849b
24.0,40.0,3929,test,2283.796728997148,1.0,1.0,"(1, 2)",650a2466738bb786a6c7849b
24.0,40.0,3930,test,2283.796728997148,1.0,1.0,"(1, 2)",650a2466738bb786a6c7849b
24.0,40.0,3931,test,2283.796728997148,1.0,1.0,"(1, 2)",650a2466738bb786a6c7849b
24.0,40.0,3932,test,2283.796728997148,1.0,1.0,"(1, 2)",650a2466738bb786a6c7849b
24.0,40.0,3933,test,2283.796728997148,1.0,1.0,"(1, 2)",650a2466738bb786a6c7849b
24.0,40.0,3934,test,2283.796728997148,1.0,1.0,"(1, 2)",650a2466738bb786a6c7849b
24.0,40.0,3935,test,2283.796728997148,1.0,1.0,"(1, 2)",650a2466738bb786a6c7849b
24.0,40.0,3936,test,2283.796728997148,1.0,1.0,"(1, 2)",650a2466738bb786a6c7849b
24.0,40.0,3937,test,2283.796728997148,1.0,1.0,"(1, 2)",650a2466738bb786a6c7849b
24.0,40.0,3938,test,2283.796728997148,1.0,1.0,"(1, 2)",650a2466738bb786a6c7849b
24.0,40.0,3939,test,2283.796728997148,1.0,1.0,"(1, 2)",650a2466738bb786a6c7849b
24.0,40.0,3940,test,2283.796728997148,1.0,1.0,"(1, 2)",650a2466738bb786a6c7849b
24.0,40.0,3941,test,2283.796728997148,1.0,1.0,"(1, 2)",650a2466738bb786a6c7849b
24.0,40.0,3942,test,2283.796728997148,1.0,1.0,"(1, 2)",650a2466738bb786a6c7849b
24.0,40.0,3943,test,2283.796728997148,1.0,1.0,"(1, 2)",650a2466738bb786a6c7849b
24.0,40.0,3944,test,2283.796728997148,1.0,1.0,"(1, 2)",650a2466738bb786a6c7849b
24.0,40.0,3945,test,2283.796728997148,1.0,1.0,"(1, 2)",650a2466738bb786a6c7849b
24.0,40.0,3946,test,2283.796728997148,1.0,1.0,"(1, 2)",650a2466738bb786a6c7849b
24.0,40.0,3947,test,2283.796728997148,1.0,1.0,"(1, 2)",650a2466738bb786a6c7849b
24.0,40.0,3948,test,2283.796728997148,1.0,1.0,"(1, 2)",650a2466738bb786a6c7849b
24.0,40.0,3949,test,2283.796728997148,1.0,1.0,"(1, 2)",650a2466738bb786a6c7849b
24.0,40.0,3950,test,2283.796728997148,1.0,1.0,"(1, 2)",650a2466738bb786a6c7849b
24.0,40.0,3951,test,2283.796728997148,1.0,1.0,"(1, 2)",650a2466738bb786a6c7849b
24.0,40.0,3952,test,2283.796728997148,1.0,1.0,"(1, 2)",650a2466738bb786a6c7849b
24.0,40.0,3953,test,2283.796728997148,1.0,1.0,"(1, 2)",650a2466738bb786a6c7849b
24.0,40.0,3954,test,2283.796728997148,1.0,1.0,"(1, 2)",650a2466738bb786a6c7849b
24.0,40.0,3955,test,2283.796728997148,1.0,1.0,"(1, 2)",650a2466738bb786a6c7849b
24.0,40.0,3956,test,2283.796728997148,1.0,1.0,"(1, 2)",650a2466738bb786a6c7849b
24.0,40.0,3957,test,2283.796728997148,1.0,1.0,"(1, 2)",650a2466738bb786a6c7849b
24.0,40.0,3958,test,2283.796728997148,1.0,1.0,"(1, 2)",650a2466738bb786a6c7849b
24.0,40.0,3959,test,2283.796728997148,1.0,1.0,"(1, 2)",650a2466738bb786a6c7849b
24.0,40.0,3960,test,2283.796728997148,1.0,1.0,"(1, 2)",650a2466738bb786a6c7849b
24.0,40.0,3961,test,2283.796728997148,1.0,1.0,"(1, 2)",650a2466738bb786a6c7849b
24.0,40.0,3962,test,2283.796728997148,1.0,1.0,"(1, 2)",650a2466738bb786a6c7849b
24.0,40.0,3963,test,2283.796728997148,1.0,1.0,"(1, 2)",650a2466738bb786a6c7849b
24.0,40.0,3964,test,2283.796728997148,1.0,1.0,"(1, 2)",650a2466738bb786a6c7849b
24.0,40.0,3965,test,2283.796728997148,1.0,1.0,"(1, 2)",650a2466738bb786a6c7849b
24.0,40.0,3966,test,2283.796728997148,1.0,1.0,"(1, 2)",650a2466738bb786a6c7849b
24.0,40.0,3967,test,2283.796728997148,1.0,1.0,"(1, 2)",650a2466738bb786a6c7849b
24.0,40.0,3968,test,2283.796728997148,1.0,1.0,"(1, 2)",650a2466738bb786a6c7849b
24.0,40.0,3969,test,2283.796728997148,1.0,1.0,"(1, 2)",650a2466738bb786a6c7849b
24.0,40.0,3970,test,2283.796728997148,1.0,1.0,"(1, 2)",650a2466738bb786a6c7849b
24.0,40.0,3971,test,2283.796728997148,1.0,1.0,"(1, 2)",650a2466738bb786a6c7849b
24.0,40.0,3972,test,2283.796728997148,1.0,1.0,"(1, 2)",650a2466738bb786a6c7849b
24.0,40.0,3973,test,2283.796728997148,1.0,1.0,"(1, 2)",650a2466738bb786a6c7849b
24.0,40.0,3974,test,2283.796728997148,1.0,1.0,"(1, 2)",650a2466738bb786a6c7849b
24.0,40.0,3975,test,2283.796728997148,1.0,1.0,"(1, 2)",650a2466738bb786a6c7849b
24.0,40.0,3976,test,2283.796728997148,1.0,1.0,"(1, 2)",650a2466738bb786a6c7849b
24.0,40.0,3977,test,2283.796728997148,1.0,1.0,"(1, 2)",650a2466738bb786a6c7849b
24.0,40.0,3978,test,2283.796728997148,1.0,1.0,"(1, 2)",650a2466738bb786a6c7849b
24.0,40.0,3979,test,2283.796728997148,1.0,1.0,"(1, 2)",650a2466738bb786a6c7849b
24.0,40.0,3980,test,2283.796728997148,1.0,1.0,"(1, 2)",650a2466738bb786a6c7849b
24.0,40.0,3981,test,2283.796728997148,1.0,1.0,"(1, 2)",650a2466738bb786a6c7849b
24.0,40.0,3982,test,2283.796728997148,1.0,1.0,"(1, 2)",650a2466738bb786a6c7849b
24.0,40.0,3983,test,2283.796728997148,1.0,1.0,"(1, 2)",650a2466738bb786a6c7849b
24.0,40.0,3984,test,2283.796728997148,1.0,1.0,"(1, 2)",650a2466738bb786a6c7849b
24.0,40.0,3985,test,2283.796728997148,1.0,1.0,"(1, 2)",650a2466738bb786a6c7849b
24.0,40.0,3986,test,2283.796728997148,1.0,1.0,"(1, 2)",650a2466738bb786a6c7849b
24.0,40.0,3987,test,2283.796728997148,1.0,1.0,"(1, 2)",650a2466738bb786a6c7849b
24.0,40.0,3988,test,2283.796728997148,1.0,1.0,"(1, 2)",650a2466738bb786a6c7849b
24.0,40.0,3989,test,2283.796728997148,1.0,1.0,"(1, 2)",650a2466738bb786a6c7849b
24.0,40.0,3990,test,2283.796728997148,1.0,1.0,"(1, 2)",650a2466738bb786a6c7849b
24.0,40.0,3991,test,2283.796728997148,1.0,1.0,"(1, 2)",650a2466738bb786a6c7849b
24.0,40.0,3992,test,2283.796728997148,1.0,1.0,"(1, 2)",650a2466738bb786a6c7849b
24.0,40.0,3993,test,2283.796728997148,1.0,1.0,"(1, 2)",650a2466738bb786a6c7849b
24.0,40.0,3994,test,2283.796728997148,1.0,1.0,"(1, 2)",650a2466738bb786a6c7849b
24.0,38.749999999999716,3995,test,2285.0467289971484,1.0,1.0,"(1, 2)",650a2466738bb786a6c7849b
24.0,37.49999999999943,3996,test,2286.296728997149,1.0,1.0,"(1, 2)",650a2466738bb786a6c7849b
24.0,36.24999999999915,3997,test,2287.5467289971493,1.0,1.0,"(1, 2)",650a2466738bb786a6c7849b
24.0,34.99999999999886,3998,test,2288.79672899715,1.0,1.0,"(1, 2)",650a2466738bb786a6c7849b
24.0,33.74999999999858,3999,test,2290.0467289971502,1.0,1.0,"(1, 2)",650a2466738bb786a6c7849b
24.0,32.499999999998295,4000,test,2291.2967289971507,1.0,1.0,"(1, 2)",650a2466738bb786a6c7849b
24.0,31.249999999998227,4001,test,2292.5467289971507,1.0,1.0,"(1, 2)",650a2466738bb786a6c7849b
24.0,29.9999999999983,4002,test,2293.7967289971507,1.0,1.0,"(1, 2)",650a2466738bb786a6c7849b
24.0,28.74999999999837,4003,test,2295.0467289971507,1.0,1.0,"(1, 2)",650a2466738bb786a6c7849b
24.0,27.49999999999844,4004,test,2296.2967289971507,1.0,1.0,"(1, 2)",650a2466738bb786a6c7849b
24.0,26.24999999999851,4005,test,2297.5467289971507,1.0,1.0,"(1, 2)",650a2466738bb786a6c7849b
24.0,24.999999999998582,4006,test,2298.7967289971507,1.0,1.0,"(1, 2)",650a2466738bb786a6c7849b
24.0,24.0,4007,test,2299.7967289971493,1.0,1.0,"(1, 2)",650a2466738bb786a6c7849b
24.0,24.0,4008,test,2299.7967289971493,1.0,1.0,"(1, 2)",650a2466738bb786a6c7849b
24.0,24.0,4009,test,2299.7967289971493,1.0,1.0,"(1, 2)",650a2466738bb786a6c7849b
24.0,24.0,4010,test,2299.7967289971493,1.0,1.0,"(1, 2)",650a2466738bb786a6c7849b
24.0,24.0,4011,test,2299.7967289971493,1.0,1.0,"(1, 2)",650a2466738bb786a6c7849b
24.0,24.0,4012,test,2299.7967289971493,1.0,1.0,"(1, 2)",650a2466738bb786a6c7849b
24.0,24.0,4013,test,2299.7967289971493,1.0,1.0,"(1, 2)",650a2466738bb786a6c7849b
24.0,24.0,4014,test,2299.7967289971493,1.0,1.0,"(1, 2)",650a2466738bb786a6c7849b
24.0,24.0,4015,test,2299.7967289971493,1.0,1.0,"(1, 2)",650a2466738bb786a6c7849b
24.0,24.0,4016,test,2299.7967289971493,1.0,1.0,"(1, 2)",650a2466738bb786a6c7849b
24.0,24.0,4017,test,2299.7967289971493,1.0,1.0,"(1, 2)",650a2466738bb786a6c7849b
24.0,24.0,4018,test,2299.7967289971493,1.0,1.0,"(1, 2)",650a2466738bb786a6c7849b
24.0,24.0,4019,test,2299.7967289971493,1.0,1.0,"(1, 2)",650a2466738bb786a6c7849b
24.0,24.0,4020,test,2299.7967289971493,1.0,1.0,"(1, 2)",650a2466738bb786a6c7849b
24.0,24.0,4021,test,2299.7967289971493,1.0,1.0,"(1, 2)",650a2466738bb786a6c7849b
24.0,24.0,4022,test,2299.7967289971493,1.0,1.0,"(1, 2)",650a2466738bb786a6c7849b
24.0,24.0,4023,test,2299.7967289971493,1.0,1.0,"(1, 2)",650a2466738bb786a6c7849b
24.0,24.0,4024,test,2299.7967289971493,1.0,1.0,"(1, 2)",650a2466738bb786a6c7849b
24.0,24.0,4025,test,2299.7967289971493,1.0,1.0,"(1, 2)",650a2466738bb786a6c7849b
24.0,24.0,4026,test,2299.7967289971493,1.0,1.0,"(1, 2)",650a2466738bb786a6c7849b
24.0,24.0,4027,test,2299.7967289971493,1.0,1.0,"(1, 2)",650a2466738bb786a6c7849b
24.0,24.0,4028,test,2299.7967289971493,1.0,1.0,"(1, 2)",650a2466738bb786a6c7849b
24.0,24.0,4029,test,2299.7967289971493,1.0,1.0,"(1, 2)",650a2466738bb786a6c7849b
24.0,25.24999999999993,4030,test,2301.0467289971493,1.0,1.0,"(1, 2)",650a2466738bb786a6c7849b
24.0,26.499999999999858,4031,test,2302.2967289971493,1.0,1.0,"(1, 2)",650a2466738bb786a6c7849b
24.0,27.749999999999787,4032,test,2303.5467289971493,1.0,1.0,"(1, 2)",650a2466738bb786a6c7849b
24.0,28.999999999999716,4033,test,2304.7967289971493,1.0,1.0,"(1, 2)",650a2466738bb786a6c7849b
24.0,30.249999999999645,4034,test,2306.0467289971493,1.0,1.0,"(1, 2)",650a2466738bb786a6c7849b
24.0,31.499999999999574,4035,test,2307.2967289971493,1.0,1.0,"(1, 2)",650a2466738bb786a6c7849b
24.0,32.749999999999716,4036,test,2308.5467289971493,1.0,1.0,"(1, 2)",650a2466738bb786a6c7849b
24.0,34.0,4037,test,2309.79672899715,1.0,1.0,"(1, 2)",650a2466738bb786a6c7849b
24.0,35.250000000000284,4038,test,2311.0467289971502,1.0,1.0,"(1, 2)",650a2466738bb786a6c7849b
24.0,36.50000000000057,4039,test,2312.2967289971507,1.0,1.0,"(1, 2)",650a2466738bb786a6c7849b
24.0,37.75000000000085,4040,test,2313.546728997151,1.0,1.0,"(1, 2)",650a2466738bb786a6c7849b
24.0,39.00000000000114,4041,test,2314.7967289971516,1.0,1.0,"(1, 2)",650a2466738bb786a6c7849b
24.0,40.25000000000142,4042,test,2316.046728997152,1.0,1.0,"(1, 2)",650a2466738bb786a6c7849b
24.0,41.500000000001705,4043,test,2317.2967289971525,1.0,1.0,"(1, 2)",650a2466738bb786a6c7849b
24.0,42.75000000000199,4044,test,2318.546728997153,1.0,1.0,"(1, 2)",650a2466738bb786a6c7849b
24.0,44.000000000002274,4045,test,2319.7967289971534,1.0,1.0,"(1, 2)",650a2466738bb786a6c7849b
24.0,45.25000000000256,4046,test,2321.046728997154,1.0,1.0,"(1, 2)",650a2466738bb786a6c7849b
24.0,46.50000000000284,4047,test,2322.2967289971543,1.0,1.0,"(1, 2)",650a2466738bb786a6c7849b
24.0,47.750000000003126,4048,test,2323.546728997155,1.0,1.0,"(1, 2)",650a2466738bb786a6c7849b
24.0,49.00000000000341,4049,test,2324.7967289971552,1.0,1.0,"(1, 2)",650a2466738bb786a6c7849b
24.0,50.250000000003695,4050,test,2326.0467289971557,1.0,1.0,"(1, 2)",650a2466738bb786a6c7849b
24.0,51.50000000000398,4051,test,2327.296728997156,1.0,1.0,"(1, 2)",650a2466738bb786a6c7849b
24.0,52.75000000000426,4052,test,2328.5467289971566,1.0,1.0,"(1, 2)",650a2466738bb786a6c7849b
24.0,54.00000000000455,4053,test,2329.796728997157,1.0,1.0,"(1, 2)",650a2466738bb786a6c7849b
24.0,55.25000000000483,4054,test,2331.0467289971575,1.0,1.0,"(1, 2)",650a2466738bb786a6c7849b
24.0,56.0,4055,test,2331.7967289971525,1.0,1.0,"(1, 2)",650a2466738bb786a6c7849b
24.0,56.0,4056,test,2331.7967289971525,1.0,1.0,"(1, 2)",650a2466738bb786a6c7849b
24.0,56.0,4057,test,2331.7967289971525,1.0,1.0,"(1, 2)",650a2466738bb786a6c7849b
24.0,56.0,4058,test,2331.7967289971525,1.0,1.0,"(1, 2)",650a2466738bb786a6c7849b
24.0,56.0,4059,test,2331.7967289971525,1.0,1.0,"(1, 2)",650a2466738bb786a6c7849b
24.0,56.0,4060,test,2331.7967289971525,1.0,1.0,"(1, 2)",650a2466738bb786a6c7849b
24.0,56.0,4061,test,2331.7967289971525,1.0,1.0,"(1, 2)",650a2466738bb786a6c7849b
24.0,56.0,4062,test,2331.7967289971525,1.0,1.0,"(1, 2)",650a2466738bb786a6c7849b
24.0,56.0,4063,test,2331.7967289971525,1.0,1.0,"(1, 2)",650a2466738bb786a6c7849b
24.0,56.0,4064,test,2331.7967289971525,1.0,1.0,"(1, 2)",650a2466738bb786a6c7849b
24.0,56.0,4065,test,2331.7967289971525,1.0,1.0,"(1, 2)",650a2466738bb786a6c7849b
24.0,56.0,4066,test,2331.7967289971525,1.0,1.0,"(1, 2)",650a2466738bb786a6c7849b
24.0,56.0,4067,test,2331.7967289971525,1.0,1.0,"(1, 2)",650a2466738bb786a6c7849b
24.0,56.0,4068,test,2331.7967289971525,1.0,1.0,"(1, 2)",650a2466738bb786a6c7849b
24.0,56.0,4069,test,2331.7967289971525,1.0,1.0,"(1, 2)",650a2466738bb786a6c7849b
24.0,56.0,4070,test,2331.7967289971525,1.0,1.0,"(1, 2)",650a2466738bb786a6c7849b
24.0,56.0,4071,test,2331.7967289971525,1.0,1.0,"(1, 2)",650a2466738bb786a6c7849b
24.0,56.0,4072,test,2331.7967289971525,1.0,1.0,"(1, 2)",650a2466738bb786a6c7849b
24.0,56.0,4073,test,2331.7967289971525,1.0,1.0,"(1, 2)",650a2466738bb786a6c7849b
24.0,56.0,4074,test,2331.7967289971525,1.0,1.0,"(1, 2)",650a2466738bb786a6c7849b
24.0,56.0,4075,test,2331.7967289971525,1.0,1.0,"(1, 2)",650a2466738bb786a6c7849b
24.0,56.0,4076,test,2331.7967289971525,1.0,1.0,"(1, 2)",650a2466738bb786a6c7849b
24.0,54.749999999999716,4077,test,2333.046728997153,1.0,1.0,"(1, 2)",650a2466738bb786a6c7849b
24.0,53.49999999999943,4078,test,2334.2967289971534,1.0,1.0,"(1, 2)",650a2466738bb786a6c7849b
24.0,52.24999999999915,4079,test,2335.546728997154,1.0,1.0,"(1, 2)",650a2466738bb786a6c7849b
24.0,50.99999999999886,4080,test,2336.7967289971543,1.0,1.0,"(1, 2)",650a2466738bb786a6c7849b
24.0,49.74999999999858,4081,test,2338.046728997155,1.0,1.0,"(1, 2)",650a2466738bb786a6c7849b
24.0,48.499999999998295,4082,test,2339.2967289971552,1.0,1.0,"(1, 2)",650a2466738bb786a6c7849b
24.0,47.24999999999801,4083,test,2340.5467289971557,1.0,1.0,"(1, 2)",650a2466738bb786a6c7849b
24.0,45.999999999997726,4084,test,2341.796728997156,1.0,1.0,"(1, 2)",650a2466738bb786a6c7849b
24.0,44.74999999999744,4085,test,2343.0467289971566,1.0,1.0,"(1, 2)",650a2466738bb786a6c7849b
24.0,43.49999999999716,4086,test,2344.296728997157,1.0,1.0,"(1, 2)",650a2466738bb786a6c7849b
24.0,42.249999999996874,4087,test,2345.5467289971575,1.0,1.0,"(1, 2)",650a2466738bb786a6c7849b
24.0,40.99999999999659,4088,test,2346.796728997158,1.0,1.0,"(1, 2)",650a2466738bb786a6c7849b
24.0,39.749999999996305,4089,test,2348.0467289971584,1.0,1.0,"(1, 2)",650a2466738bb786a6c7849b
24.0,38.49999999999602,4090,test,2349.296728997159,1.0,1.0,"(1, 2)",650a2466738bb786a6c7849b
24.0,37.24999999999574,4091,test,2350.5467289971593,1.0,1.0,"(1, 2)",650a2466738bb786a6c7849b
24.0,35.99999999999545,4092,test,2351.79672899716,1.0,1.0,"(1, 2)",650a2466738bb786a6c7849b
24.0,34.74999999999517,4093,test,2353.0467289971602,1.0,1.0,"(1, 2)",650a2466738bb786a6c7849b
24.0,33.499999999994884,4094,test,2354.2967289971607,1.0,1.0,"(1, 2)",650a2466738bb786a6c7849b
24.0,32.2499999999946,4095,test,2355.546728997161,1.0,1.0,"(1, 2)",650a2466738bb786a6c7849b
24.0,30.999999999994603,4096,test,2356.796728997161,1.0,1.0,"(1, 2)",650a2466738bb786a6c7849b
24.0,29.749999999994674,4097,test,2358.046728997161,1.0,1.0,"(1, 2)",650a2466738bb786a6c7849b
24.0,28.499999999994746,4098,test,2359.296728997161,1.0,1.0,"(1, 2)",650a2466738bb786a6c7849b
24.0,27.249999999994817,4099,test,2360.546728997161,1.0,1.0,"(1, 2)",650a2466738bb786a6c7849b
24.0,25.999999999994888,4100,test,2361.796728997161,1.0,1.0,"(1, 2)",650a2466738bb786a6c7849b
24.0,24.74999999999496,4101,test,2363.046728997161,1.0,1.0,"(1, 2)",650a2466738bb786a6c7849b
24.0,24.0,4102,test,2363.796728997156,1.0,1.0,"(1, 2)",650a2466738bb786a6c7849b
24.0,24.0,4103,test,2363.796728997156,1.0,1.0,"(1, 2)",650a2466738bb786a6c7849b
24.0,24.0,4104,test,2363.796728997156,1.0,1.0,"(1, 2)",650a2466738bb786a6c7849b
24.0,24.0,4105,test,2363.796728997156,1.0,1.0,"(1, 2)",650a2466738bb786a6c7849b
24.0,24.0,4106,test,2363.796728997156,1.0,1.0,"(1, 2)",650a2466738bb786a6c7849b
24.0,24.0,4107,test,2363.796728997156,1.0,1.0,"(1, 2)",650a2466738bb786a6c7849b
24.0,24.0,4108,test,2363.796728997156,1.0,1.0,"(1, 2)",650a2466738bb786a6c7849b
24.0,24.0,4109,test,2363.796728997156,1.0,1.0,"(1, 2)",650a2466738bb786a6c7849b
24.0,24.0,4110,test,2363.796728997156,1.0,1.0,"(1, 2)",650a2466738bb786a6c7849b
24.0,24.0,4111,test,2363.796728997156,1.0,1.0,"(1, 2)",650a2466738bb786a6c7849b
24.0,24.0,4112,test,2363.796728997156,1.0,1.0,"(1, 2)",650a2466738bb786a6c7849b
24.0,24.0,4113,test,2363.796728997156,1.0,1.0,"(1, 2)",650a2466738bb786a6c7849b
24.0,24.0,4114,test,2363.796728997156,1.0,1.0,"(1, 2)",650a2466738bb786a6c7849b
24.0,24.0,4115,test,2363.796728997156,1.0,1.0,"(1, 2)",650a2466738bb786a6c7849b
24.0,24.0,4116,test,2363.796728997156,1.0,1.0,"(1, 2)",650a2466738bb786a6c7849b
24.0,24.0,4117,test,2363.796728997156,1.0,1.0,"(1, 2)",650a2466738bb786a6c7849b
24.0,24.0,4118,test,2363.796728997156,1.0,1.0,"(1, 2)",650a2466738bb786a6c7849b
24.0,25.24999999999993,4119,test,2365.046728997156,1.0,1.0,"(1, 2)",650a2466738bb786a6c7849b
24.0,26.499999999999858,4120,test,2366.296728997156,1.0,1.0,"(1, 2)",650a2466738bb786a6c7849b
24.0,27.749999999999787,4121,test,2367.546728997156,1.0,1.0,"(1, 2)",650a2466738bb786a6c7849b
24.0,28.999999999999716,4122,test,2368.796728997156,1.0,1.0,"(1, 2)",650a2466738bb786a6c7849b
24.0,30.249999999999645,4123,test,2370.046728997156,1.0,1.0,"(1, 2)",650a2466738bb786a6c7849b
24.0,31.499999999999574,4124,test,2371.296728997156,1.0,1.0,"(1, 2)",650a2466738bb786a6c7849b
24.0,32.749999999999716,4125,test,2372.546728997156,1.0,1.0,"(1, 2)",650a2466738bb786a6c7849b
24.0,34.0,4126,test,2373.7967289971566,1.0,1.0,"(1, 2)",650a2466738bb786a6c7849b
24.0,35.250000000000284,4127,test,2375.046728997157,1.0,1.0,"(1, 2)",650a2466738bb786a6c7849b
24.0,36.50000000000057,4128,test,2376.2967289971575,1.0,1.0,"(1, 2)",650a2466738bb786a6c7849b
24.0,37.75000000000085,4129,test,2377.546728997158,1.0,1.0,"(1, 2)",650a2466738bb786a6c7849b
24.0,39.00000000000114,4130,test,2378.7967289971584,1.0,1.0,"(1, 2)",650a2466738bb786a6c7849b
24.0,40.25000000000142,4131,test,2380.046728997159,1.0,1.0,"(1, 2)",650a2466738bb786a6c7849b
24.0,41.500000000001705,4132,test,2381.2967289971593,1.0,1.0,"(1, 2)",650a2466738bb786a6c7849b
24.0,42.75000000000199,4133,test,2382.54672899716,1.0,1.0,"(1, 2)",650a2466738bb786a6c7849b
24.0,44.000000000002274,4134,test,2383.7967289971602,1.0,1.0,"(1, 2)",650a2466738bb786a6c7849b
24.0,45.25000000000256,4135,test,2385.0467289971607,1.0,1.0,"(1, 2)",650a2466738bb786a6c7849b
24.0,46.50000000000284,4136,test,2386.296728997161,1.0,1.0,"(1, 2)",650a2466738bb786a6c7849b
24.0,47.750000000003126,4137,test,2387.5467289971616,1.0,1.0,"(1, 2)",650a2466738bb786a6c7849b
24.0,49.00000000000341,4138,test,2388.796728997162,1.0,1.0,"(1, 2)",650a2466738bb786a6c7849b
24.0,50.250000000003695,4139,test,2390.0467289971625,1.0,1.0,"(1, 2)",650a2466738bb786a6c7849b
24.0,51.50000000000398,4140,test,2391.296728997163,1.0,1.0,"(1, 2)",650a2466738bb786a6c7849b
24.0,52.75000000000426,4141,test,2392.5467289971634,1.0,1.0,"(1, 2)",650a2466738bb786a6c7849b
24.0,54.00000000000455,4142,test,2393.796728997164,1.0,1.0,"(1, 2)",650a2466738bb786a6c7849b
24.0,55.25000000000483,4143,test,2395.0467289971643,1.0,1.0,"(1, 2)",650a2466738bb786a6c7849b
24.0,56.500000000005116,4144,test,2396.296728997165,1.0,1.0,"(1, 2)",650a2466738bb786a6c7849b
24.0,57.7500000000054,4145,test,2397.5467289971652,1.0,1.0,"(1, 2)",650a2466738bb786a6c7849b
24.0,59.000000000005684,4146,test,2398.7967289971657,1.0,1.0,"(1, 2)",650a2466738bb786a6c7849b
24.0,60.25000000000597,4147,test,2400.046728997166,1.0,1.0,"(1, 2)",650a2466738bb786a6c7849b
24.0,61.50000000000625,4148,test,2401.2967289971666,1.0,1.0,"(1, 2)",650a2466738bb786a6c7849b
24.0,62.75000000000654,4149,test,2402.546728997167,1.0,1.0,"(1, 2)",650a2466738bb786a6c7849b
24.0,64.00000000000682,4150,test,2403.7967289971675,1.0,1.0,"(1, 2)",650a2466738bb786a6c7849b
24.0,65.2500000000071,4151,test,2405.046728997168,1.0,1.0,"(1, 2)",650a2466738bb786a6c7849b
24.0,66.50000000000739,4152,test,2406.2967289971684,1.0,1.0,"(1, 2)",650a2466738bb786a6c7849b
24.0,67.75000000000767,4153,test,2407.546728997169,1.0,1.0,"(1, 2)",650a2466738bb786a6c7849b
24.0,69.00000000000796,4154,test,2408.7967289971693,1.0,1.0,"(1, 2)",650a2466738bb786a6c7849b
24.0,70.25000000000824,4155,test,2410.04672899717,1.0,1.0,"(1, 2)",650a2466738bb786a6c7849b
24.0,71.50000000000853,4156,test,2411.2967289971702,1.0,1.0,"(1, 2)",650a2466738bb786a6c7849b
24.0,72.0,4157,test,2411.7967289971616,1.0,1.0,"(1, 2)",650a2466738bb786a6c7849b
24.0,72.0,4158,test,2411.7967289971616,1.0,1.0,"(1, 2)",650a2466738bb786a6c7849b
24.0,72.0,4159,test,2411.7967289971616,1.0,1.0,"(1, 2)",650a2466738bb786a6c7849b
24.0,72.0,4160,test,2411.7967289971616,1.0,1.0,"(1, 2)",650a2466738bb786a6c7849b
24.0,72.0,4161,test,2411.7967289971616,1.0,1.0,"(1, 2)",650a2466738bb786a6c7849b
24.0,72.0,4162,test,2411.7967289971616,1.0,1.0,"(1, 2)",650a2466738bb786a6c7849b
24.0,72.0,4163,test,2411.7967289971616,1.0,1.0,"(1, 2)",650a2466738bb786a6c7849b
24.0,72.0,4164,test,2411.7967289971616,1.0,1.0,"(1, 2)",650a2466738bb786a6c7849b
24.0,72.0,4165,test,2411.7967289971616,1.0,1.0,"(1, 2)",650a2466738bb786a6c7849b
24.0,72.0,4166,test,2411.7967289971616,1.0,1.0,"(1, 2)",650a2466738bb786a6c7849b
24.0,72.0,4167,test,2411.7967289971616,1.0,1.0,"(1, 2)",650a2466738bb786a6c7849b
24.0,72.0,4168,test,2411.7967289971616,1.0,1.0,"(1, 2)",650a2466738bb786a6c7849b
24.0,72.0,4169,test,2411.7967289971616,1.0,1.0,"(1, 2)",650a2466738bb786a6c7849b
24.0,72.0,4170,test,2411.7967289971616,1.0,1.0,"(1, 2)",650a2466738bb786a6c7849b
24.0,72.0,4171,test,2411.7967289971616,1.0,1.0,"(1, 2)",650a2466738bb786a6c7849b
24.0,72.0,4172,test,2411.7967289971616,1.0,1.0,"(1, 2)",650a2466738bb786a6c7849b
24.0,72.0,4173,test,2411.7967289971616,1.0,1.0,"(1, 2)",650a2466738bb786a6c7849b
24.0,70.74999999999972,4174,test,2413.046728997162,1.0,1.0,"(1, 2)",650a2466738bb786a6c7849b
24.0,69.49999999999943,4175,test,2414.2967289971625,1.0,1.0,"(1, 2)",650a2466738bb786a6c7849b
24.0,68.24999999999915,4176,test,2415.546728997163,1.0,1.0,"(1, 2)",650a2466738bb786a6c7849b
24.0,66.99999999999886,4177,test,2416.7967289971634,1.0,1.0,"(1, 2)",650a2466738bb786a6c7849b
24.0,65.74999999999858,4178,test,2418.046728997164,1.0,1.0,"(1, 2)",650a2466738bb786a6c7849b
24.0,64.4999999999983,4179,test,2419.2967289971643,1.0,1.0,"(1, 2)",650a2466738bb786a6c7849b
24.0,63.24999999999801,4180,test,2420.546728997165,1.0,1.0,"(1, 2)",650a2466738bb786a6c7849b
24.0,61.999999999997726,4181,test,2421.7967289971652,1.0,1.0,"(1, 2)",650a2466738bb786a6c7849b
24.0,60.74999999999744,4182,test,2423.0467289971657,1.0,1.0,"(1, 2)",650a2466738bb786a6c7849b
24.0,59.49999999999716,4183,test,2424.296728997166,1.0,1.0,"(1, 2)",650a2466738bb786a6c7849b
24.0,58.249999999996874,4184,test,2425.5467289971666,1.0,1.0,"(1, 2)",650a2466738bb786a6c7849b
24.0,56.99999999999659,4185,test,2426.796728997167,1.0,1.0,"(1, 2)",650a2466738bb786a6c7849b
24.0,55.749999999996305,4186,test,2428.0467289971675,1.0,1.0,"(1, 2)",650a2466738bb786a6c7849b
24.0,54.49999999999602,4187,test,2429.296728997168,1.0,1.0,"(1, 2)",650a2466738bb786a6c7849b
24.0,53.24999999999574,4188,test,2430.5467289971684,1.0,1.0,"(1, 2)",650a2466738bb786a6c7849b
24.0,51.99999999999545,4189,test,2431.796728997169,1.0,1.0,"(1, 2)",650a2466738bb786a6c7849b
24.0,50.74999999999517,4190,test,2433.0467289971693,1.0,1.0,"(1, 2)",650a2466738bb786a6c7849b
24.0,49.499999999994884,4191,test,2434.29672899717,1.0,1.0,"(1, 2)",650a2466738bb786a6c7849b
24.0,48.2499999999946,4192,test,2435.5467289971702,1.0,1.0,"(1, 2)",650a2466738bb786a6c7849b
24.0,46.999999999994316,4193,test,2436.7967289971707,1.0,1.0,"(1, 2)",650a2466738bb786a6c7849b
24.0,45.74999999999403,4194,test,2438.046728997171,1.0,1.0,"(1, 2)",650a2466738bb786a6c7849b
24.0,44.49999999999375,4195,test,2439.2967289971716,1.0,1.0,"(1, 2)",650a2466738bb786a6c7849b
24.0,43.24999999999346,4196,test,2440.546728997172,1.0,1.0,"(1, 2)",650a2466738bb786a6c7849b
24.0,41.99999999999318,4197,test,2441.7967289971725,1.0,1.0,"(1, 2)",650a2466738bb786a6c7849b
24.0,40.749999999992895,4198,test,2443.046728997173,1.0,1.0,"(1, 2)",650a2466738bb786a6c7849b
24.0,40.0,4199,test,2443.7967289971657,1.0,1.0,"(1, 2)",650a2466738bb786a6c7849b
24.0,40.0,4200,test,2443.7967289971657,1.0,1.0,"(1, 2)",650a2466738bb786a6c7849b
24.0,40.0,4201,test,2443.7967289971657,1.0,1.0,"(1, 2)",650a2466738bb786a6c7849b
24.0,40.0,4202,test,2443.7967289971657,1.0,1.0,"(1, 2)",650a2466738bb786a6c7849b
24.0,40.0,4203,test,2443.7967289971657,1.0,1.0,"(1, 2)",650a2466738bb786a6c7849b
24.0,40.0,4204,test,2443.7967289971657,1.0,1.0,"(1, 2)",650a2466738bb786a6c7849b
24.0,40.0,4205,test,2443.7967289971657,1.0,1.0,"(1, 2)",650a2466738bb786a6c7849b
24.0,40.0,4206,test,2443.7967289971657,1.0,1.0,"(1, 2)",650a2466738bb786a6c7849b
24.0,40.0,4207,test,2443.7967289971657,1.0,1.0,"(1, 2)",650a2466738bb786a6c7849b
24.0,40.0,4208,test,2443.7967289971657,1.0,1.0,"(1, 2)",650a2466738bb786a6c7849b
24.0,40.0,4209,test,2443.7967289971657,1.0,1.0,"(1, 2)",650a2466738bb786a6c7849b
24.0,40.0,4210,test,2443.7967289971657,1.0,1.0,"(1, 2)",650a2466738bb786a6c7849b
24.0,40.0,4211,test,2443.7967289971657,1.0,1.0,"(1, 2)",650a2466738bb786a6c7849b
24.0,40.0,4212,test,2443.7967289971657,1.0,1.0,"(1, 2)",650a2466738bb786a6c7849b
24.0,40.0,4213,test,2443.7967289971657,1.0,1.0,"(1, 2)",650a2466738bb786a6c7849b
24.0,40.0,4214,test,2443.7967289971657,1.0,1.0,"(1, 2)",650a2466738bb786a6c7849b
24.0,40.0,4215,test,2443.7967289971657,1.0,1.0,"(1, 2)",650a2466738bb786a6c7849b
24.0,40.0,4216,test,2443.7967289971657,1.0,1.0,"(1, 2)",650a2466738bb786a6c7849b
24.0,40.0,4217,test,2443.7967289971657,1.0,1.0,"(1, 2)",650a2466738bb786a6c7849b
24.0,40.0,4218,test,2443.7967289971657,1.0,1.0,"(1, 2)",650a2466738bb786a6c7849b
24.0,40.0,4219,test,2443.7967289971657,1.0,1.0,"(1, 2)",650a2466738bb786a6c7849b
24.0,40.0,4220,test,2443.7967289971657,1.0,1.0,"(1, 2)",650a2466738bb786a6c7849b
24.0,40.0,4221,test,2443.7967289971657,1.0,1.0,"(1, 2)",650a2466738bb786a6c7849b
24.0,40.0,4222,test,2443.7967289971657,1.0,1.0,"(1, 2)",650a2466738bb786a6c7849b
24.0,40.0,4223,test,2443.7967289971657,1.0,1.0,"(1, 2)",650a2466738bb786a6c7849b
24.0,40.0,4224,test,2443.7967289971657,1.0,1.0,"(1, 2)",650a2466738bb786a6c7849b
24.0,40.0,4225,test,2443.7967289971657,1.0,1.0,"(1, 2)",650a2466738bb786a6c7849b
24.0,40.0,4226,test,2443.7967289971657,1.0,1.0,"(1, 2)",650a2466738bb786a6c7849b
24.0,40.0,4227,test,2443.7967289971657,1.0,1.0,"(1, 2)",650a2466738bb786a6c7849b
24.0,40.0,4228,test,2443.7967289971657,1.0,1.0,"(1, 2)",650a2466738bb786a6c7849b
24.0,40.0,4229,test,2443.7967289971657,1.0,1.0,"(1, 2)",650a2466738bb786a6c7849b
24.0,40.0,4230,test,2443.7967289971657,1.0,1.0,"(1, 2)",650a2466738bb786a6c7849b
24.0,40.0,4231,test,2443.7967289971657,1.0,1.0,"(1, 2)",650a2466738bb786a6c7849b
24.0,40.0,4232,test,2443.7967289971657,1.0,1.0,"(1, 2)",650a2466738bb786a6c7849b
24.0,40.0,4233,test,2443.7967289971657,1.0,1.0,"(1, 2)",650a2466738bb786a6c7849b
24.0,40.0,4234,test,2443.7967289971657,1.0,1.0,"(1, 2)",650a2466738bb786a6c7849b
24.0,40.0,4235,test,2443.7967289971657,1.0,1.0,"(1, 2)",650a2466738bb786a6c7849b
24.0,40.0,4236,test,2443.7967289971657,1.0,1.0,"(1, 2)",650a2466738bb786a6c7849b
24.0,40.0,4237,test,2443.7967289971657,1.0,1.0,"(1, 2)",650a2466738bb786a6c7849b
24.0,40.0,4238,test,2443.7967289971657,1.0,1.0,"(1, 2)",650a2466738bb786a6c7849b
24.0,40.0,4239,test,2443.7967289971657,1.0,1.0,"(1, 2)",650a2466738bb786a6c7849b
24.0,40.0,4240,test,2443.7967289971657,1.0,1.0,"(1, 2)",650a2466738bb786a6c7849b
24.0,40.0,4241,test,2443.7967289971657,1.0,1.0,"(1, 2)",650a2466738bb786a6c7849b
24.0,40.0,4242,test,2443.7967289971657,1.0,1.0,"(1, 2)",650a2466738bb786a6c7849b
24.0,40.0,4243,test,2443.7967289971657,1.0,1.0,"(1, 2)",650a2466738bb786a6c7849b
24.0,40.0,4244,test,2443.7967289971657,1.0,1.0,"(1, 2)",650a2466738bb786a6c7849b
24.88388347648305,39.11611652351695,4245,test,2445.0467289971657,1.0,1.0,"(1, 2)",650a2466738bb786a6c7849b
25.7677669529661,38.2322330470339,4246,test,2446.2967289971657,1.0,1.0,"(1, 2)",650a2466738bb786a6c7849b
26.65165042944915,37.34834957055085,4247,test,2447.5467289971657,1.0,1.0,"(1, 2)",650a2466738bb786a6c7849b
27.535533905932198,36.4644660940678,4248,test,2448.7967289971657,1.0,1.0,"(1, 2)",650a2466738bb786a6c7849b
28.419417382415247,35.58058261758475,4249,test,2450.0467289971657,1.0,1.0,"(1, 2)",650a2466738bb786a6c7849b
29.303300858898297,34.6966991411017,4250,test,2451.2967289971657,1.0,1.0,"(1, 2)",650a2466738bb786a6c7849b
30.187184335381346,33.812815664618654,4251,test,2452.5467289971657,1.0,1.0,"(1, 2)",650a2466738bb786a6c7849b
31.071067811864395,32.928932188135605,4252,test,2453.7967289971657,1.0,1.0,"(1, 2)",650a2466738bb786a6c7849b
31.954951288347445,32.045048711652555,4253,test,2455.0467289971657,1.0,1.0,"(1, 2)",650a2466738bb786a6c7849b
32.838834764830494,31.161165235169506,4254,test,2456.2967289971657,1.0,1.0,"(1, 2)",650a2466738bb786a6c7849b
33.722718241313544,30.277281758686456,4255,test,2457.5467289971657,1.0,1.0,"(1, 2)",650a2466738bb786a6c7849b
34.60660171779659,29.393398282203407,4256,test,2458.7967289971657,1.0,1.0,"(1, 2)",650a2466738bb786a6c7849b
35.49048519427964,28.509514805720357,4257,test,2460.0467289971657,1.0,1.0,"(1, 2)",650a2466738bb786a6c7849b
36.37436867076269,27.625631329237308,4258,test,2461.2967289971657,1.0,1.0,"(1, 2)",650a2466738bb786a6c7849b
37.25825214724574,26.74174785275426,4259,test,2462.5467289971657,1.0,1.0,"(1, 2)",650a2466738bb786a6c7849b
38.14213562372879,25.85786437627121,4260,test,2463.7967289971657,1.0,1.0,"(1, 2)",650a2466738bb786a6c7849b
39.02601910021184,24.97398089978816,4261,test,2465.0467289971657,1.0,1.0,"(1, 2)",650a2466738bb786a6c7849b
39.95382555869017,24.194346815316237,4262,test,2466.258609407959,1.0,1.0,"(1, 2)",650a2466738bb786a6c7849b
41.203733885133886,24.179208272259245,4263,test,2467.5086094079584,1.0,1.0,"(1, 2)",650a2466738bb786a6c7849b
42.4536422115776,24.164069729202254,4264,test,2468.758609407958,1.0,1.0,"(1, 2)",650a2466738bb786a6c7849b
43.70355053802132,24.148931186145262,4265,test,2470.0086094079575,1.0,1.0,"(1, 2)",650a2466738bb786a6c7849b
44.953458864465034,24.13379264308827,4266,test,2471.258609407957,1.0,1.0,"(1, 2)",650a2466738bb786a6c7849b
46.20336719090875,24.11865410003119,4267,test,2472.5086094079566,1.0,1.0,"(1, 2)",650a2466738bb786a6c7849b
47.453275517352466,24.103515556974024,4268,test,2473.758609407956,1.0,1.0,"(1, 2)",650a2466738bb786a6c7849b
48.70318384379618,24.08837701391686,4269,test,2475.0086094079556,1.0,1.0,"(1, 2)",650a2466738bb786a6c7849b
49.9530921702399,24.073238470859692,4270,test,2476.258609407955,1.0,1.0,"(1, 2)",650a2466738bb786a6c7849b
51.203000496683615,24.058099927802527,4271,test,2477.5086094079547,1.0,1.0,"(1, 2)",650a2466738bb786a6c7849b
52.45290882312733,24.04296138474536,4272,test,2478.7586094079543,1.0,1.0,"(1, 2)",650a2466738bb786a6c7849b
53.70281714957105,24.027822841688195,4273,test,2480.008609407954,1.0,1.0,"(1, 2)",650a2466738bb786a6c7849b
54.95272547601476,24.01268429863103,4274,test,2481.2586094079534,1.0,1.0,"(1, 2)",650a2466738bb786a6c7849b
56.20266313364169,24.00233106509779,4275,test,2482.5085899427613,1.0,1.0,"(1, 2)",650a2466738bb786a6c7849b
57.45266312003295,24.002146614302884,4276,test,2483.7585899427613,1.0,1.0,"(1, 2)",650a2466738bb786a6c7849b
58.70266310642421,24.00196216350798,4277,test,2485.0085899427613,1.0,1.0,"(1, 2)",650a2466738bb786a6c7849b
59.95266309281547,24.001777712713075,4278,test,2486.2585899427613,1.0,1.0,"(1, 2)",650a2466738bb786a6c7849b
61.20266307920673,24.00159326191817,4279,test,2487.5085899427613,1.0,1.0,"(1, 2)",650a2466738bb786a6c7849b
62.45266306559799,24.001408811123397,4280,test,2488.7585899427613,1.0,1.0,"(1, 2)",650a2466738bb786a6c7849b
63.70266305198925,24.00122436032867,4281,test,2490.0085899427613,1.0,1.0,"(1, 2)",650a2466738bb786a6c7849b
64.95266303837997,24.001039909533944,4282,test,2491.258589942761,1.0,1.0,"(1, 2)",650a2466738bb786a6c7849b
66.20266302477052,24.000855458739217,4283,test,2492.5085899427604,1.0,1.0,"(1, 2)",650a2466738bb786a6c7849b
67.45266301116106,24.00067100794449,4284,test,2493.75858994276,1.0,1.0,"(1, 2)",650a2466738bb786a6c7849b
68.70266299755161,24.000486557149763,4285,test,2495.0085899427595,1.0,1.0,"(1, 2)",650a2466738bb786a6c7849b
69.95266298394216,24.000302106355036,4286,test,2496.258589942759,1.0,1.0,"(1, 2)",650a2466738bb786a6c7849b
71.20266297033271,24.00011765556031,4287,test,2497.5085899427586,1.0,1.0,"(1, 2)",650a2466738bb786a6c7849b
72.45266296379884,24.00002795062462,4288,test,2498.7585899394435,1.0,1.0,"(1, 2)",650a2466738bb786a6c7849b
73.70266296379629,24.000025703404965,4289,test,2500.008589939443,1.0,1.0,"(1, 2)",650a2466738bb786a6c7849b
74.95266296379373,24.00002345618531,4290,test,2501.2585899394426,1.0,1.0,"(1, 2)",650a2466738bb786a6c7849b
76.20266296379117,24.000021208965656,4291,test,2502.508589939442,1.0,1.0,"(1, 2)",650a2466738bb786a6c7849b
77.45266296378861,24.000018961746,4292,test,2503.7585899394417,1.0,1.0,"(1, 2)",650a2466738bb786a6c7849b
78.70266296378605,24.000016714526346,4293,test,2505.008589939441,1.0,1.0,"(1, 2)",650a2466738bb786a6c7849b
79.9526629637835,24.00001446730669,4294,test,2506.2585899394408,1.0,1.0,"(1, 2)",650a2466738bb786a6c7849b
81.20266296378094,24.000012220087036,4295,test,2507.5085899394403,1.0,1.0,"(1, 2)",650a2466738bb786a6c7849b
82.45266296377838,24.00000997286738,4296,test,2508.75858993944,1.0,1.0,"(1, 2)",650a2466738bb786a6c7849b
83.70266296377582,24.000007725647727,4297,test,2510.0085899394394,1.0,1.0,"(1, 2)",650a2466738bb786a6c7849b
84.95266296377326,24.000005478428115,4298,test,2511.258589939439,1.0,1.0,"(1, 2)",650a2466738bb786a6c7849b
86.2026629637707,24.000003231208638,4299,test,2512.5085899394385,1.0,1.0,"(1, 2)",650a2466738bb786a6c7849b
87.45266296376815,24.00000098398916,4300,test,2513.758589939438,1.0,1.0,"(1, 2)",650a2466738bb786a6c7849b
88.0,24.0,4301,test,2514.305926975671,1.0,1.0,"(1, 2)",650a2466738bb786a6c7849b
88.0,24.0,4302,test,2514.305926975671,1.0,1.0,"(1, 2)",650a2466738bb786a6c7849b
88.0,24.0,4303,test,2514.305926975671,1.0,1.0,"(1, 2)",650a2466738bb786a6c7849b
88.0,24.0,4304,test,2514.305926975671,1.0,1.0,"(1, 2)",650a2466738bb786a6c7849b
88.0,24.0,4305,test,2514.305926975671,1.0,1.0,"(1, 2)",650a2466738bb786a6c7849b
88.0,24.0,4306,test,2514.305926975671,1.0,1.0,"(1, 2)",650a2466738bb786a6c7849b
88.0,24.0,4307,test,2514.305926975671,1.0,1.0,"(1, 2)",650a2466738bb786a6c7849b
88.0,24.0,4308,test,2514.305926975671,1.0,1.0,"(1, 2)",650a2466738bb786a6c7849b
88.0,24.0,4309,test,2514.305926975671,1.0,1.0,"(1, 2)",650a2466738bb786a6c7849b
88.0,24.0,4310,test,2514.305926975671,1.0,1.0,"(1, 2)",650a2466738bb786a6c7849b
88.0,24.0,4311,test,2514.305926975671,1.0,1.0,"(1, 2)",650a2466738bb786a6c7849b
88.0,24.0,4312,test,2514.305926975671,1.0,1.0,"(1, 2)",650a2466738bb786a6c7849b
88.0,24.0,4313,test,2514.305926975671,1.0,1.0,"(1, 2)",650a2466738bb786a6c7849b
88.0,24.0,4314,test,2514.305926975671,1.0,1.0,"(1, 2)",650a2466738bb786a6c7849b
88.0,24.0,4315,test,2514.305926975671,1.0,1.0,"(1, 2)",650a2466738bb786a6c7849b
88.0,24.0,4316,test,2514.305926975671,1.0,1.0,"(1, 2)",650a2466738bb786a6c7849b
88.0,24.0,4317,test,2514.305926975671,1.0,1.0,"(1, 2)",650a2466738bb786a6c7849b
88.0,24.0,4318,test,2514.305926975671,1.0,1.0,"(1, 2)",650a2466738bb786a6c7849b
88.0,24.0,4319,test,2514.305926975671,1.0,1.0,"(1, 2)",650a2466738bb786a6c7849b
86.74999999999972,24.0,4320,test,2515.5559269756714,1.0,1.0,"(1, 2)",650a2466738bb786a6c7849b
85.49999999999943,24.0,4321,test,2516.805926975672,1.0,1.0,"(1, 2)",650a2466738bb786a6c7849b
84.24999999999915,24.0,4322,test,2518.0559269756723,1.0,1.0,"(1, 2)",650a2466738bb786a6c7849b
82.99999999999886,24.0,4323,test,2519.3059269756727,1.0,1.0,"(1, 2)",650a2466738bb786a6c7849b
81.74999999999858,24.0,4324,test,2520.555926975673,1.0,1.0,"(1, 2)",650a2466738bb786a6c7849b
80.4999999999983,24.0,4325,test,2521.8059269756736,1.0,1.0,"(1, 2)",650a2466738bb786a6c7849b
79.24999999999801,24.0,4326,test,2523.055926975674,1.0,1.0,"(1, 2)",650a2466738bb786a6c7849b
77.99999999999773,24.0,4327,test,2524.3059269756745,1.0,1.0,"(1, 2)",650a2466738bb786a6c7849b
76.74999999999744,24.0,4328,test,2525.555926975675,1.0,1.0,"(1, 2)",650a2466738bb786a6c7849b
75.49999999999716,24.0,4329,test,2526.8059269756754,1.0,1.0,"(1, 2)",650a2466738bb786a6c7849b
74.24999999999687,24.0,4330,test,2528.055926975676,1.0,1.0,"(1, 2)",650a2466738bb786a6c7849b
72.99999999999659,24.0,4331,test,2529.3059269756764,1.0,1.0,"(1, 2)",650a2466738bb786a6c7849b
71.7499999999963,24.0,4332,test,2530.555926975677,1.0,1.0,"(1, 2)",650a2466738bb786a6c7849b
70.49999999999602,24.0,4333,test,2531.8059269756773,1.0,1.0,"(1, 2)",650a2466738bb786a6c7849b
69.24999999999574,24.0,4334,test,2533.0559269756777,1.0,1.0,"(1, 2)",650a2466738bb786a6c7849b
67.99999999999545,24.0,4335,test,2534.305926975678,1.0,1.0,"(1, 2)",650a2466738bb786a6c7849b
66.74999999999517,24.0,4336,test,2535.5559269756786,1.0,1.0,"(1, 2)",650a2466738bb786a6c7849b
65.49999999999488,24.0,4337,test,2536.805926975679,1.0,1.0,"(1, 2)",650a2466738bb786a6c7849b
64.2499999999946,24.0,4338,test,2538.0559269756795,1.0,1.0,"(1, 2)",650a2466738bb786a6c7849b
62.999999999994316,24.0,4339,test,2539.30592697568,1.0,1.0,"(1, 2)",650a2466738bb786a6c7849b
61.74999999999403,24.0,4340,test,2540.5559269756804,1.0,1.0,"(1, 2)",650a2466738bb786a6c7849b
60.49999999999375,24.0,4341,test,2541.805926975681,1.0,1.0,"(1, 2)",650a2466738bb786a6c7849b
59.24999999999346,24.0,4342,test,2543.0559269756814,1.0,1.0,"(1, 2)",650a2466738bb786a6c7849b
57.99999999999318,24.0,4343,test,2544.305926975682,1.0,1.0,"(1, 2)",650a2466738bb786a6c7849b
56.749999999992895,24.0,4344,test,2545.5559269756823,1.0,1.0,"(1, 2)",650a2466738bb786a6c7849b
55.49999999999261,24.0,4345,test,2546.8059269756827,1.0,1.0,"(1, 2)",650a2466738bb786a6c7849b
54.249999999992326,24.0,4346,test,2548.055926975683,1.0,1.0,"(1, 2)",650a2466738bb786a6c7849b
52.99999999999204,24.0,4347,test,2549.3059269756836,1.0,1.0,"(1, 2)",650a2466738bb786a6c7849b
51.74999999999176,24.0,4348,test,2550.555926975684,1.0,1.0,"(1, 2)",650a2466738bb786a6c7849b
50.49999999999147,24.0,4349,test,2551.8059269756845,1.0,1.0,"(1, 2)",650a2466738bb786a6c7849b
49.24999999999119,24.0,4350,test,2553.055926975685,1.0,1.0,"(1, 2)",650a2466738bb786a6c7849b
47.999999999990905,24.0,4351,test,2554.3059269756855,1.0,1.0,"(1, 2)",650a2466738bb786a6c7849b
46.74999999999062,24.0,4352,test,2555.555926975686,1.0,1.0,"(1, 2)",650a2466738bb786a6c7849b
45.49999999999034,24.0,4353,test,2556.8059269756864,1.0,1.0,"(1, 2)",650a2466738bb786a6c7849b
44.24999999999005,24.0,4354,test,2558.055926975687,1.0,1.0,"(1, 2)",650a2466738bb786a6c7849b
42.99999999998977,24.0,4355,test,2559.3059269756873,1.0,1.0,"(1, 2)",650a2466738bb786a6c7849b
41.749999999989484,24.0,4356,test,2560.5559269756877,1.0,1.0,"(1, 2)",650a2466738bb786a6c7849b
40.4999999999892,24.0,4357,test,2561.805926975688,1.0,1.0,"(1, 2)",650a2466738bb786a6c7849b
39.249999999988916,24.0,4358,test,2563.0559269756886,1.0,1.0,"(1, 2)",650a2466738bb786a6c7849b
37.99999999998863,24.0,4359,test,2564.305926975689,1.0,1.0,"(1, 2)",650a2466738bb786a6c7849b
36.74999999998835,24.0,4360,test,2565.5559269756895,1.0,1.0,"(1, 2)",650a2466738bb786a6c7849b
35.49999999998806,24.0,4361,test,2566.80592697569,1.0,1.0,"(1, 2)",650a2466738bb786a6c7849b
34.24999999998778,24.0,4362,test,2568.0559269756905,1.0,1.0,"(1, 2)",650a2466738bb786a6c7849b
32.999999999987494,24.0,4363,test,2569.305926975691,1.0,1.0,"(1, 2)",650a2466738bb786a6c7849b
31.749999999987285,24.0,4364,test,2570.555926975691,1.0,1.0,"(1, 2)",650a2466738bb786a6c7849b
30.499999999987356,24.0,4365,test,2571.805926975691,1.0,1.0,"(1, 2)",650a2466738bb786a6c7849b
29.249999999987427,24.0,4366,test,2573.055926975691,1.0,1.0,"(1, 2)",650a2466738bb786a6c7849b
27.999999999987498,24.0,4367,test,2574.305926975691,1.0,1.0,"(1, 2)",650a2466738bb786a6c7849b
26.74999999998757,24.0,4368,test,2575.555926975691,1.0,1.0,"(1, 2)",650a2466738bb786a6c7849b
25.49999999998764,24.0,4369,test,2576.805926975691,1.0,1.0,"(1, 2)",650a2466738bb786a6c7849b
24.24999999998771,24.0,4370,test,2578.055926975691,1.0,1.0,"(1, 2)",650a2466738bb786a6c7849b
24.0,24.0,4371,test,2578.3059269756786,1.0,1.0,"(1, 2)",650a2466738bb786a6c7849b
24.0,24.0,4372,test,2578.3059269756786,1.0,1.0,"(1, 2)",650a2466738bb786a6c7849b
24.0,24.0,4373,test,2578.3059269756786,1.0,1.0,"(1, 2)",650a2466738bb786a6c7849b
24.0,24.0,4374,test,2578.3059269756786,1.0,1.0,"(1, 2)",650a2466738bb786a6c7849b
24.0,24.0,4375,test,2578.3059269756786,1.0,1.0,"(1, 2)",650a2466738bb786a6c7849b
24.0,24.0,4376,test,2578.3059269756786,1.0,1.0,"(1, 2)",650a2466738bb786a6c7849b
24.0,24.0,4377,test,2578.3059269756786,1.0,1.0,"(1, 2)",650a2466738bb786a6c7849b
24.0,24.0,4378,test,2578.3059269756786,1.0,1.0,"(1, 2)",650a2466738bb786a6c7849b
24.0,24.0,4379,test,2578.3059269756786,1.0,1.0,"(1, 2)",650a2466738bb786a6c7849b
24.0,24.0,4380,test,2578.3059269756786,1.0,1.0,"(1, 2)",650a2466738bb786a6c7849b
24.0,24.0,4381,test,2578.3059269756786,1.0,1.0,"(1, 2)",650a2466738bb786a6c7849b
24.0,24.0,4382,test,2578.3059269756786,1.0,1.0,"(1, 2)",650a2466738bb786a6c7849b
24.0,24.0,4383,test,2578.3059269756786,1.0,1.0,"(1, 2)",650a2466738bb786a6c7849b
24.0,24.0,4384,test,2578.3059269756786,1.0,1.0,"(1, 2)",650a2466738bb786a6c7849b
24.0,24.0,4385,test,2578.3059269756786,1.0,1.0,"(1, 2)",650a2466738bb786a6c7849b
24.0,24.0,4386,test,2578.3059269756786,1.0,1.0,"(1, 2)",650a2466738bb786a6c7849b
24.0,24.0,4387,test,2578.3059269756786,1.0,1.0,"(1, 2)",650a2466738bb786a6c7849b
24.0,24.0,4388,test,2578.3059269756786,1.0,1.0,"(1, 2)",650a2466738bb786a6c7849b
24.0,24.0,4389,test,2578.3059269756786,1.0,1.0,"(1, 2)",650a2466738bb786a6c7849b
24.0,24.0,4390,test,2578.3059269756786,1.0,1.0,"(1, 2)",650a2466738bb786a6c7849b
24.0,24.0,4391,test,2578.3059269756786,1.0,1.0,"(1, 2)",650a2466738bb786a6c7849b
24.0,24.0,4392,test,2578.3059269756786,1.0,1.0,"(1, 2)",650a2466738bb786a6c7849b
24.0,24.0,4393,test,2578.3059269756786,1.0,1.0,"(1, 2)",650a2466738bb786a6c7849b
24.0,24.0,4394,test,2578.3059269756786,1.0,1.0,"(1, 2)",650a2466738bb786a6c7849b
24.0,24.0,4395,test,2578.3059269756786,1.0,1.0,"(1, 2)",650a2466738bb786a6c7849b
24.0,24.0,4396,test,2578.3059269756786,1.0,1.0,"(1, 2)",650a2466738bb786a6c7849b
24.0,24.0,4397,test,2578.3059269756786,1.0,1.0,"(1, 2)",650a2466738bb786a6c7849b
24.0,24.0,4398,test,2578.3059269756786,1.0,1.0,"(1, 2)",650a2466738bb786a6c7849b
24.0,24.0,4399,test,2578.3059269756786,1.0,1.0,"(1, 2)",650a2466738bb786a6c7849b
24.0,24.0,4400,test,2578.3059269756786,1.0,1.0,"(1, 2)",650a2466738bb786a6c7849b
24.0,24.0,4401,test,2578.3059269756786,1.0,1.0,"(1, 2)",650a2466738bb786a6c7849b
24.0,24.0,4402,test,2578.3059269756786,1.0,1.0,"(1, 2)",650a2466738bb786a6c7849b
24.0,24.0,4403,test,2578.3059269756786,1.0,1.0,"(1, 2)",650a2466738bb786a6c7849b
24.0,24.0,4404,test,2578.3059269756786,1.0,1.0,"(1, 2)",650a2466738bb786a6c7849b
24.0,24.0,4405,test,2578.3059269756786,1.0,1.0,"(1, 2)",650a2466738bb786a6c7849b
24.0,24.0,4406,test,2578.3059269756786,1.0,1.0,"(1, 2)",650a2466738bb786a6c7849b
24.0,24.0,4407,test,2578.3059269756786,1.0,1.0,"(1, 2)",650a2466738bb786a6c7849b
24.0,24.0,4408,test,2578.3059269756786,1.0,1.0,"(1, 2)",650a2466738bb786a6c7849b
24.0,24.0,4409,test,2578.3059269756786,1.0,1.0,"(1, 2)",650a2466738bb786a6c7849b
24.0,24.0,4410,test,2578.3059269756786,1.0,1.0,"(1, 2)",650a2466738bb786a6c7849b
24.0,24.0,4411,test,2578.3059269756786,1.0,1.0,"(1, 2)",650a2466738bb786a6c7849b
24.0,24.0,4412,test,2578.3059269756786,1.0,1.0,"(1, 2)",650a2466738bb786a6c7849b
24.0,24.0,4413,test,2578.3059269756786,1.0,1.0,"(1, 2)",650a2466738bb786a6c7849b
24.0,24.0,4414,test,2578.3059269756786,1.0,1.0,"(1, 2)",650a2466738bb786a6c7849b
24.0,24.0,4415,test,2578.3059269756786,1.0,1.0,"(1, 2)",650a2466738bb786a6c7849b
24.0,24.0,4416,test,2578.3059269756786,1.0,1.0,"(1, 2)",650a2466738bb786a6c7849b
24.0,24.0,4417,test,2578.3059269756786,1.0,1.0,"(1, 2)",650a2466738bb786a6c7849b
24.0,24.0,4418,test,2578.3059269756786,1.0,1.0,"(1, 2)",650a2466738bb786a6c7849b
24.0,24.0,4419,test,2578.3059269756786,1.0,1.0,"(1, 2)",650a2466738bb786a6c7849b
24.0,24.0,4420,test,2578.3059269756786,1.0,1.0,"(1, 2)",650a2466738bb786a6c7849b
24.0,24.0,4421,test,2578.3059269756786,1.0,1.0,"(1, 2)",650a2466738bb786a6c7849b
24.0,24.0,4422,test,2578.3059269756786,1.0,1.0,"(1, 2)",650a2466738bb786a6c7849b
24.0,24.0,4423,test,2578.3059269756786,1.0,1.0,"(1, 2)",650a2466738bb786a6c7849b
24.0,24.0,4424,test,2578.3059269756786,1.0,1.0,"(1, 2)",650a2466738bb786a6c7849b
24.0,24.0,4425,test,2578.3059269756786,1.0,1.0,"(1, 2)",650a2466738bb786a6c7849b
24.0,24.0,4426,test,2578.3059269756786,1.0,1.0,"(1, 2)",650a2466738bb786a6c7849b
24.0,24.0,4427,test,2578.3059269756786,1.0,1.0,"(1, 2)",650a2466738bb786a6c7849b
24.0,24.0,4428,test,2578.3059269756786,1.0,1.0,"(1, 2)",650a2466738bb786a6c7849b
24.0,24.0,4429,test,2578.3059269756786,1.0,1.0,"(1, 2)",650a2466738bb786a6c7849b
24.0,24.0,4430,test,2578.3059269756786,1.0,1.0,"(1, 2)",650a2466738bb786a6c7849b
24.0,24.0,4431,test,2578.3059269756786,1.0,1.0,"(1, 2)",650a2466738bb786a6c7849b
24.0,24.0,4432,test,2578.3059269756786,1.0,1.0,"(1, 2)",650a2466738bb786a6c7849b
24.0,24.0,4433,test,2578.3059269756786,1.0,1.0,"(1, 2)",650a2466738bb786a6c7849b
24.0,24.0,4434,test,2578.3059269756786,1.0,1.0,"(1, 2)",650a2466738bb786a6c7849b
24.0,24.0,4435,test,2578.3059269756786,1.0,1.0,"(1, 2)",650a2466738bb786a6c7849b
24.0,24.0,4436,test,2578.3059269756786,1.0,1.0,"(1, 2)",650a2466738bb786a6c7849b
24.0,24.0,4437,test,2578.3059269756786,1.0,1.0,"(1, 2)",650a2466738bb786a6c7849b
24.0,24.0,4438,test,2578.3059269756786,1.0,1.0,"(1, 2)",650a2466738bb786a6c7849b
24.0,24.0,4439,test,2578.3059269756786,1.0,1.0,"(1, 2)",650a2466738bb786a6c7849b
24.0,24.0,4440,test,2578.3059269756786,1.0,1.0,"(1, 2)",650a2466738bb786a6c7849b
24.0,24.0,4441,test,2578.3059269756786,1.0,1.0,"(1, 2)",650a2466738bb786a6c7849b
24.0,24.0,4442,test,2578.3059269756786,1.0,1.0,"(1, 2)",650a2466738bb786a6c7849b
24.0,24.0,4443,test,2578.3059269756786,1.0,1.0,"(1, 2)",650a2466738bb786a6c7849b
24.0,24.0,4444,test,2578.3059269756786,1.0,1.0,"(1, 2)",650a2466738bb786a6c7849b
24.0,24.0,4445,test,2578.3059269756786,1.0,1.0,"(1, 2)",650a2466738bb786a6c7849b
24.0,24.0,4446,test,2578.3059269756786,1.0,1.0,"(1, 2)",650a2466738bb786a6c7849b
24.0,24.0,4447,test,2578.3059269756786,1.0,1.0,"(1, 2)",650a2466738bb786a6c7849b
24.0,24.0,4448,test,2578.3059269756786,1.0,1.0,"(1, 2)",650a2466738bb786a6c7849b
24.0,24.0,4449,test,2578.3059269756786,1.0,1.0,"(1, 2)",650a2466738bb786a6c7849b
24.0,24.0,4450,test,2578.3059269756786,1.0,1.0,"(1, 2)",650a2466738bb786a6c7849b
24.0,24.0,4451,test,2578.3059269756786,1.0,1.0,"(1, 2)",650a2466738bb786a6c7849b
24.0,24.0,4452,test,2578.3059269756786,1.0,1.0,"(1, 2)",650a2466738bb786a6c7849b
24.0,24.0,4453,test,2578.3059269756786,1.0,1.0,"(1, 2)",650a2466738bb786a6c7849b
24.0,24.0,4454,test,2578.3059269756786,1.0,1.0,"(1, 2)",650a2466738bb786a6c7849b
24.0,24.0,4455,test,2578.3059269756786,1.0,1.0,"(1, 2)",650a2466738bb786a6c7849b
24.0,24.0,4456,test,2578.3059269756786,1.0,1.0,"(1, 2)",650a2466738bb786a6c7849b
24.0,24.0,4457,test,2578.3059269756786,1.0,1.0,"(1, 2)",650a2466738bb786a6c7849b
24.0,24.0,4458,test,2578.3059269756786,1.0,1.0,"(1, 2)",650a2466738bb786a6c7849b
24.0,24.0,4459,test,2578.3059269756786,1.0,1.0,"(1, 2)",650a2466738bb786a6c7849b
24.0,24.0,4460,test,2578.3059269756786,1.0,1.0,"(1, 2)",650a2466738bb786a6c7849b
24.0,24.0,4461,test,2578.3059269756786,1.0,1.0,"(1, 2)",650a2466738bb786a6c7849b
24.0,24.0,4462,test,2578.3059269756786,1.0,1.0,"(1, 2)",650a2466738bb786a6c7849b
24.0,24.0,4463,test,2578.3059269756786,1.0,1.0,"(1, 2)",650a2466738bb786a6c7849b
24.0,24.0,4464,test,2578.3059269756786,1.0,1.0,"(1, 2)",650a2466738bb786a6c7849b
24.0,24.0,4465,test,2578.3059269756786,1.0,1.0,"(1, 2)",650a2466738bb786a6c7849b
25.24999999999993,24.0,4466,test,2579.5559269756786,1.0,1.0,"(1, 2)",650a2466738bb786a6c7849b
26.499999999999858,24.0,4467,test,2580.8059269756786,1.0,1.0,"(1, 2)",650a2466738bb786a6c7849b
27.749999999999787,24.0,4468,test,2582.0559269756786,1.0,1.0,"(1, 2)",650a2466738bb786a6c7849b
28.999999999999716,24.0,4469,test,2583.3059269756786,1.0,1.0,"(1, 2)",650a2466738bb786a6c7849b
30.249999999999645,24.0,4470,test,2584.5559269756786,1.0,1.0,"(1, 2)",650a2466738bb786a6c7849b
31.499999999999574,24.0,4471,test,2585.8059269756786,1.0,1.0,"(1, 2)",650a2466738bb786a6c7849b
32.749999999999716,24.0,4472,test,2587.0559269756786,1.0,1.0,"(1, 2)",650a2466738bb786a6c7849b
34.0,24.0,4473,test,2588.305926975679,1.0,1.0,"(1, 2)",650a2466738bb786a6c7849b
35.250000000000284,24.0,4474,test,2589.5559269756795,1.0,1.0,"(1, 2)",650a2466738bb786a6c7849b
36.50000000000057,24.0,4475,test,2590.80592697568,1.0,1.0,"(1, 2)",650a2466738bb786a6c7849b
37.75000000000085,24.0,4476,test,2592.0559269756804,1.0,1.0,"(1, 2)",650a2466738bb786a6c7849b
39.00000000000114,24.0,4477,test,2593.305926975681,1.0,1.0,"(1, 2)",650a2466738bb786a6c7849b
40.25000000000142,24.0,4478,test,2594.5559269756814,1.0,1.0,"(1, 2)",650a2466738bb786a6c7849b
41.500000000001705,24.0,4479,test,2595.805926975682,1.0,1.0,"(1, 2)",650a2466738bb786a6c7849b
42.75000000000199,24.0,4480,test,2597.0559269756823,1.0,1.0,"(1, 2)",650a2466738bb786a6c7849b
44.000000000002274,24.0,4481,test,2598.3059269756827,1.0,1.0,"(1, 2)",650a2466738bb786a6c7849b
45.25000000000256,24.0,4482,test,2599.555926975683,1.0,1.0,"(1, 2)",650a2466738bb786a6c7849b
46.50000000000284,24.0,4483,test,2600.8059269756836,1.0,1.0,"(1, 2)",650a2466738bb786a6c7849b
47.750000000003126,24.0,4484,test,2602.055926975684,1.0,1.0,"(1, 2)",650a2466738bb786a6c7849b
49.00000000000341,24.0,4485,test,2603.3059269756845,1.0,1.0,"(1, 2)",650a2466738bb786a6c7849b
50.250000000003695,24.0,4486,test,2604.555926975685,1.0,1.0,"(1, 2)",650a2466738bb786a6c7849b
51.50000000000398,24.0,4487,test,2605.8059269756855,1.0,1.0,"(1, 2)",650a2466738bb786a6c7849b
52.75000000000426,24.0,4488,test,2607.055926975686,1.0,1.0,"(1, 2)",650a2466738bb786a6c7849b
54.00000000000455,24.0,4489,test,2608.3059269756864,1.0,1.0,"(1, 2)",650a2466738bb786a6c7849b
55.25000000000483,24.0,4490,test,2609.555926975687,1.0,1.0,"(1, 2)",650a2466738bb786a6c7849b
55.80000000000496,24.0,4491,test,2610.105926975687,1.0,1.0,"(1, 2)",650a2466738bb786a6c7849b
55.80000000000496,24.0,4492,test,2610.105926975687,1.0,1.0,"(1, 2)",650a2466738bb786a6c7849b
55.80000000000496,24.0,4493,test,2610.105926975687,1.0,1.0,"(1, 2)",650a2466738bb786a6c7849b
55.80000000000496,24.0,4494,test,2610.105926975687,1.0,1.0,"(1, 2)",650a2466738bb786a6c7849b
55.80000000000496,24.0,4495,test,2610.105926975687,1.0,1.0,"(1, 2)",650a2466738bb786a6c7849b
57.05000000000524,24.0,4496,test,2611.3559269756875,1.0,1.0,"(1, 2)",650a2466738bb786a6c7849b
58.300000000005525,24.0,4497,test,2612.605926975688,1.0,1.0,"(1, 2)",650a2466738bb786a6c7849b
59.55000000000581,24.0,4498,test,2613.8559269756884,1.0,1.0,"(1, 2)",650a2466738bb786a6c7849b
60.800000000006094,24.0,4499,test,2615.105926975689,1.0,1.0,"(1, 2)",650a2466738bb786a6c7849b
62.05000000000638,24.0,4500,test,2616.3559269756893,1.0,1.0,"(1, 2)",650a2466738bb786a6c7849b
63.30000000000666,24.0,4501,test,2617.6059269756897,1.0,1.0,"(1, 2)",650a2466738bb786a6c7849b
64.55000000000695,24.0,4502,test,2618.85592697569,1.0,1.0,"(1, 2)",650a2466738bb786a6c7849b
65.80000000000723,24.0,4503,test,2620.1059269756906,1.0,1.0,"(1, 2)",650a2466738bb786a6c7849b
67.05000000000751,24.0,4504,test,2621.355926975691,1.0,1.0,"(1, 2)",650a2466738bb786a6c7849b
68.3000000000078,24.0,4505,test,2622.6059269756915,1.0,1.0,"(1, 2)",650a2466738bb786a6c7849b
69.55000000000808,24.0,4506,test,2623.855926975692,1.0,1.0,"(1, 2)",650a2466738bb786a6c7849b
70.80000000000837,24.0,4507,test,2625.1059269756925,1.0,1.0,"(1, 2)",650a2466738bb786a6c7849b
72.05000000000865,24.0,4508,test,2626.355926975693,1.0,1.0,"(1, 2)",650a2466738bb786a6c7849b
73.30000000000894,24.0,4509,test,2627.6059269756934,1.0,1.0,"(1, 2)",650a2466738bb786a6c7849b
74.55000000000922,24.0,4510,test,2628.855926975694,1.0,1.0,"(1, 2)",650a2466738bb786a6c7849b
75.8000000000095,24.0,4511,test,2630.1059269756943,1.0,1.0,"(1, 2)",650a2466738bb786a6c7849b
77.05000000000979,24.0,4512,test,2631.3559269756947,1.0,1.0,"(1, 2)",650a2466738bb786a6c7849b
78.30000000001007,24.0,4513,test,2632.605926975695,1.0,1.0,"(1, 2)",650a2466738bb786a6c7849b
79.55000000001036,24.0,4514,test,2633.8559269756956,1.0,1.0,"(1, 2)",650a2466738bb786a6c7849b
80.80000000001064,24.0,4515,test,2635.105926975696,1.0,1.0,"(1, 2)",650a2466738bb786a6c7849b
82.05000000001093,24.0,4516,test,2636.3559269756965,1.0,1.0,"(1, 2)",650a2466738bb786a6c7849b
83.30000000001121,24.0,4517,test,2637.605926975697,1.0,1.0,"(1, 2)",650a2466738bb786a6c7849b
84.5500000000115,24.0,4518,test,2638.8559269756975,1.0,1.0,"(1, 2)",650a2466738bb786a6c7849b
85.80000000001178,24.0,4519,test,2640.105926975698,1.0,1.0,"(1, 2)",650a2466738bb786a6c7849b
87.05000000001206,24.0,4520,test,2641.3559269756984,1.0,1.0,"(1, 2)",650a2466738bb786a6c7849b
88.0,24.0,4521,test,2642.3059269756864,1.0,1.0,"(1, 2)",650a2466738bb786a6c7849b
88.0,24.0,4522,test,2642.3059269756864,1.0,1.0,"(1, 2)",650a2466738bb786a6c7849b
88.0,24.0,4523,test,2642.3059269756864,1.0,1.0,"(1, 2)",650a2466738bb786a6c7849b
88.0,24.0,4524,test,2642.3059269756864,1.0,1.0,"(1, 2)",650a2466738bb786a6c7849b
88.0,24.0,4525,test,2642.3059269756864,1.0,1.0,"(1, 2)",650a2466738bb786a6c7849b
88.0,24.0,4526,test,2642.3059269756864,1.0,1.0,"(1, 2)",650a2466738bb786a6c7849b
88.0,24.0,4527,test,2642.3059269756864,1.0,1.0,"(1, 2)",650a2466738bb786a6c7849b
88.0,24.0,4528,test,2642.3059269756864,1.0,1.0,"(1, 2)",650a2466738bb786a6c7849b
88.0,24.0,4529,test,2642.3059269756864,1.0,1.0,"(1, 2)",650a2466738bb786a6c7849b
88.0,24.0,4530,test,2642.3059269756864,1.0,1.0,"(1, 2)",650a2466738bb786a6c7849b
88.0,24.0,4531,test,2642.3059269756864,1.0,1.0,"(1, 2)",650a2466738bb786a6c7849b
88.0,24.0,4532,test,2642.3059269756864,1.0,1.0,"(1, 2)",650a2466738bb786a6c7849b
88.0,24.0,4533,test,2642.3059269756864,1.0,1.0,"(1, 2)",650a2466738bb786a6c7849b
88.0,24.0,4534,test,2642.3059269756864,1.0,1.0,"(1, 2)",650a2466738bb786a6c7849b
88.0,24.0,4535,test,2642.3059269756864,1.0,1.0,"(1, 2)",650a2466738bb786a6c7849b
88.0,24.0,4536,test,2642.3059269756864,1.0,1.0,"(1, 2)",650a2466738bb786a6c7849b
88.0,24.0,4537,test,2642.3059269756864,1.0,1.0,"(1, 2)",650a2466738bb786a6c7849b
88.0,24.0,4538,test,2642.3059269756864,1.0,1.0,"(1, 2)",650a2466738bb786a6c7849b
88.0,24.0,4539,test,2642.3059269756864,1.0,1.0,"(1, 2)",650a2466738bb786a6c7849b
88.0,24.0,4540,test,2642.3059269756864,1.0,1.0,"(1, 2)",650a2466738bb786a6c7849b
88.0,24.0,4541,test,2642.3059269756864,1.0,1.0,"(1, 2)",650a2466738bb786a6c7849b
88.0,24.0,4542,test,2642.3059269756864,1.0,1.0,"(1, 2)",650a2466738bb786a6c7849b
88.0,24.0,4543,test,2642.3059269756864,1.0,1.0,"(1, 2)",650a2466738bb786a6c7849b
88.0,24.0,4544,test,2642.3059269756864,1.0,1.0,"(1, 2)",650a2466738bb786a6c7849b
88.0,24.0,4545,test,2642.3059269756864,1.0,1.0,"(1, 2)",650a2466738bb786a6c7849b
86.74999999999972,24.0,4546,test,2643.555926975687,1.0,1.0,"(1, 2)",650a2466738bb786a6c7849b
85.49999999999943,24.0,4547,test,2644.8059269756873,1.0,1.0,"(1, 2)",650a2466738bb786a6c7849b
84.24999999999915,24.0,4548,test,2646.0559269756877,1.0,1.0,"(1, 2)",650a2466738bb786a6c7849b
82.99999999999886,24.0,4549,test,2647.305926975688,1.0,1.0,"(1, 2)",650a2466738bb786a6c7849b
81.74999999999858,24.0,4550,test,2648.5559269756886,1.0,1.0,"(1, 2)",650a2466738bb786a6c7849b
80.4999999999983,24.0,4551,test,2649.805926975689,1.0,1.0,"(1, 2)",650a2466738bb786a6c7849b
79.24999999999801,24.0,4552,test,2651.0559269756895,1.0,1.0,"(1, 2)",650a2466738bb786a6c7849b
77.99999999999773,24.0,4553,test,2652.30592697569,1.0,1.0,"(1, 2)",650a2466738bb786a6c7849b
76.74999999999744,24.0,4554,test,2653.5559269756905,1.0,1.0,"(1, 2)",650a2466738bb786a6c7849b
75.49999999999716,24.0,4555,test,2654.805926975691,1.0,1.0,"(1, 2)",650a2466738bb786a6c7849b
74.24999999999687,24.0,4556,test,2656.0559269756914,1.0,1.0,"(1, 2)",650a2466738bb786a6c7849b
72.99999999999659,24.0,4557,test,2657.305926975692,1.0,1.0,"(1, 2)",650a2466738bb786a6c7849b
71.7499999999963,24.0,4558,test,2658.5559269756923,1.0,1.0,"(1, 2)",650a2466738bb786a6c7849b
70.49999999999602,24.0,4559,test,2659.8059269756927,1.0,1.0,"(1, 2)",650a2466738bb786a6c7849b
69.24999999999574,24.0,4560,test,2661.055926975693,1.0,1.0,"(1, 2)",650a2466738bb786a6c7849b
67.99999999999545,24.0,4561,test,2662.3059269756936,1.0,1.0,"(1, 2)",650a2466738bb786a6c7849b
66.74999999999517,24.0,4562,test,2663.555926975694,1.0,1.0,"(1, 2)",650a2466738bb786a6c7849b
65.49999999999488,24.0,4563,test,2664.8059269756945,1.0,1.0,"(1, 2)",650a2466738bb786a6c7849b
64.2499999999946,24.0,4564,test,2666.055926975695,1.0,1.0,"(1, 2)",650a2466738bb786a6c7849b
62.999999999994316,24.0,4565,test,2667.3059269756955,1.0,1.0,"(1, 2)",650a2466738bb786a6c7849b
61.74999999999403,24.0,4566,test,2668.555926975696,1.0,1.0,"(1, 2)",650a2466738bb786a6c7849b
60.49999999999375,24.0,4567,test,2669.8059269756964,1.0,1.0,"(1, 2)",650a2466738bb786a6c7849b
59.24999999999346,24.0,4568,test,2671.055926975697,1.0,1.0,"(1, 2)",650a2466738bb786a6c7849b
57.99999999999318,24.0,4569,test,2672.3059269756973,1.0,1.0,"(1, 2)",650a2466738bb786a6c7849b
56.749999999992895,24.0,4570,test,2673.5559269756977,1.0,1.0,"(1, 2)",650a2466738bb786a6c7849b
55.49999999999261,24.0,4571,test,2674.805926975698,1.0,1.0,"(1, 2)",650a2466738bb786a6c7849b
54.249999999992326,24.0,4572,test,2676.0559269756986,1.0,1.0,"(1, 2)",650a2466738bb786a6c7849b
52.99999999999204,24.0,4573,test,2677.305926975699,1.0,1.0,"(1, 2)",650a2466738bb786a6c7849b
51.74999999999176,24.0,4574,test,2678.5559269756995,1.0,1.0,"(1, 2)",650a2466738bb786a6c7849b
50.49999999999147,24.0,4575,test,2679.8059269757,1.0,1.0,"(1, 2)",650a2466738bb786a6c7849b
49.24999999999119,24.0,4576,test,2681.0559269757005,1.0,1.0,"(1, 2)",650a2466738bb786a6c7849b
47.999999999990905,24.0,4577,test,2682.305926975701,1.0,1.0,"(1, 2)",650a2466738bb786a6c7849b
46.74999999999062,24.0,4578,test,2683.5559269757014,1.0,1.0,"(1, 2)",650a2466738bb786a6c7849b
45.49999999999034,24.0,4579,test,2684.805926975702,1.0,1.0,"(1, 2)",650a2466738bb786a6c7849b
44.24999999999005,24.0,4580,test,2686.0559269757023,1.0,1.0,"(1, 2)",650a2466738bb786a6c7849b
42.99999999998977,24.0,4581,test,2687.3059269757027,1.0,1.0,"(1, 2)",650a2466738bb786a6c7849b
41.749999999989484,24.0,4582,test,2688.555926975703,1.0,1.0,"(1, 2)",650a2466738bb786a6c7849b
40.4999999999892,24.0,4583,test,2689.8059269757036,1.0,1.0,"(1, 2)",650a2466738bb786a6c7849b
39.249999999988916,24.0,4584,test,2691.055926975704,1.0,1.0,"(1, 2)",650a2466738bb786a6c7849b
37.99999999998863,24.0,4585,test,2692.3059269757046,1.0,1.0,"(1, 2)",650a2466738bb786a6c7849b
36.74999999998835,24.0,4586,test,2693.555926975705,1.0,1.0,"(1, 2)",650a2466738bb786a6c7849b
35.49999999998806,24.0,4587,test,2694.8059269757055,1.0,1.0,"(1, 2)",650a2466738bb786a6c7849b
34.24999999998778,24.0,4588,test,2696.055926975706,1.0,1.0,"(1, 2)",650a2466738bb786a6c7849b
32.999999999987494,24.0,4589,test,2697.3059269757064,1.0,1.0,"(1, 2)",650a2466738bb786a6c7849b
31.749999999987285,24.0,4590,test,2698.5559269757064,1.0,1.0,"(1, 2)",650a2466738bb786a6c7849b
30.499999999987356,24.0,4591,test,2699.8059269757064,1.0,1.0,"(1, 2)",650a2466738bb786a6c7849b
29.249999999987427,24.0,4592,test,2701.0559269757064,1.0,1.0,"(1, 2)",650a2466738bb786a6c7849b
27.999999999987498,24.0,4593,test,2702.3059269757064,1.0,1.0,"(1, 2)",650a2466738bb786a6c7849b
26.74999999998757,24.0,4594,test,2703.5559269757064,1.0,1.0,"(1, 2)",650a2466738bb786a6c7849b
25.49999999998764,24.0,4595,test,2704.8059269757064,1.0,1.0,"(1, 2)",650a2466738bb786a6c7849b
24.24999999998771,24.0,4596,test,2706.0559269757064,1.0,1.0,"(1, 2)",650a2466738bb786a6c7849b
24.0,24.0,4597,test,2706.305926975694,1.0,1.0,"(1, 2)",650a2466738bb786a6c7849b
24.0,24.0,4598,test,2706.305926975694,1.0,1.0,"(1, 2)",650a2466738bb786a6c7849b
24.0,24.0,4599,test,2706.305926975694,1.0,1.0,"(1, 2)",650a2466738bb786a6c7849b
24.0,24.0,4600,test,2706.305926975694,1.0,1.0,"(1, 2)",650a2466738bb786a6c7849b
24.0,24.0,4601,test,2706.305926975694,1.0,1.0,"(1, 2)",650a2466738bb786a6c7849b
24.0,24.0,4602,test,2706.305926975694,1.0,1.0,"(1, 2)",650a2466738bb786a6c7849b
24.0,24.0,4603,test,2706.305926975694,1.0,1.0,"(1, 2)",650a2466738bb786a6c7849b
24.0,24.0,4604,test,2706.305926975694,1.0,1.0,"(1, 2)",650a2466738bb786a6c7849b
24.0,24.0,4605,test,2706.305926975694,1.0,1.0,"(1, 2)",650a2466738bb786a6c7849b
24.0,24.0,4606,test,2706.305926975694,1.0,1.0,"(1, 2)",650a2466738bb786a6c7849b
24.0,24.0,4607,test,2706.305926975694,1.0,1.0,"(1, 2)",650a2466738bb786a6c7849b
24.0,24.0,4608,test,2706.305926975694,1.0,1.0,"(1, 2)",650a2466738bb786a6c7849b
24.0,24.0,4609,test,2706.305926975694,1.0,1.0,"(1, 2)",650a2466738bb786a6c7849b
24.0,24.0,4610,test,2706.305926975694,1.0,1.0,"(1, 2)",650a2466738bb786a6c7849b
24.0,24.0,4611,test,2706.305926975694,1.0,1.0,"(1, 2)",650a2466738bb786a6c7849b
24.0,24.0,4612,test,2706.305926975694,1.0,1.0,"(1, 2)",650a2466738bb786a6c7849b
24.0,24.0,4613,test,2706.305926975694,1.0,1.0,"(1, 2)",650a2466738bb786a6c7849b
24.0,24.0,4614,test,2706.305926975694,1.0,1.0,"(1, 2)",650a2466738bb786a6c7849b
24.0,24.0,4615,test,2706.305926975694,1.0,1.0,"(1, 2)",650a2466738bb786a6c7849b
24.0,24.0,4616,test,2706.305926975694,1.0,1.0,"(1, 2)",650a2466738bb786a6c7849b
24.0,24.0,4617,test,2706.305926975694,1.0,1.0,"(1, 2)",650a2466738bb786a6c7849b
24.0,24.0,4618,test,2706.305926975694,1.0,1.0,"(1, 2)",650a2466738bb786a6c7849b
24.0,24.0,4619,test,2706.305926975694,1.0,1.0,"(1, 2)",650a2466738bb786a6c7849b
24.0,24.0,4620,test,2706.305926975694,1.0,1.0,"(1, 2)",650a2466738bb786a6c7849b
24.0,24.0,4621,test,2706.305926975694,1.0,1.0,"(1, 2)",650a2466738bb786a6c7849b
24.0,24.0,4622,test,2706.305926975694,1.0,1.0,"(1, 2)",650a2466738bb786a6c7849b
24.0,24.0,4623,test,2706.305926975694,1.0,1.0,"(1, 2)",650a2466738bb786a6c7849b
24.0,24.0,4624,test,2706.305926975694,1.0,1.0,"(1, 2)",650a2466738bb786a6c7849b
24.0,24.0,4625,test,2706.305926975694,1.0,1.0,"(1, 2)",650a2466738bb786a6c7849b
24.0,24.0,4626,test,2706.305926975694,1.0,1.0,"(1, 2)",650a2466738bb786a6c7849b
24.0,24.0,4627,test,2706.305926975694,1.0,1.0,"(1, 2)",650a2466738bb786a6c7849b
24.0,24.0,4628,test,2706.305926975694,1.0,1.0,"(1, 2)",650a2466738bb786a6c7849b
24.0,24.0,4629,test,2706.305926975694,1.0,1.0,"(1, 2)",650a2466738bb786a6c7849b
24.0,24.0,4630,test,2706.305926975694,1.0,1.0,"(1, 2)",650a2466738bb786a6c7849b
24.0,24.0,4631,test,2706.305926975694,1.0,1.0,"(1, 2)",650a2466738bb786a6c7849b
24.0,24.0,4632,test,2706.305926975694,1.0,1.0,"(1, 2)",650a2466738bb786a6c7849b
24.0,24.0,4633,test,2706.305926975694,1.0,1.0,"(1, 2)",650a2466738bb786a6c7849b
24.0,24.0,4634,test,2706.305926975694,1.0,1.0,"(1, 2)",650a2466738bb786a6c7849b
24.0,24.0,4635,test,2706.305926975694,1.0,1.0,"(1, 2)",650a2466738bb786a6c7849b
24.0,24.0,4636,test,2706.305926975694,1.0,1.0,"(1, 2)",650a2466738bb786a6c7849b
24.0,24.0,4637,test,2706.305926975694,1.0,1.0,"(1, 2)",650a2466738bb786a6c7849b
24.0,24.0,4638,test,2706.305926975694,1.0,1.0,"(1, 2)",650a2466738bb786a6c7849b
24.0,24.0,4639,test,2706.305926975694,1.0,1.0,"(1, 2)",650a2466738bb786a6c7849b
24.0,24.0,4640,test,2706.305926975694,1.0,1.0,"(1, 2)",650a2466738bb786a6c7849b
24.0,24.0,4641,test,2706.305926975694,1.0,1.0,"(1, 2)",650a2466738bb786a6c7849b
24.0,24.0,4642,test,2706.305926975694,1.0,1.0,"(1, 2)",650a2466738bb786a6c7849b
24.0,24.0,4643,test,2706.305926975694,1.0,1.0,"(1, 2)",650a2466738bb786a6c7849b
24.0,24.0,4644,test,2706.305926975694,1.0,1.0,"(1, 2)",650a2466738bb786a6c7849b
24.0,24.0,4645,test,2706.305926975694,1.0,1.0,"(1, 2)",650a2466738bb786a6c7849b
24.0,24.0,4646,test,2706.305926975694,1.0,1.0,"(1, 2)",650a2466738bb786a6c7849b
24.0,24.0,4647,test,2706.305926975694,1.0,1.0,"(1, 2)",650a2466738bb786a6c7849b
24.0,24.0,4648,test,2706.305926975694,1.0,1.0,"(1, 2)",650a2466738bb786a6c7849b
24.0,24.0,4649,test,2706.305926975694,1.0,1.0,"(1, 2)",650a2466738bb786a6c7849b
24.0,24.0,4650,test,2706.305926975694,1.0,1.0,"(1, 2)",650a2466738bb786a6c7849b
24.0,24.0,4651,test,2706.305926975694,1.0,1.0,"(1, 2)",650a2466738bb786a6c7849b
24.0,24.0,4652,test,2706.305926975694,1.0,1.0,"(1, 2)",650a2466738bb786a6c7849b
24.0,24.0,4653,test,2706.305926975694,1.0,1.0,"(1, 2)",650a2466738bb786a6c7849b
24.0,24.0,4654,test,2706.305926975694,1.0,1.0,"(1, 2)",650a2466738bb786a6c7849b
24.0,24.0,4655,test,2706.305926975694,1.0,1.0,"(1, 2)",650a2466738bb786a6c7849b
24.0,24.0,4656,test,2706.305926975694,1.0,1.0,"(1, 2)",650a2466738bb786a6c7849b
24.0,24.0,4657,test,2706.305926975694,1.0,1.0,"(1, 2)",650a2466738bb786a6c7849b
24.0,24.0,4658,test,2706.305926975694,1.0,1.0,"(1, 2)",650a2466738bb786a6c7849b
24.0,24.0,4659,test,2706.305926975694,1.0,1.0,"(1, 2)",650a2466738bb786a6c7849b
24.0,24.0,4660,test,2706.305926975694,1.0,1.0,"(1, 2)",650a2466738bb786a6c7849b
24.0,24.0,4661,test,2706.305926975694,1.0,1.0,"(1, 2)",650a2466738bb786a6c7849b
24.0,24.0,4662,test,2706.305926975694,1.0,1.0,"(1, 2)",650a2466738bb786a6c7849b
24.0,24.0,4663,test,2706.305926975694,1.0,1.0,"(1, 2)",650a2466738bb786a6c7849b
24.0,24.0,4664,test,2706.305926975694,1.0,1.0,"(1, 2)",650a2466738bb786a6c7849b
24.0,24.0,4665,test,2706.305926975694,1.0,1.0,"(1, 2)",650a2466738bb786a6c7849b
24.0,24.0,4666,test,2706.305926975694,1.0,1.0,"(1, 2)",650a2466738bb786a6c7849b
24.0,24.0,4667,test,2706.305926975694,1.0,1.0,"(1, 2)",650a2466738bb786a6c7849b
24.0,24.0,4668,test,2706.305926975694,1.0,1.0,"(1, 2)",650a2466738bb786a6c7849b
24.0,24.0,4669,test,2706.305926975694,1.0,1.0,"(1, 2)",650a2466738bb786a6c7849b
24.0,24.0,4670,test,2706.305926975694,1.0,1.0,"(1, 2)",650a2466738bb786a6c7849b
24.0,24.0,4671,test,2706.305926975694,1.0,1.0,"(1, 2)",650a2466738bb786a6c7849b
24.0,24.0,4672,test,2706.305926975694,1.0,1.0,"(1, 2)",650a2466738bb786a6c7849b
24.0,24.0,4673,test,2706.305926975694,1.0,1.0,"(1, 2)",650a2466738bb786a6c7849b
24.0,24.0,4674,test,2706.305926975694,1.0,1.0,"(1, 2)",650a2466738bb786a6c7849b
24.0,24.0,4675,test,2706.305926975694,1.0,1.0,"(1, 2)",650a2466738bb786a6c7849b
24.0,24.0,4676,test,2706.305926975694,1.0,1.0,"(1, 2)",650a2466738bb786a6c7849b
24.0,24.0,4677,test,2706.305926975694,1.0,1.0,"(1, 2)",650a2466738bb786a6c7849b
24.0,24.0,4678,test,2706.305926975694,1.0,1.0,"(1, 2)",650a2466738bb786a6c7849b
24.0,24.0,4679,test,2706.305926975694,1.0,1.0,"(1, 2)",650a2466738bb786a6c7849b
24.0,24.0,4680,test,2706.305926975694,1.0,1.0,"(1, 2)",650a2466738bb786a6c7849b
24.0,24.0,4681,test,2706.305926975694,1.0,1.0,"(1, 2)",650a2466738bb786a6c7849b
24.0,24.0,4682,test,2706.305926975694,1.0,1.0,"(1, 2)",650a2466738bb786a6c7849b
24.0,24.0,4683,test,2706.305926975694,1.0,1.0,"(1, 2)",650a2466738bb786a6c7849b
24.0,24.0,4684,test,2706.305926975694,1.0,1.0,"(1, 2)",650a2466738bb786a6c7849b
24.0,24.0,4685,test,2706.305926975694,1.0,1.0,"(1, 2)",650a2466738bb786a6c7849b
24.0,24.0,4686,test,2706.305926975694,1.0,1.0,"(1, 2)",650a2466738bb786a6c7849b
24.0,24.0,4687,test,2706.305926975694,1.0,1.0,"(1, 2)",650a2466738bb786a6c7849b
24.0,24.0,4688,test,2706.305926975694,1.0,1.0,"(1, 2)",650a2466738bb786a6c7849b
24.0,24.0,4689,test,2706.305926975694,1.0,1.0,"(1, 2)",650a2466738bb786a6c7849b
24.0,24.0,4690,test,2706.305926975694,1.0,1.0,"(1, 2)",650a2466738bb786a6c7849b
24.0,24.0,4691,test,2706.305926975694,1.0,1.0,"(1, 2)",650a2466738bb786a6c7849b
24.0,24.0,4692,test,2706.305926975694,1.0,1.0,"(1, 2)",650a2466738bb786a6c7849b
24.0,24.0,4693,test,2706.305926975694,1.0,1.0,"(1, 2)",650a2466738bb786a6c7849b
24.0,24.0,4694,test,2706.305926975694,1.0,1.0,"(1, 2)",650a2466738bb786a6c7849b
24.0,24.0,4695,test,2706.305926975694,1.0,1.0,"(1, 2)",650a2466738bb786a6c7849b
24.0,24.0,4696,test,2706.305926975694,1.0,1.0,"(1, 2)",650a2466738bb786a6c7849b
24.0,24.0,4697,test,2706.305926975694,1.0,1.0,"(1, 2)",650a2466738bb786a6c7849b
24.0,24.0,4698,test,2706.305926975694,1.0,1.0,"(1, 2)",650a2466738bb786a6c7849b
24.0,24.0,4699,test,2706.305926975694,1.0,1.0,"(1, 2)",650a2466738bb786a6c7849b
24.0,24.0,4700,test,2706.305926975694,1.0,1.0,"(1, 2)",650a2466738bb786a6c7849b
24.0,24.0,4701,test,2706.305926975694,1.0,1.0,"(1, 2)",650a2466738bb786a6c7849b
24.0,24.0,4702,test,2706.305926975694,1.0,1.0,"(1, 2)",650a2466738bb786a6c7849b
24.0,24.0,4703,test,2706.305926975694,1.0,1.0,"(1, 2)",650a2466738bb786a6c7849b
24.0,24.0,4704,test,2706.305926975694,1.0,1.0,"(1, 2)",650a2466738bb786a6c7849b
24.0,24.0,4705,test,2706.305926975694,1.0,1.0,"(1, 2)",650a2466738bb786a6c7849b
24.0,24.0,4706,test,2706.305926975694,1.0,1.0,"(1, 2)",650a2466738bb786a6c7849b
24.0,24.0,4707,test,2706.305926975694,1.0,1.0,"(1, 2)",650a2466738bb786a6c7849b
24.0,24.0,4708,test,2706.305926975694,1.0,1.0,"(1, 2)",650a2466738bb786a6c7849b
24.0,24.0,4709,test,2706.305926975694,1.0,1.0,"(1, 2)",650a2466738bb786a6c7849b
24.0,24.0,4710,test,2706.305926975694,1.0,1.0,"(1, 2)",650a2466738bb786a6c7849b
24.0,24.0,4711,test,2706.305926975694,1.0,1.0,"(1, 2)",650a2466738bb786a6c7849b
24.0,24.0,4712,test,2706.305926975694,1.0,1.0,"(1, 2)",650a2466738bb786a6c7849b
24.0,24.0,4713,test,2706.305926975694,1.0,1.0,"(1, 2)",650a2466738bb786a6c7849b
24.0,24.0,4714,test,2706.305926975694,1.0,1.0,"(1, 2)",650a2466738bb786a6c7849b
24.0,24.0,4715,test,2706.305926975694,1.0,1.0,"(1, 2)",650a2466738bb786a6c7849b
24.0,24.0,4716,test,2706.305926975694,1.0,1.0,"(1, 2)",650a2466738bb786a6c7849b
24.0,24.0,4717,test,2706.305926975694,1.0,1.0,"(1, 2)",650a2466738bb786a6c7849b
24.0,24.0,4718,test,2706.305926975694,1.0,1.0,"(1, 2)",650a2466738bb786a6c7849b
24.0,24.0,4719,test,2706.305926975694,1.0,1.0,"(1, 2)",650a2466738bb786a6c7849b
24.0,24.0,4720,test,2706.305926975694,1.0,1.0,"(1, 2)",650a2466738bb786a6c7849b
24.0,24.0,4721,test,2706.305926975694,1.0,1.0,"(1, 2)",650a2466738bb786a6c7849b
24.0,24.0,4722,test,2706.305926975694,1.0,1.0,"(1, 2)",650a2466738bb786a6c7849b
25.24999999999993,24.0,4723,test,2707.555926975694,1.0,1.0,"(1, 2)",650a2466738bb786a6c7849b
26.499999999999858,24.0,4724,test,2708.805926975694,1.0,1.0,"(1, 2)",650a2466738bb786a6c7849b
27.749999999999787,24.0,4725,test,2710.055926975694,1.0,1.0,"(1, 2)",650a2466738bb786a6c7849b
28.999999999999716,24.0,4726,test,2711.305926975694,1.0,1.0,"(1, 2)",650a2466738bb786a6c7849b
30.249999999999645,24.0,4727,test,2712.555926975694,1.0,1.0,"(1, 2)",650a2466738bb786a6c7849b
31.499999999999574,24.0,4728,test,2713.805926975694,1.0,1.0,"(1, 2)",650a2466738bb786a6c7849b
32.749999999999716,24.0,4729,test,2715.055926975694,1.0,1.0,"(1, 2)",650a2466738bb786a6c7849b
34.0,24.0,4730,test,2716.3059269756945,1.0,1.0,"(1, 2)",650a2466738bb786a6c7849b
35.250000000000284,24.0,4731,test,2717.555926975695,1.0,1.0,"(1, 2)",650a2466738bb786a6c7849b
36.50000000000057,24.0,4732,test,2718.8059269756955,1.0,1.0,"(1, 2)",650a2466738bb786a6c7849b
37.75000000000085,24.0,4733,test,2720.055926975696,1.0,1.0,"(1, 2)",650a2466738bb786a6c7849b
39.00000000000114,24.0,4734,test,2721.3059269756964,1.0,1.0,"(1, 2)",650a2466738bb786a6c7849b
40.0,24.0,4735,test,2722.305926975695,1.0,1.0,"(1, 2)",650a2466738bb786a6c7849b
40.0,24.0,4736,test,2722.305926975695,1.0,1.0,"(1, 2)",650a2466738bb786a6c7849b
40.0,24.0,4737,test,2722.305926975695,1.0,1.0,"(1, 2)",650a2466738bb786a6c7849b
40.0,24.0,4738,test,2722.305926975695,1.0,1.0,"(1, 2)",650a2466738bb786a6c7849b
40.0,24.0,4739,test,2722.305926975695,1.0,1.0,"(1, 2)",650a2466738bb786a6c7849b
40.0,24.0,4740,test,2722.305926975695,1.0,1.0,"(1, 2)",650a2466738bb786a6c7849b
40.0,24.0,4741,test,2722.305926975695,1.0,1.0,"(1, 2)",650a2466738bb786a6c7849b
40.0,24.0,4742,test,2722.305926975695,1.0,1.0,"(1, 2)",650a2466738bb786a6c7849b
40.0,24.0,4743,test,2722.305926975695,1.0,1.0,"(1, 2)",650a2466738bb786a6c7849b
40.0,24.0,4744,test,2722.305926975695,1.0,1.0,"(1, 2)",650a2466738bb786a6c7849b
40.0,24.0,4745,test,2722.305926975695,1.0,1.0,"(1, 2)",650a2466738bb786a6c7849b
40.0,24.0,4746,test,2722.305926975695,1.0,1.0,"(1, 2)",650a2466738bb786a6c7849b
40.0,24.0,4747,test,2722.305926975695,1.0,1.0,"(1, 2)",650a2466738bb786a6c7849b
40.0,24.0,4748,test,2722.305926975695,1.0,1.0,"(1, 2)",650a2466738bb786a6c7849b
40.0,24.0,4749,test,2722.305926975695,1.0,1.0,"(1, 2)",650a2466738bb786a6c7849b
40.0,24.0,4750,test,2722.305926975695,1.0,1.0,"(1, 2)",650a2466738bb786a6c7849b
40.0,24.0,4751,test,2722.305926975695,1.0,1.0,"(1, 2)",650a2466738bb786a6c7849b
40.0,24.0,4752,test,2722.305926975695,1.0,1.0,"(1, 2)",650a2466738bb786a6c7849b
40.0,24.0,4753,test,2722.305926975695,1.0,1.0,"(1, 2)",650a2466738bb786a6c7849b
40.0,24.0,4754,test,2722.305926975695,1.0,1.0,"(1, 2)",650a2466738bb786a6c7849b
40.0,24.0,4755,test,2722.305926975695,1.0,1.0,"(1, 2)",650a2466738bb786a6c7849b
40.0,24.0,4756,test,2722.305926975695,1.0,1.0,"(1, 2)",650a2466738bb786a6c7849b
40.0,24.0,4757,test,2722.305926975695,1.0,1.0,"(1, 2)",650a2466738bb786a6c7849b
40.0,24.0,4758,test,2722.305926975695,1.0,1.0,"(1, 2)",650a2466738bb786a6c7849b
41.250000000000284,24.0,4759,test,2723.5559269756955,1.0,1.0,"(1, 2)",650a2466738bb786a6c7849b
42.50000000000057,24.0,4760,test,2724.805926975696,1.0,1.0,"(1, 2)",650a2466738bb786a6c7849b
43.75000000000085,24.0,4761,test,2726.0559269756964,1.0,1.0,"(1, 2)",650a2466738bb786a6c7849b
45.00000000000114,24.0,4762,test,2727.305926975697,1.0,1.0,"(1, 2)",650a2466738bb786a6c7849b
46.25000000000142,24.0,4763,test,2728.5559269756973,1.0,1.0,"(1, 2)",650a2466738bb786a6c7849b
47.500000000001705,24.0,4764,test,2729.8059269756977,1.0,1.0,"(1, 2)",650a2466738bb786a6c7849b
48.75000000000199,24.0,4765,test,2731.055926975698,1.0,1.0,"(1, 2)",650a2466738bb786a6c7849b
50.000000000002274,24.0,4766,test,2732.3059269756986,1.0,1.0,"(1, 2)",650a2466738bb786a6c7849b
51.25000000000256,24.0,4767,test,2733.555926975699,1.0,1.0,"(1, 2)",650a2466738bb786a6c7849b
52.50000000000284,24.0,4768,test,2734.8059269756995,1.0,1.0,"(1, 2)",650a2466738bb786a6c7849b
53.750000000003126,24.0,4769,test,2736.0559269757,1.0,1.0,"(1, 2)",650a2466738bb786a6c7849b
55.00000000000341,24.0,4770,test,2737.3059269757005,1.0,1.0,"(1, 2)",650a2466738bb786a6c7849b
56.250000000003695,24.0,4771,test,2738.555926975701,1.0,1.0,"(1, 2)",650a2466738bb786a6c7849b
57.50000000000398,24.0,4772,test,2739.8059269757014,1.0,1.0,"(1, 2)",650a2466738bb786a6c7849b
58.75000000000426,24.0,4773,test,2741.055926975702,1.0,1.0,"(1, 2)",650a2466738bb786a6c7849b
60.00000000000455,24.0,4774,test,2742.3059269757023,1.0,1.0,"(1, 2)",650a2466738bb786a6c7849b
61.25000000000483,24.0,4775,test,2743.5559269757027,1.0,1.0,"(1, 2)",650a2466738bb786a6c7849b
62.500000000005116,24.0,4776,test,2744.805926975703,1.0,1.0,"(1, 2)",650a2466738bb786a6c7849b
63.7500000000054,24.0,4777,test,2746.0559269757036,1.0,1.0,"(1, 2)",650a2466738bb786a6c7849b
65.00000000000568,24.0,4778,test,2747.305926975704,1.0,1.0,"(1, 2)",650a2466738bb786a6c7849b
66.25000000000597,24.0,4779,test,2748.5559269757046,1.0,1.0,"(1, 2)",650a2466738bb786a6c7849b
67.50000000000625,24.0,4780,test,2749.805926975705,1.0,1.0,"(1, 2)",650a2466738bb786a6c7849b
68.75000000000654,24.0,4781,test,2751.0559269757055,1.0,1.0,"(1, 2)",650a2466738bb786a6c7849b
70.00000000000682,24.0,4782,test,2752.305926975706,1.0,1.0,"(1, 2)",650a2466738bb786a6c7849b
71.2500000000071,24.0,4783,test,2753.5559269757064,1.0,1.0,"(1, 2)",650a2466738bb786a6c7849b
72.50000000000739,24.0,4784,test,2754.805926975707,1.0,1.0,"(1, 2)",650a2466738bb786a6c7849b
73.75000000000767,24.0,4785,test,2756.0559269757073,1.0,1.0,"(1, 2)",650a2466738bb786a6c7849b
75.00000000000796,24.0,4786,test,2757.3059269757077,1.0,1.0,"(1, 2)",650a2466738bb786a6c7849b
76.25000000000824,24.0,4787,test,2758.555926975708,1.0,1.0,"(1, 2)",650a2466738bb786a6c7849b
77.50000000000853,24.0,4788,test,2759.8059269757086,1.0,1.0,"(1, 2)",650a2466738bb786a6c7849b
78.75000000000881,24.0,4789,test,2761.055926975709,1.0,1.0,"(1, 2)",650a2466738bb786a6c7849b
80.0000000000091,24.0,4790,test,2762.3059269757096,1.0,1.0,"(1, 2)",650a2466738bb786a6c7849b
81.25000000000938,24.0,4791,test,2763.55592697571,1.0,1.0,"(1, 2)",650a2466738bb786a6c7849b
82.50000000000966,24.0,4792,test,2764.8059269757105,1.0,1.0,"(1, 2)",650a2466738bb786a6c7849b
83.75000000000995,24.0,4793,test,2766.055926975711,1.0,1.0,"(1, 2)",650a2466738bb786a6c7849b
85.00000000001023,24.0,4794,test,2767.3059269757114,1.0,1.0,"(1, 2)",650a2466738bb786a6c7849b
86.25000000001052,24.0,4795,test,2768.555926975712,1.0,1.0,"(1, 2)",650a2466738bb786a6c7849b
87.5000000000108,24.0,4796,test,2769.8059269757123,1.0,1.0,"(1, 2)",650a2466738bb786a6c7849b
88.0,24.0,4797,test,2770.3059269757014,1.0,1.0,"(1, 2)",650a2466738bb786a6c7849b
88.0,24.0,4798,test,2770.3059269757014,1.0,1.0,"(1, 2)",650a2466738bb786a6c7849b
88.0,24.0,4799,test,2770.3059269757014,1.0,1.0,"(1, 2)",650a2466738bb786a6c7849b
88.0,24.0,4800,test,2770.3059269757014,1.0,1.0,"(1, 2)",650a2466738bb786a6c7849b
88.0,24.0,4801,test,2770.3059269757014,1.0,1.0,"(1, 2)",650a2466738bb786a6c7849b
88.0,24.0,4802,test,2770.3059269757014,1.0,1.0,"(1, 2)",650a2466738bb786a6c7849b
88.0,24.0,4803,test,2770.3059269757014,1.0,1.0,"(1, 2)",650a2466738bb786a6c7849b
88.0,24.0,4804,test,2770.3059269757014,1.0,1.0,"(1, 2)",650a2466738bb786a6c7849b
88.0,24.0,4805,test,2770.3059269757014,1.0,1.0,"(1, 2)",650a2466738bb786a6c7849b
88.0,24.0,4806,test,2770.3059269757014,1.0,1.0,"(1, 2)",650a2466738bb786a6c7849b
88.0,24.0,4807,test,2770.3059269757014,1.0,1.0,"(1, 2)",650a2466738bb786a6c7849b
88.0,24.0,4808,test,2770.3059269757014,1.0,1.0,"(1, 2)",650a2466738bb786a6c7849b
88.0,24.0,4809,test,2770.3059269757014,1.0,1.0,"(1, 2)",650a2466738bb786a6c7849b
88.0,24.0,4810,test,2770.3059269757014,1.0,1.0,"(1, 2)",650a2466738bb786a6c7849b
88.0,24.0,4811,test,2770.3059269757014,1.0,1.0,"(1, 2)",650a2466738bb786a6c7849b
88.0,24.0,4812,test,2770.3059269757014,1.0,1.0,"(1, 2)",650a2466738bb786a6c7849b
88.0,24.0,4813,test,2770.3059269757014,1.0,1.0,"(1, 2)",650a2466738bb786a6c7849b
88.0,24.0,4814,test,2770.3059269757014,1.0,1.0,"(1, 2)",650a2466738bb786a6c7849b
88.0,24.0,4815,test,2770.3059269757014,1.0,1.0,"(1, 2)",650a2466738bb786a6c7849b
88.0,24.0,4816,test,2770.3059269757014,1.0,1.0,"(1, 2)",650a2466738bb786a6c7849b
88.0,24.0,4817,test,2770.3059269757014,1.0,1.0,"(1, 2)",650a2466738bb786a6c7849b
88.0,24.0,4818,test,2770.3059269757014,1.0,1.0,"(1, 2)",650a2466738bb786a6c7849b
88.0,24.0,4819,test,2770.3059269757014,1.0,1.0,"(1, 2)",650a2466738bb786a6c7849b
88.0,24.0,4820,test,2770.3059269757014,1.0,1.0,"(1, 2)",650a2466738bb786a6c7849b
86.74999999999972,24.0,4821,test,2771.555926975702,1.0,1.0,"(1, 2)",650a2466738bb786a6c7849b
85.49999999999943,24.0,4822,test,2772.8059269757023,1.0,1.0,"(1, 2)",650a2466738bb786a6c7849b
84.24999999999915,24.0,4823,test,2774.0559269757027,1.0,1.0,"(1, 2)",650a2466738bb786a6c7849b
82.99999999999886,24.0,4824,test,2775.305926975703,1.0,1.0,"(1, 2)",650a2466738bb786a6c7849b
81.74999999999858,24.0,4825,test,2776.5559269757036,1.0,1.0,"(1, 2)",650a2466738bb786a6c7849b
80.4999999999983,24.0,4826,test,2777.805926975704,1.0,1.0,"(1, 2)",650a2466738bb786a6c7849b
79.24999999999801,24.0,4827,test,2779.0559269757046,1.0,1.0,"(1, 2)",650a2466738bb786a6c7849b
77.99999999999773,24.0,4828,test,2780.305926975705,1.0,1.0,"(1, 2)",650a2466738bb786a6c7849b
76.74999999999744,24.0,4829,test,2781.5559269757055,1.0,1.0,"(1, 2)",650a2466738bb786a6c7849b
75.49999999999716,24.0,4830,test,2782.805926975706,1.0,1.0,"(1, 2)",650a2466738bb786a6c7849b
74.24999999999687,24.0,4831,test,2784.0559269757064,1.0,1.0,"(1, 2)",650a2466738bb786a6c7849b
72.99999999999659,24.0,4832,test,2785.305926975707,1.0,1.0,"(1, 2)",650a2466738bb786a6c7849b
71.7499999999963,24.0,4833,test,2786.5559269757073,1.0,1.0,"(1, 2)",650a2466738bb786a6c7849b
70.49999999999602,24.0,4834,test,2787.8059269757077,1.0,1.0,"(1, 2)",650a2466738bb786a6c7849b
69.24999999999574,24.0,4835,test,2789.055926975708,1.0,1.0,"(1, 2)",650a2466738bb786a6c7849b
67.99999999999545,24.0,4836,test,2790.3059269757086,1.0,1.0,"(1, 2)",650a2466738bb786a6c7849b
66.74999999999517,24.0,4837,test,2791.555926975709,1.0,1.0,"(1, 2)",650a2466738bb786a6c7849b
65.49999999999488,24.0,4838,test,2792.8059269757096,1.0,1.0,"(1, 2)",650a2466738bb786a6c7849b
64.2499999999946,24.0,4839,test,2794.05592697571,1.0,1.0,"(1, 2)",650a2466738bb786a6c7849b
62.999999999994316,24.0,4840,test,2795.3059269757105,1.0,1.0,"(1, 2)",650a2466738bb786a6c7849b
61.74999999999403,24.0,4841,test,2796.555926975711,1.0,1.0,"(1, 2)",650a2466738bb786a6c7849b
60.49999999999375,24.0,4842,test,2797.8059269757114,1.0,1.0,"(1, 2)",650a2466738bb786a6c7849b
59.24999999999346,24.0,4843,test,2799.055926975712,1.0,1.0,"(1, 2)",650a2466738bb786a6c7849b
57.99999999999318,24.0,4844,test,2800.3059269757123,1.0,1.0,"(1, 2)",650a2466738bb786a6c7849b
56.749999999992895,24.0,4845,test,2801.5559269757127,1.0,1.0,"(1, 2)",650a2466738bb786a6c7849b
55.49999999999261,24.0,4846,test,2802.805926975713,1.0,1.0,"(1, 2)",650a2466738bb786a6c7849b
54.249999999992326,24.0,4847,test,2804.0559269757136,1.0,1.0,"(1, 2)",650a2466738bb786a6c7849b
52.99999999999204,24.0,4848,test,2805.305926975714,1.0,1.0,"(1, 2)",650a2466738bb786a6c7849b
51.74999999999176,24.0,4849,test,2806.5559269757146,1.0,1.0,"(1, 2)",650a2466738bb786a6c7849b
50.49999999999147,24.0,4850,test,2807.805926975715,1.0,1.0,"(1, 2)",650a2466738bb786a6c7849b
49.24999999999119,24.0,4851,test,2809.0559269757155,1.0,1.0,"(1, 2)",650a2466738bb786a6c7849b
47.999999999990905,24.0,4852,test,2810.305926975716,1.0,1.0,"(1, 2)",650a2466738bb786a6c7849b
46.74999999999062,24.0,4853,test,2811.5559269757164,1.0,1.0,"(1, 2)",650a2466738bb786a6c7849b
45.49999999999034,24.0,4854,test,2812.805926975717,1.0,1.0,"(1, 2)",650a2466738bb786a6c7849b
44.24999999999005,24.0,4855,test,2814.0559269757173,1.0,1.0,"(1, 2)",650a2466738bb786a6c7849b
42.99999999998977,24.0,4856,test,2815.3059269757177,1.0,1.0,"(1, 2)",650a2466738bb786a6c7849b
41.749999999989484,24.0,4857,test,2816.555926975718,1.0,1.0,"(1, 2)",650a2466738bb786a6c7849b
40.4999999999892,24.0,4858,test,2817.8059269757186,1.0,1.0,"(1, 2)",650a2466738bb786a6c7849b
39.249999999988916,24.0,4859,test,2819.055926975719,1.0,1.0,"(1, 2)",650a2466738bb786a6c7849b
37.99999999998863,24.0,4860,test,2820.3059269757196,1.0,1.0,"(1, 2)",650a2466738bb786a6c7849b
36.74999999998835,24.0,4861,test,2821.55592697572,1.0,1.0,"(1, 2)",650a2466738bb786a6c7849b
35.49999999998806,24.0,4862,test,2822.8059269757205,1.0,1.0,"(1, 2)",650a2466738bb786a6c7849b
34.24999999998778,24.0,4863,test,2824.055926975721,1.0,1.0,"(1, 2)",650a2466738bb786a6c7849b
32.999999999987494,24.0,4864,test,2825.3059269757214,1.0,1.0,"(1, 2)",650a2466738bb786a6c7849b
31.749999999987285,24.0,4865,test,2826.5559269757214,1.0,1.0,"(1, 2)",650a2466738bb786a6c7849b
30.499999999987356,24.0,4866,test,2827.8059269757214,1.0,1.0,"(1, 2)",650a2466738bb786a6c7849b
29.249999999987427,24.0,4867,test,2829.0559269757214,1.0,1.0,"(1, 2)",650a2466738bb786a6c7849b
27.999999999987498,24.0,4868,test,2830.3059269757214,1.0,1.0,"(1, 2)",650a2466738bb786a6c7849b
26.74999999998757,24.0,4869,test,2831.5559269757214,1.0,1.0,"(1, 2)",650a2466738bb786a6c7849b
25.49999999998764,24.0,4870,test,2832.8059269757214,1.0,1.0,"(1, 2)",650a2466738bb786a6c7849b
24.24999999998771,24.0,4871,test,2834.0559269757214,1.0,1.0,"(1, 2)",650a2466738bb786a6c7849b
24.0,24.0,4872,test,2834.305926975709,1.0,1.0,"(1, 2)",650a2466738bb786a6c7849b
24.0,24.0,4873,test,2834.305926975709,1.0,1.0,"(1, 2)",650a2466738bb786a6c7849b
24.0,24.0,4874,test,2834.305926975709,1.0,1.0,"(1, 2)",650a2466738bb786a6c7849b
24.0,24.0,4875,test,2834.305926975709,1.0,1.0,"(1, 2)",650a2466738bb786a6c7849b
24.0,24.0,4876,test,2834.305926975709,1.0,1.0,"(1, 2)",650a2466738bb786a6c7849b
24.0,24.0,4877,test,2834.305926975709,1.0,1.0,"(1, 2)",650a2466738bb786a6c7849b
24.0,24.0,4878,test,2834.305926975709,1.0,1.0,"(1, 2)",650a2466738bb786a6c7849b
24.0,24.0,4879,test,2834.305926975709,1.0,1.0,"(1, 2)",650a2466738bb786a6c7849b
24.0,24.0,4880,test,2834.305926975709,1.0,1.0,"(1, 2)",650a2466738bb786a6c7849b
24.0,24.0,4881,test,2834.305926975709,1.0,1.0,"(1, 2)",650a2466738bb786a6c7849b
24.0,24.0,4882,test,2834.305926975709,1.0,1.0,"(1, 2)",650a2466738bb786a6c7849b
24.0,24.0,4883,test,2834.305926975709,1.0,1.0,"(1, 2)",650a2466738bb786a6c7849b
24.0,24.0,4884,test,2834.305926975709,1.0,1.0,"(1, 2)",650a2466738bb786a6c7849b
24.0,24.0,4885,test,2834.305926975709,1.0,1.0,"(1, 2)",650a2466738bb786a6c7849b
24.0,24.0,4886,test,2834.305926975709,1.0,1.0,"(1, 2)",650a2466738bb786a6c7849b
24.0,24.0,4887,test,2834.305926975709,1.0,1.0,"(1, 2)",650a2466738bb786a6c7849b
24.0,24.0,4888,test,2834.305926975709,1.0,1.0,"(1, 2)",650a2466738bb786a6c7849b
24.0,24.0,4889,test,2834.305926975709,1.0,1.0,"(1, 2)",650a2466738bb786a6c7849b
24.0,24.0,4890,test,2834.305926975709,1.0,1.0,"(1, 2)",650a2466738bb786a6c7849b
24.0,24.0,4891,test,2834.305926975709,1.0,1.0,"(1, 2)",650a2466738bb786a6c7849b
24.0,24.0,4892,test,2834.305926975709,1.0,1.0,"(1, 2)",650a2466738bb786a6c7849b
24.0,24.0,4893,test,2834.305926975709,1.0,1.0,"(1, 2)",650a2466738bb786a6c7849b
24.0,24.0,4894,test,2834.305926975709,1.0,1.0,"(1, 2)",650a2466738bb786a6c7849b
24.0,24.0,4895,test,2834.305926975709,1.0,1.0,"(1, 2)",650a2466738bb786a6c7849b
24.0,24.0,4896,test,2834.305926975709,1.0,1.0,"(1, 2)",650a2466738bb786a6c7849b
24.0,24.0,4897,test,2834.305926975709,1.0,1.0,"(1, 2)",650a2466738bb786a6c7849b
24.0,24.0,4898,test,2834.305926975709,1.0,1.0,"(1, 2)",650a2466738bb786a6c7849b
24.0,24.0,4899,test,2834.305926975709,1.0,1.0,"(1, 2)",650a2466738bb786a6c7849b
24.0,24.0,4900,test,2834.305926975709,1.0,1.0,"(1, 2)",650a2466738bb786a6c7849b
24.0,24.0,4901,test,2834.305926975709,1.0,1.0,"(1, 2)",650a2466738bb786a6c7849b
24.0,24.0,4902,test,2834.305926975709,1.0,1.0,"(1, 2)",650a2466738bb786a6c7849b
24.0,24.0,4903,test,2834.305926975709,1.0,1.0,"(1, 2)",650a2466738bb786a6c7849b
24.0,24.0,4904,test,2834.305926975709,1.0,1.0,"(1, 2)",650a2466738bb786a6c7849b
24.0,24.0,4905,test,2834.305926975709,1.0,1.0,"(1, 2)",650a2466738bb786a6c7849b
24.0,24.0,4906,test,2834.305926975709,1.0,1.0,"(1, 2)",650a2466738bb786a6c7849b
24.0,24.0,4907,test,2834.305926975709,1.0,1.0,"(1, 2)",650a2466738bb786a6c7849b
24.0,24.0,4908,test,2834.305926975709,1.0,1.0,"(1, 2)",650a2466738bb786a6c7849b
24.0,24.0,4909,test,2834.305926975709,1.0,1.0,"(1, 2)",650a2466738bb786a6c7849b
24.0,24.0,4910,test,2834.305926975709,1.0,1.0,"(1, 2)",650a2466738bb786a6c7849b
24.0,24.0,4911,test,2834.305926975709,1.0,1.0,"(1, 2)",650a2466738bb786a6c7849b
24.0,24.0,4912,test,2834.305926975709,1.0,1.0,"(1, 2)",650a2466738bb786a6c7849b
24.0,24.0,4913,test,2834.305926975709,1.0,1.0,"(1, 2)",650a2466738bb786a6c7849b
24.0,24.0,4914,test,2834.305926975709,1.0,1.0,"(1, 2)",650a2466738bb786a6c7849b
24.0,24.0,4915,test,2834.305926975709,1.0,1.0,"(1, 2)",650a2466738bb786a6c7849b
24.0,24.0,4916,test,2834.305926975709,1.0,1.0,"(1, 2)",650a2466738bb786a6c7849b
24.0,24.0,4917,test,2834.305926975709,1.0,1.0,"(1, 2)",650a2466738bb786a6c7849b
24.0,24.0,4918,test,2834.305926975709,1.0,1.0,"(1, 2)",650a2466738bb786a6c7849b
24.0,24.0,4919,test,2834.305926975709,1.0,1.0,"(1, 2)",650a2466738bb786a6c7849b
24.0,24.0,4920,test,2834.305926975709,1.0,1.0,"(1, 2)",650a2466738bb786a6c7849b
24.0,24.0,4921,test,2834.305926975709,1.0,1.0,"(1, 2)",650a2466738bb786a6c7849b
24.0,24.0,4922,test,2834.305926975709,1.0,1.0,"(1, 2)",650a2466738bb786a6c7849b
24.0,24.0,4923,test,2834.305926975709,1.0,1.0,"(1, 2)",650a2466738bb786a6c7849b
24.0,24.0,4924,test,2834.305926975709,1.0,1.0,"(1, 2)",650a2466738bb786a6c7849b
24.0,24.0,4925,test,2834.305926975709,1.0,1.0,"(1, 2)",650a2466738bb786a6c7849b
24.0,24.0,4926,test,2834.305926975709,1.0,1.0,"(1, 2)",650a2466738bb786a6c7849b
24.0,24.0,4927,test,2834.305926975709,1.0,1.0,"(1, 2)",650a2466738bb786a6c7849b
24.0,24.0,4928,test,2834.305926975709,1.0,1.0,"(1, 2)",650a2466738bb786a6c7849b
24.0,24.0,4929,test,2834.305926975709,1.0,1.0,"(1, 2)",650a2466738bb786a6c7849b
24.0,24.0,4930,test,2834.305926975709,1.0,1.0,"(1, 2)",650a2466738bb786a6c7849b
24.0,24.0,4931,test,2834.305926975709,1.0,1.0,"(1, 2)",650a2466738bb786a6c7849b
24.0,24.0,4932,test,2834.305926975709,1.0,1.0,"(1, 2)",650a2466738bb786a6c7849b
24.0,24.0,4933,test,2834.305926975709,1.0,1.0,"(1, 2)",650a2466738bb786a6c7849b
24.0,24.0,4934,test,2834.305926975709,1.0,1.0,"(1, 2)",650a2466738bb786a6c7849b
24.0,24.0,4935,test,2834.305926975709,1.0,1.0,"(1, 2)",650a2466738bb786a6c7849b
24.0,24.0,4936,test,2834.305926975709,1.0,1.0,"(1, 2)",650a2466738bb786a6c7849b
24.0,24.0,4937,test,2834.305926975709,1.0,1.0,"(1, 2)",650a2466738bb786a6c7849b
24.0,24.0,4938,test,2834.305926975709,1.0,1.0,"(1, 2)",650a2466738bb786a6c7849b
24.0,24.0,4939,test,2834.305926975709,1.0,1.0,"(1, 2)",650a2466738bb786a6c7849b
24.0,24.0,4940,test,2834.305926975709,1.0,1.0,"(1, 2)",650a2466738bb786a6c7849b
24.0,24.0,4941,test,2834.305926975709,1.0,1.0,"(1, 2)",650a2466738bb786a6c7849b
24.0,24.0,4942,test,2834.305926975709,1.0,1.0,"(1, 2)",650a2466738bb786a6c7849b
24.0,24.0,4943,test,2834.305926975709,1.0,1.0,"(1, 2)",650a2466738bb786a6c7849b
24.0,24.0,4944,test,2834.305926975709,1.0,1.0,"(1, 2)",650a2466738bb786a6c7849b
24.0,24.0,4945,test,2834.305926975709,1.0,1.0,"(1, 2)",650a2466738bb786a6c7849b
24.0,24.0,4946,test,2834.305926975709,1.0,1.0,"(1, 2)",650a2466738bb786a6c7849b
24.0,24.0,4947,test,2834.305926975709,1.0,1.0,"(1, 2)",650a2466738bb786a6c7849b
24.0,24.0,4948,test,2834.305926975709,1.0,1.0,"(1, 2)",650a2466738bb786a6c7849b
24.0,24.0,4949,test,2834.305926975709,1.0,1.0,"(1, 2)",650a2466738bb786a6c7849b
24.0,24.0,4950,test,2834.305926975709,1.0,1.0,"(1, 2)",650a2466738bb786a6c7849b
24.0,24.0,4951,test,2834.305926975709,1.0,1.0,"(1, 2)",650a2466738bb786a6c7849b
24.0,24.0,4952,test,2834.305926975709,1.0,1.0,"(1, 2)",650a2466738bb786a6c7849b
24.0,24.0,4953,test,2834.305926975709,1.0,1.0,"(1, 2)",650a2466738bb786a6c7849b
24.0,24.0,4954,test,2834.305926975709,1.0,1.0,"(1, 2)",650a2466738bb786a6c7849b
24.0,24.0,4955,test,2834.305926975709,1.0,1.0,"(1, 2)",650a2466738bb786a6c7849b
24.0,24.0,4956,test,2834.305926975709,1.0,1.0,"(1, 2)",650a2466738bb786a6c7849b
24.0,24.0,4957,test,2834.305926975709,1.0,1.0,"(1, 2)",650a2466738bb786a6c7849b
24.0,24.0,4958,test,2834.305926975709,1.0,1.0,"(1, 2)",650a2466738bb786a6c7849b
24.0,24.0,4959,test,2834.305926975709,1.0,1.0,"(1, 2)",650a2466738bb786a6c7849b
24.0,24.0,4960,test,2834.305926975709,1.0,1.0,"(1, 2)",650a2466738bb786a6c7849b
24.0,24.0,4961,test,2834.305926975709,1.0,1.0,"(1, 2)",650a2466738bb786a6c7849b
24.0,24.0,4962,test,2834.305926975709,1.0,1.0,"(1, 2)",650a2466738bb786a6c7849b
24.0,24.0,4963,test,2834.305926975709,1.0,1.0,"(1, 2)",650a2466738bb786a6c7849b
24.0,24.0,4964,test,2834.305926975709,1.0,1.0,"(1, 2)",650a2466738bb786a6c7849b
24.0,24.0,4965,test,2834.305926975709,1.0,1.0,"(1, 2)",650a2466738bb786a6c7849b
24.0,24.0,4966,test,2834.305926975709,1.0,1.0,"(1, 2)",650a2466738bb786a6c7849b
24.0,24.0,4967,test,2834.305926975709,1.0,1.0,"(1, 2)",650a2466738bb786a6c7849b
24.0,24.0,4968,test,2834.305926975709,1.0,1.0,"(1, 2)",650a2466738bb786a6c7849b
24.0,24.0,4969,test,2834.305926975709,1.0,1.0,"(1, 2)",650a2466738bb786a6c7849b
24.0,24.0,4970,test,2834.305926975709,1.0,1.0,"(1, 2)",650a2466738bb786a6c7849b
24.0,24.0,4971,test,2834.305926975709,1.0,1.0,"(1, 2)",650a2466738bb786a6c7849b
24.0,24.0,4972,test,2834.305926975709,1.0,1.0,"(1, 2)",650a2466738bb786a6c7849b
24.0,24.0,4973,test,2834.305926975709,1.0,1.0,"(1, 2)",650a2466738bb786a6c7849b
24.0,24.0,4974,test,2834.305926975709,1.0,1.0,"(1, 2)",650a2466738bb786a6c7849b
24.0,24.0,4975,test,2834.305926975709,1.0,1.0,"(1, 2)",650a2466738bb786a6c7849b
24.0,24.0,4976,test,2834.305926975709,1.0,1.0,"(1, 2)",650a2466738bb786a6c7849b
24.0,24.0,4977,test,2834.305926975709,1.0,1.0,"(1, 2)",650a2466738bb786a6c7849b
24.0,24.0,4978,test,2834.305926975709,1.0,1.0,"(1, 2)",650a2466738bb786a6c7849b
24.0,24.0,4979,test,2834.305926975709,1.0,1.0,"(1, 2)",650a2466738bb786a6c7849b
24.0,24.0,4980,test,2834.305926975709,1.0,1.0,"(1, 2)",650a2466738bb786a6c7849b
24.0,24.0,4981,test,2834.305926975709,1.0,1.0,"(1, 2)",650a2466738bb786a6c7849b
24.0,24.0,4982,test,2834.305926975709,1.0,1.0,"(1, 2)",650a2466738bb786a6c7849b
24.0,24.0,4983,test,2834.305926975709,1.0,1.0,"(1, 2)",650a2466738bb786a6c7849b
24.0,24.0,4984,test,2834.305926975709,1.0,1.0,"(1, 2)",650a2466738bb786a6c7849b
24.0,24.0,4985,test,2834.305926975709,1.0,1.0,"(1, 2)",650a2466738bb786a6c7849b
24.0,24.0,4986,test,2834.305926975709,1.0,1.0,"(1, 2)",650a2466738bb786a6c7849b
24.0,24.0,4987,test,2834.305926975709,1.0,1.0,"(1, 2)",650a2466738bb786a6c7849b
24.0,24.0,4988,test,2834.305926975709,1.0,1.0,"(1, 2)",650a2466738bb786a6c7849b
24.0,24.0,4989,test,2834.305926975709,1.0,1.0,"(1, 2)",650a2466738bb786a6c7849b
24.0,25.24999999999993,4990,test,2835.555926975709,1.0,1.0,"(1, 2)",650a2466738bb786a6c7849b
24.0,26.499999999999858,4991,test,2836.805926975709,1.0,1.0,"(1, 2)",650a2466738bb786a6c7849b
24.0,27.749999999999787,4992,test,2838.055926975709,1.0,1.0,"(1, 2)",650a2466738bb786a6c7849b
24.0,28.999999999999716,4993,test,2839.305926975709,1.0,1.0,"(1, 2)",650a2466738bb786a6c7849b
24.0,30.249999999999645,4994,test,2840.555926975709,1.0,1.0,"(1, 2)",650a2466738bb786a6c7849b
24.0,31.499999999999574,4995,test,2841.805926975709,1.0,1.0,"(1, 2)",650a2466738bb786a6c7849b
24.0,32.749999999999716,4996,test,2843.055926975709,1.0,1.0,"(1, 2)",650a2466738bb786a6c7849b
24.0,34.0,4997,test,2844.3059269757096,1.0,1.0,"(1, 2)",650a2466738bb786a6c7849b
24.0,35.250000000000284,4998,test,2845.55592697571,1.0,1.0,"(1, 2)",650a2466738bb786a6c7849b
24.0,36.50000000000057,4999,test,2846.8059269757105,1.0,1.0,"(1, 2)",650a2466738bb786a6c7849b
24.0,37.75000000000085,5000,test,2848.055926975711,1.0,1.0,"(1, 2)",650a2466738bb786a6c7849b
24.0,39.00000000000114,5001,test,2849.3059269757114,1.0,1.0,"(1, 2)",650a2466738bb786a6c7849b
24.0,40.25000000000142,5002,test,2850.555926975712,1.0,1.0,"(1, 2)",650a2466738bb786a6c7849b
24.0,41.500000000001705,5003,test,2851.8059269757123,1.0,1.0,"(1, 2)",650a2466738bb786a6c7849b
24.0,42.75000000000199,5004,test,2853.0559269757127,1.0,1.0,"(1, 2)",650a2466738bb786a6c7849b
24.0,44.000000000002274,5005,test,2854.305926975713,1.0,1.0,"(1, 2)",650a2466738bb786a6c7849b
24.0,45.25000000000256,5006,test,2855.5559269757136,1.0,1.0,"(1, 2)",650a2466738bb786a6c7849b
24.0,46.50000000000284,5007,test,2856.805926975714,1.0,1.0,"(1, 2)",650a2466738bb786a6c7849b
24.0,47.750000000003126,5008,test,2858.0559269757146,1.0,1.0,"(1, 2)",650a2466738bb786a6c7849b
24.0,49.00000000000341,5009,test,2859.305926975715,1.0,1.0,"(1, 2)",650a2466738bb786a6c7849b
24.0,50.250000000003695,5010,test,2860.5559269757155,1.0,1.0,"(1, 2)",650a2466738bb786a6c7849b
24.0,51.50000000000398,5011,test,2861.805926975716,1.0,1.0,"(1, 2)",650a2466738bb786a6c7849b
24.0,52.75000000000426,5012,test,2863.0559269757164,1.0,1.0,"(1, 2)",650a2466738bb786a6c7849b
24.0,54.00000000000455,5013,test,2864.305926975717,1.0,1.0,"(1, 2)",650a2466738bb786a6c7849b
24.0,55.25000000000483,5014,test,2865.5559269757173,1.0,1.0,"(1, 2)",650a2466738bb786a6c7849b
24.0,56.0,5015,test,2866.3059269757123,1.0,1.0,"(1, 2)",650a2466738bb786a6c7849b
24.0,56.0,5016,test,2866.3059269757123,1.0,1.0,"(1, 2)",650a2466738bb786a6c7849b
24.0,56.0,5017,test,2866.3059269757123,1.0,1.0,"(1, 2)",650a2466738bb786a6c7849b
24.0,56.0,5018,test,2866.3059269757123,1.0,1.0,"(1, 2)",650a2466738bb786a6c7849b
24.0,56.0,5019,test,2866.3059269757123,1.0,1.0,"(1, 2)",650a2466738bb786a6c7849b
24.0,56.0,5020,test,2866.3059269757123,1.0,1.0,"(1, 2)",650a2466738bb786a6c7849b
24.0,56.0,5021,test,2866.3059269757123,1.0,1.0,"(1, 2)",650a2466738bb786a6c7849b
24.0,56.0,5022,test,2866.3059269757123,1.0,1.0,"(1, 2)",650a2466738bb786a6c7849b
24.0,56.0,5023,test,2866.3059269757123,1.0,1.0,"(1, 2)",650a2466738bb786a6c7849b
24.0,56.0,5024,test,2866.3059269757123,1.0,1.0,"(1, 2)",650a2466738bb786a6c7849b
24.0,56.0,5025,test,2866.3059269757123,1.0,1.0,"(1, 2)",650a2466738bb786a6c7849b
24.0,56.0,5026,test,2866.3059269757123,1.0,1.0,"(1, 2)",650a2466738bb786a6c7849b
24.0,56.0,5027,test,2866.3059269757123,1.0,1.0,"(1, 2)",650a2466738bb786a6c7849b
24.0,56.0,5028,test,2866.3059269757123,1.0,1.0,"(1, 2)",650a2466738bb786a6c7849b
24.0,56.0,5029,test,2866.3059269757123,1.0,1.0,"(1, 2)",650a2466738bb786a6c7849b
24.0,56.0,5030,test,2866.3059269757123,1.0,1.0,"(1, 2)",650a2466738bb786a6c7849b
24.0,56.0,5031,test,2866.3059269757123,1.0,1.0,"(1, 2)",650a2466738bb786a6c7849b
24.0,56.0,5032,test,2866.3059269757123,1.0,1.0,"(1, 2)",650a2466738bb786a6c7849b
24.0,56.0,5033,test,2866.3059269757123,1.0,1.0,"(1, 2)",650a2466738bb786a6c7849b
24.0,54.749999999999716,5034,test,2867.5559269757127,1.0,1.0,"(1, 2)",650a2466738bb786a6c7849b
24.0,53.49999999999943,5035,test,2868.805926975713,1.0,1.0,"(1, 2)",650a2466738bb786a6c7849b
24.0,52.24999999999915,5036,test,2870.0559269757136,1.0,1.0,"(1, 2)",650a2466738bb786a6c7849b
24.0,50.99999999999886,5037,test,2871.305926975714,1.0,1.0,"(1, 2)",650a2466738bb786a6c7849b
24.0,49.74999999999858,5038,test,2872.5559269757146,1.0,1.0,"(1, 2)",650a2466738bb786a6c7849b
24.0,48.499999999998295,5039,test,2873.805926975715,1.0,1.0,"(1, 2)",650a2466738bb786a6c7849b
24.0,47.24999999999801,5040,test,2875.0559269757155,1.0,1.0,"(1, 2)",650a2466738bb786a6c7849b
24.0,45.999999999997726,5041,test,2876.305926975716,1.0,1.0,"(1, 2)",650a2466738bb786a6c7849b
24.0,44.74999999999744,5042,test,2877.5559269757164,1.0,1.0,"(1, 2)",650a2466738bb786a6c7849b
24.0,43.49999999999716,5043,test,2878.805926975717,1.0,1.0,"(1, 2)",650a2466738bb786a6c7849b
24.0,42.249999999996874,5044,test,2880.0559269757173,1.0,1.0,"(1, 2)",650a2466738bb786a6c7849b
24.0,40.99999999999659,5045,test,2881.3059269757177,1.0,1.0,"(1, 2)",650a2466738bb786a6c7849b
24.0,39.749999999996305,5046,test,2882.555926975718,1.0,1.0,"(1, 2)",650a2466738bb786a6c7849b
24.0,38.49999999999602,5047,test,2883.8059269757186,1.0,1.0,"(1, 2)",650a2466738bb786a6c7849b
24.0,37.24999999999574,5048,test,2885.055926975719,1.0,1.0,"(1, 2)",650a2466738bb786a6c7849b
24.0,35.99999999999545,5049,test,2886.3059269757196,1.0,1.0,"(1, 2)",650a2466738bb786a6c7849b
24.0,34.74999999999517,5050,test,2887.55592697572,1.0,1.0,"(1, 2)",650a2466738bb786a6c7849b
24.0,33.499999999994884,5051,test,2888.8059269757205,1.0,1.0,"(1, 2)",650a2466738bb786a6c7849b
24.0,32.2499999999946,5052,test,2890.055926975721,1.0,1.0,"(1, 2)",650a2466738bb786a6c7849b
24.0,30.999999999994603,5053,test,2891.305926975721,1.0,1.0,"(1, 2)",650a2466738bb786a6c7849b
24.0,29.749999999994674,5054,test,2892.555926975721,1.0,1.0,"(1, 2)",650a2466738bb786a6c7849b
24.0,28.499999999994746,5055,test,2893.805926975721,1.0,1.0,"(1, 2)",650a2466738bb786a6c7849b
24.0,27.249999999994817,5056,test,2895.055926975721,1.0,1.0,"(1, 2)",650a2466738bb786a6c7849b
24.0,25.999999999994888,5057,test,2896.305926975721,1.0,1.0,"(1, 2)",650a2466738bb786a6c7849b
24.0,24.74999999999496,5058,test,2897.555926975721,1.0,1.0,"(1, 2)",650a2466738bb786a6c7849b
24.0,24.0,5059,test,2898.305926975716,1.0,1.0,"(1, 2)",650a2466738bb786a6c7849b
24.0,24.0,5060,test,2898.305926975716,1.0,1.0,"(1, 2)",650a2466738bb786a6c7849b
24.0,24.0,5061,test,2898.305926975716,1.0,1.0,"(1, 2)",650a2466738bb786a6c7849b
24.0,24.0,5062,test,2898.305926975716,1.0,1.0,"(1, 2)",650a2466738bb786a6c7849b
24.0,24.0,5063,test,2898.305926975716,1.0,1.0,"(1, 2)",650a2466738bb786a6c7849b
24.0,24.0,5064,test,2898.305926975716,1.0,1.0,"(1, 2)",650a2466738bb786a6c7849b
24.0,24.0,5065,test,2898.305926975716,1.0,1.0,"(1, 2)",650a2466738bb786a6c7849b
24.0,24.0,5066,test,2898.305926975716,1.0,1.0,"(1, 2)",650a2466738bb786a6c7849b
24.0,24.0,5067,test,2898.305926975716,1.0,1.0,"(1, 2)",650a2466738bb786a6c7849b
24.0,24.0,5068,test,2898.305926975716,1.0,1.0,"(1, 2)",650a2466738bb786a6c7849b
24.0,24.0,5069,test,2898.305926975716,1.0,1.0,"(1, 2)",650a2466738bb786a6c7849b
24.0,24.0,5070,test,2898.305926975716,1.0,1.0,"(1, 2)",650a2466738bb786a6c7849b
24.0,24.0,5071,test,2898.305926975716,1.0,1.0,"(1, 2)",650a2466738bb786a6c7849b
24.0,24.0,5072,test,2898.305926975716,1.0,1.0,"(1, 2)",650a2466738bb786a6c7849b
24.0,24.0,5073,test,2898.305926975716,1.0,1.0,"(1, 2)",650a2466738bb786a6c7849b
24.0,24.0,5074,test,2898.305926975716,1.0,1.0,"(1, 2)",650a2466738bb786a6c7849b
24.0,24.0,5075,test,2898.305926975716,1.0,1.0,"(1, 2)",650a2466738bb786a6c7849b
24.0,24.0,5076,test,2898.305926975716,1.0,1.0,"(1, 2)",650a2466738bb786a6c7849b
24.0,24.0,5077,test,2898.305926975716,1.0,1.0,"(1, 2)",650a2466738bb786a6c7849b
24.0,24.0,5078,test,2898.305926975716,1.0,1.0,"(1, 2)",650a2466738bb786a6c7849b
24.0,24.0,5079,test,2898.305926975716,1.0,1.0,"(1, 2)",650a2466738bb786a6c7849b
24.0,24.0,5080,test,2898.305926975716,1.0,1.0,"(1, 2)",650a2466738bb786a6c7849b
24.0,24.0,5081,test,2898.305926975716,1.0,1.0,"(1, 2)",650a2466738bb786a6c7849b
24.0,24.0,5082,test,2898.305926975716,1.0,1.0,"(1, 2)",650a2466738bb786a6c7849b
24.0,24.0,5083,test,2898.305926975716,1.0,1.0,"(1, 2)",650a2466738bb786a6c7849b
24.0,24.0,5084,test,2898.305926975716,1.0,1.0,"(1, 2)",650a2466738bb786a6c7849b
24.0,24.0,5085,test,2898.305926975716,1.0,1.0,"(1, 2)",650a2466738bb786a6c7849b
24.0,24.0,5086,test,2898.305926975716,1.0,1.0,"(1, 2)",650a2466738bb786a6c7849b
24.0,24.0,5087,test,2898.305926975716,1.0,1.0,"(1, 2)",650a2466738bb786a6c7849b
24.0,25.24999999999993,5088,test,2899.555926975716,1.0,1.0,"(1, 2)",650a2466738bb786a6c7849b
24.0,26.499999999999858,5089,test,2900.805926975716,1.0,1.0,"(1, 2)",650a2466738bb786a6c7849b
24.0,27.749999999999787,5090,test,2902.055926975716,1.0,1.0,"(1, 2)",650a2466738bb786a6c7849b
24.0,28.999999999999716,5091,test,2903.305926975716,1.0,1.0,"(1, 2)",650a2466738bb786a6c7849b
24.0,30.249999999999645,5092,test,2904.555926975716,1.0,1.0,"(1, 2)",650a2466738bb786a6c7849b
24.0,31.499999999999574,5093,test,2905.805926975716,1.0,1.0,"(1, 2)",650a2466738bb786a6c7849b
24.0,32.749999999999716,5094,test,2907.055926975716,1.0,1.0,"(1, 2)",650a2466738bb786a6c7849b
24.0,34.0,5095,test,2908.3059269757164,1.0,1.0,"(1, 2)",650a2466738bb786a6c7849b
24.0,35.250000000000284,5096,test,2909.555926975717,1.0,1.0,"(1, 2)",650a2466738bb786a6c7849b
24.0,36.50000000000057,5097,test,2910.8059269757173,1.0,1.0,"(1, 2)",650a2466738bb786a6c7849b
24.0,37.75000000000085,5098,test,2912.0559269757177,1.0,1.0,"(1, 2)",650a2466738bb786a6c7849b
24.0,39.00000000000114,5099,test,2913.305926975718,1.0,1.0,"(1, 2)",650a2466738bb786a6c7849b
24.0,40.25000000000142,5100,test,2914.5559269757186,1.0,1.0,"(1, 2)",650a2466738bb786a6c7849b
24.0,41.500000000001705,5101,test,2915.805926975719,1.0,1.0,"(1, 2)",650a2466738bb786a6c7849b
24.0,42.75000000000199,5102,test,2917.0559269757196,1.0,1.0,"(1, 2)",650a2466738bb786a6c7849b
24.0,44.000000000002274,5103,test,2918.30592697572,1.0,1.0,"(1, 2)",650a2466738bb786a6c7849b
24.0,45.25000000000256,5104,test,2919.5559269757205,1.0,1.0,"(1, 2)",650a2466738bb786a6c7849b
24.0,46.50000000000284,5105,test,2920.805926975721,1.0,1.0,"(1, 2)",650a2466738bb786a6c7849b
24.0,47.750000000003126,5106,test,2922.0559269757214,1.0,1.0,"(1, 2)",650a2466738bb786a6c7849b
24.0,49.00000000000341,5107,test,2923.305926975722,1.0,1.0,"(1, 2)",650a2466738bb786a6c7849b
24.0,50.250000000003695,5108,test,2924.5559269757223,1.0,1.0,"(1, 2)",650a2466738bb786a6c7849b
24.0,51.50000000000398,5109,test,2925.8059269757227,1.0,1.0,"(1, 2)",650a2466738bb786a6c7849b
24.0,52.75000000000426,5110,test,2927.055926975723,1.0,1.0,"(1, 2)",650a2466738bb786a6c7849b
24.0,54.00000000000455,5111,test,2928.3059269757237,1.0,1.0,"(1, 2)",650a2466738bb786a6c7849b
24.0,55.25000000000483,5112,test,2929.555926975724,1.0,1.0,"(1, 2)",650a2466738bb786a6c7849b
24.0,56.500000000005116,5113,test,2930.8059269757246,1.0,1.0,"(1, 2)",650a2466738bb786a6c7849b
24.0,57.7500000000054,5114,test,2932.055926975725,1.0,1.0,"(1, 2)",650a2466738bb786a6c7849b
24.0,59.000000000005684,5115,test,2933.3059269757255,1.0,1.0,"(1, 2)",650a2466738bb786a6c7849b
24.0,60.25000000000597,5116,test,2934.555926975726,1.0,1.0,"(1, 2)",650a2466738bb786a6c7849b
24.0,61.50000000000625,5117,test,2935.8059269757264,1.0,1.0,"(1, 2)",650a2466738bb786a6c7849b
24.0,62.75000000000654,5118,test,2937.055926975727,1.0,1.0,"(1, 2)",650a2466738bb786a6c7849b
24.0,64.00000000000682,5119,test,2938.3059269757273,1.0,1.0,"(1, 2)",650a2466738bb786a6c7849b
24.0,65.2500000000071,5120,test,2939.5559269757277,1.0,1.0,"(1, 2)",650a2466738bb786a6c7849b
24.0,66.50000000000739,5121,test,2940.805926975728,1.0,1.0,"(1, 2)",650a2466738bb786a6c7849b
24.0,67.75000000000767,5122,test,2942.0559269757287,1.0,1.0,"(1, 2)",650a2466738bb786a6c7849b
24.0,69.00000000000796,5123,test,2943.305926975729,1.0,1.0,"(1, 2)",650a2466738bb786a6c7849b
24.0,70.25000000000824,5124,test,2944.5559269757296,1.0,1.0,"(1, 2)",650a2466738bb786a6c7849b
24.0,71.50000000000853,5125,test,2945.80592697573,1.0,1.0,"(1, 2)",650a2466738bb786a6c7849b
24.0,72.75000000000881,5126,test,2947.0559269757305,1.0,1.0,"(1, 2)",650a2466738bb786a6c7849b
24.0,74.0000000000091,5127,test,2948.305926975731,1.0,1.0,"(1, 2)",650a2466738bb786a6c7849b
24.0,75.25000000000938,5128,test,2949.5559269757314,1.0,1.0,"(1, 2)",650a2466738bb786a6c7849b
24.0,76.50000000000966,5129,test,2950.805926975732,1.0,1.0,"(1, 2)",650a2466738bb786a6c7849b
24.0,77.75000000000995,5130,test,2952.0559269757323,1.0,1.0,"(1, 2)",650a2466738bb786a6c7849b
24.0,79.00000000001023,5131,test,2953.3059269757327,1.0,1.0,"(1, 2)",650a2466738bb786a6c7849b
24.0,80.25000000001052,5132,test,2954.555926975733,1.0,1.0,"(1, 2)",650a2466738bb786a6c7849b
24.0,81.5000000000108,5133,test,2955.8059269757337,1.0,1.0,"(1, 2)",650a2466738bb786a6c7849b
24.0,82.75000000001108,5134,test,2957.055926975734,1.0,1.0,"(1, 2)",650a2466738bb786a6c7849b
24.0,84.00000000001137,5135,test,2958.3059269757346,1.0,1.0,"(1, 2)",650a2466738bb786a6c7849b
24.0,85.25000000001165,5136,test,2959.555926975735,1.0,1.0,"(1, 2)",650a2466738bb786a6c7849b
24.0,86.50000000001194,5137,test,2960.8059269757355,1.0,1.0,"(1, 2)",650a2466738bb786a6c7849b
24.0,87.75000000001222,5138,test,2962.055926975736,1.0,1.0,"(1, 2)",650a2466738bb786a6c7849b
24.0,88.0,5139,test,2962.3059269757237,1.0,1.0,"(1, 2)",650a2466738bb786a6c7849b
24.0,88.0,5140,test,2962.3059269757237,1.0,1.0,"(1, 2)",650a2466738bb786a6c7849b
24.0,88.0,5141,test,2962.3059269757237,1.0,1.0,"(1, 2)",650a2466738bb786a6c7849b
24.0,88.0,5142,test,2962.3059269757237,1.0,1.0,"(1, 2)",650a2466738bb786a6c7849b
24.0,88.0,5143,test,2962.3059269757237,1.0,1.0,"(1, 2)",650a2466738bb786a6c7849b
24.0,88.0,5144,test,2962.3059269757237,1.0,1.0,"(1, 2)",650a2466738bb786a6c7849b
24.0,88.0,5145,test,2962.3059269757237,1.0,1.0,"(1, 2)",650a2466738bb786a6c7849b
24.0,88.0,5146,test,2962.3059269757237,1.0,1.0,"(1, 2)",650a2466738bb786a6c7849b
24.0,88.0,5147,test,2962.3059269757237,1.0,1.0,"(1, 2)",650a2466738bb786a6c7849b
24.0,88.0,5148,test,2962.3059269757237,1.0,1.0,"(1, 2)",650a2466738bb786a6c7849b
24.0,88.0,5149,test,2962.3059269757237,1.0,1.0,"(1, 2)",650a2466738bb786a6c7849b
24.0,88.0,5150,test,2962.3059269757237,1.0,1.0,"(1, 2)",650a2466738bb786a6c7849b
24.0,88.0,5151,test,2962.3059269757237,1.0,1.0,"(1, 2)",650a2466738bb786a6c7849b
24.0,88.0,5152,test,2962.3059269757237,1.0,1.0,"(1, 2)",650a2466738bb786a6c7849b
24.0,88.0,5153,test,2962.3059269757237,1.0,1.0,"(1, 2)",650a2466738bb786a6c7849b
24.0,88.0,5154,test,2962.3059269757237,1.0,1.0,"(1, 2)",650a2466738bb786a6c7849b
24.0,88.0,5155,test,2962.3059269757237,1.0,1.0,"(1, 2)",650a2466738bb786a6c7849b
24.0,86.74999999999972,5156,test,2963.555926975724,1.0,1.0,"(1, 2)",650a2466738bb786a6c7849b
24.0,85.49999999999943,5157,test,2964.8059269757246,1.0,1.0,"(1, 2)",650a2466738bb786a6c7849b
24.0,84.24999999999915,5158,test,2966.055926975725,1.0,1.0,"(1, 2)",650a2466738bb786a6c7849b
24.0,82.99999999999886,5159,test,2967.3059269757255,1.0,1.0,"(1, 2)",650a2466738bb786a6c7849b
24.0,81.74999999999858,5160,test,2968.555926975726,1.0,1.0,"(1, 2)",650a2466738bb786a6c7849b
24.0,80.4999999999983,5161,test,2969.8059269757264,1.0,1.0,"(1, 2)",650a2466738bb786a6c7849b
24.0,79.24999999999801,5162,test,2971.055926975727,1.0,1.0,"(1, 2)",650a2466738bb786a6c7849b
24.0,77.99999999999773,5163,test,2972.3059269757273,1.0,1.0,"(1, 2)",650a2466738bb786a6c7849b
24.0,76.74999999999744,5164,test,2973.5559269757277,1.0,1.0,"(1, 2)",650a2466738bb786a6c7849b
24.0,75.49999999999716,5165,test,2974.805926975728,1.0,1.0,"(1, 2)",650a2466738bb786a6c7849b
24.0,74.24999999999687,5166,test,2976.0559269757287,1.0,1.0,"(1, 2)",650a2466738bb786a6c7849b
24.0,72.99999999999659,5167,test,2977.305926975729,1.0,1.0,"(1, 2)",650a2466738bb786a6c7849b
24.0,71.7499999999963,5168,test,2978.5559269757296,1.0,1.0,"(1, 2)",650a2466738bb786a6c7849b
24.0,70.49999999999602,5169,test,2979.80592697573,1.0,1.0,"(1, 2)",650a2466738bb786a6c7849b
24.0,69.24999999999574,5170,test,2981.0559269757305,1.0,1.0,"(1, 2)",650a2466738bb786a6c7849b
24.0,67.99999999999545,5171,test,2982.305926975731,1.0,1.0,"(1, 2)",650a2466738bb786a6c7849b
24.0,66.74999999999517,5172,test,2983.5559269757314,1.0,1.0,"(1, 2)",650a2466738bb786a6c7849b
24.0,65.49999999999488,5173,test,2984.805926975732,1.0,1.0,"(1, 2)",650a2466738bb786a6c7849b
24.0,64.2499999999946,5174,test,2986.0559269757323,1.0,1.0,"(1, 2)",650a2466738bb786a6c7849b
24.0,62.999999999994316,5175,test,2987.3059269757327,1.0,1.0,"(1, 2)",650a2466738bb786a6c7849b
24.0,61.74999999999403,5176,test,2988.555926975733,1.0,1.0,"(1, 2)",650a2466738bb786a6c7849b
24.0,60.49999999999375,5177,test,2989.8059269757337,1.0,1.0,"(1, 2)",650a2466738bb786a6c7849b
24.0,59.24999999999346,5178,test,2991.055926975734,1.0,1.0,"(1, 2)",650a2466738bb786a6c7849b
24.0,57.99999999999318,5179,test,2992.3059269757346,1.0,1.0,"(1, 2)",650a2466738bb786a6c7849b
24.0,56.749999999992895,5180,test,2993.555926975735,1.0,1.0,"(1, 2)",650a2466738bb786a6c7849b
24.0,55.49999999999261,5181,test,2994.8059269757355,1.0,1.0,"(1, 2)",650a2466738bb786a6c7849b
24.0,54.249999999992326,5182,test,2996.055926975736,1.0,1.0,"(1, 2)",650a2466738bb786a6c7849b
24.0,52.99999999999204,5183,test,2997.3059269757364,1.0,1.0,"(1, 2)",650a2466738bb786a6c7849b
24.0,51.74999999999176,5184,test,2998.555926975737,1.0,1.0,"(1, 2)",650a2466738bb786a6c7849b
24.0,50.49999999999147,5185,test,2999.8059269757373,1.0,1.0,"(1, 2)",650a2466738bb786a6c7849b
24.0,49.24999999999119,5186,test,3001.0559269757377,1.0,1.0,"(1, 2)",650a2466738bb786a6c7849b
24.0,47.999999999990905,5187,test,3002.305926975738,1.0,1.0,"(1, 2)",650a2466738bb786a6c7849b
24.0,46.74999999999062,5188,test,3003.5559269757387,1.0,1.0,"(1, 2)",650a2466738bb786a6c7849b
24.0,45.49999999999034,5189,test,3004.805926975739,1.0,1.0,"(1, 2)",650a2466738bb786a6c7849b
24.0,44.24999999999005,5190,test,3006.0559269757396,1.0,1.0,"(1, 2)",650a2466738bb786a6c7849b
24.0,42.99999999998977,5191,test,3007.30592697574,1.0,1.0,"(1, 2)",650a2466738bb786a6c7849b
24.0,41.749999999989484,5192,test,3008.5559269757405,1.0,1.0,"(1, 2)",650a2466738bb786a6c7849b
24.0,40.4999999999892,5193,test,3009.805926975741,1.0,1.0,"(1, 2)",650a2466738bb786a6c7849b
24.66756619610841,39.52408922643008,5194,test,3010.988317124607,1.0,1.0,"(1, 2)",650a2466738bb786a6c7849b
25.545942769935266,38.634732945431324,5195,test,3012.238317124607,1.0,1.0,"(1, 2)",650a2466738bb786a6c7849b
26.42431934376212,37.74537666443257,5196,test,3013.488317124607,1.0,1.0,"(1, 2)",650a2466738bb786a6c7849b
27.302695917588977,36.856020383433815,5197,test,3014.738317124607,1.0,1.0,"(1, 2)",650a2466738bb786a6c7849b
28.181072491415833,35.96666410243506,5198,test,3015.988317124607,1.0,1.0,"(1, 2)",650a2466738bb786a6c7849b
29.05944906524269,35.07730782143631,5199,test,3017.238317124607,1.0,1.0,"(1, 2)",650a2466738bb786a6c7849b
29.937825639069217,34.18795154043755,5200,test,3018.4883171246065,1.0,1.0,"(1, 2)",650a2466738bb786a6c7849b
30.816202212895718,33.2985952594388,5201,test,3019.738317124606,1.0,1.0,"(1, 2)",650a2466738bb786a6c7849b
31.694578786722218,32.409238978440044,5202,test,3020.9883171246056,1.0,1.0,"(1, 2)",650a2466738bb786a6c7849b
32.57295536054872,31.519882697441098,5203,test,3022.2383171246056,1.0,1.0,"(1, 2)",650a2466738bb786a6c7849b
33.45133193437522,30.630526416441988,5204,test,3023.4883171246056,1.0,1.0,"(1, 2)",650a2466738bb786a6c7849b
34.32970850820172,29.74117013544288,5205,test,3024.7383171246056,1.0,1.0,"(1, 2)",650a2466738bb786a6c7849b
35.20808508202822,28.85181385444377,5206,test,3025.9883171246056,1.0,1.0,"(1, 2)",650a2466738bb786a6c7849b
36.08646165585472,27.96245757344466,5207,test,3027.2383171246056,1.0,1.0,"(1, 2)",650a2466738bb786a6c7849b
36.96483822968122,27.07310129244555,5208,test,3028.4883171246056,1.0,1.0,"(1, 2)",650a2466738bb786a6c7849b
37.84321480350772,26.183745011446586,5209,test,3029.7383171246056,1.0,1.0,"(1, 2)",650a2466738bb786a6c7849b
38.72159137733434,25.29438873044783,5210,test,3030.988317124605,1.0,1.0,"(1, 2)",650a2466738bb786a6c7849b
39.59996795116105,24.405032449449077,5211,test,3032.238317124605,1.0,1.0,"(1, 2)",650a2466738bb786a6c7849b
40.76071181261251,24.180345212483438,5212,test,3033.420607556924,1.0,1.0,"(1, 2)",650a2466738bb786a6c7849b
42.01062429120863,24.16555346310733,5213,test,3034.670607556924,1.0,1.0,"(1, 2)",650a2466738bb786a6c7849b
43.260536769804744,24.150761713731224,5214,test,3035.920607556924,1.0,1.0,"(1, 2)",650a2466738bb786a6c7849b
44.51044924840086,24.135969964355116,5215,test,3037.170607556924,1.0,1.0,"(1, 2)",650a2466738bb786a6c7849b
45.760361726996976,24.121178214979007,5216,test,3038.420607556924,1.0,1.0,"(1, 2)",650a2466738bb786a6c7849b
47.01027420559309,24.1063864656029,5217,test,3039.670607556924,1.0,1.0,"(1, 2)",650a2466738bb786a6c7849b
48.26018668418921,24.09159471622679,5218,test,3040.920607556924,1.0,1.0,"(1, 2)",650a2466738bb786a6c7849b
49.51009916278532,24.076802966850682,5219,test,3042.170607556924,1.0,1.0,"(1, 2)",650a2466738bb786a6c7849b
50.76001164138144,24.062011217474577,5220,test,3043.420607556924,1.0,1.0,"(1, 2)",650a2466738bb786a6c7849b
52.009924119977555,24.04721946809847,5221,test,3044.670607556924,1.0,1.0,"(1, 2)",650a2466738bb786a6c7849b
53.25983659857367,24.03242771872236,5222,test,3045.920607556924,1.0,1.0,"(1, 2)",650a2466738bb786a6c7849b
54.509749077169786,24.01763596934625,5223,test,3047.170607556924,1.0,1.0,"(1, 2)",650a2466738bb786a6c7849b
55.7596615557659,24.002844219970143,5224,test,3048.420607556924,1.0,1.0,"(1, 2)",650a2466738bb786a6c7849b
57.009658043295545,24.00208559490671,5225,test,3049.670604274659,1.0,1.0,"(1, 2)",650a2466738bb786a6c7849b
58.25965803119742,24.00191168335646,5226,test,3050.920604274659,1.0,1.0,"(1, 2)",650a2466738bb786a6c7849b
59.50965801909929,24.001737771806233,5227,test,3052.170604274659,1.0,1.0,"(1, 2)",650a2466738bb786a6c7849b
60.759658007001164,24.001563860256006,5228,test,3053.420604274659,1.0,1.0,"(1, 2)",650a2466738bb786a6c7849b
62.00965799490304,24.00138994870578,5229,test,3054.670604274659,1.0,1.0,"(1, 2)",650a2466738bb786a6c7849b
63.25965798280491,24.00121603715555,5230,test,3055.920604274659,1.0,1.0,"(1, 2)",650a2466738bb786a6c7849b
64.50965797070707,24.001042125605323,5231,test,3057.1706042746596,1.0,1.0,"(1, 2)",650a2466738bb786a6c7849b
65.75965795860965,24.000868214055096,5232,test,3058.42060427466,1.0,1.0,"(1, 2)",650a2466738bb786a6c7849b
67.00965794651223,24.00069430250487,5233,test,3059.6706042746605,1.0,1.0,"(1, 2)",650a2466738bb786a6c7849b
68.25965793441482,24.00052039095464,5234,test,3060.920604274661,1.0,1.0,"(1, 2)",650a2466738bb786a6c7849b
69.5096579223174,24.000346479404413,5235,test,3062.1706042746614,1.0,1.0,"(1, 2)",650a2466738bb786a6c7849b
70.75965791021999,24.000172567854186,5236,test,3063.420604274662,1.0,1.0,"(1, 2)",650a2466738bb786a6c7849b
72.00965790005797,24.000026155016812,5237,test,3064.6706042730743,1.0,1.0,"(1, 2)",650a2466738bb786a6c7849b
73.25965790005684,24.00002411042192,5238,test,3065.920604273075,1.0,1.0,"(1, 2)",650a2466738bb786a6c7849b
74.5096579000557,24.000022065827025,5239,test,3067.1706042730752,1.0,1.0,"(1, 2)",650a2466738bb786a6c7849b
75.75965790005456,24.00002002123213,5240,test,3068.4206042730757,1.0,1.0,"(1, 2)",650a2466738bb786a6c7849b
77.00965790005343,24.00001797663724,5241,test,3069.670604273076,1.0,1.0,"(1, 2)",650a2466738bb786a6c7849b
78.25965790005229,24.000015932042345,5242,test,3070.9206042730766,1.0,1.0,"(1, 2)",650a2466738bb786a6c7849b
79.50965790005115,24.00001388744745,5243,test,3072.170604273077,1.0,1.0,"(1, 2)",650a2466738bb786a6c7849b
80.75965790005002,24.000011842852558,5244,test,3073.4206042730775,1.0,1.0,"(1, 2)",650a2466738bb786a6c7849b
82.00965790004888,24.000009798257665,5245,test,3074.670604273078,1.0,1.0,"(1, 2)",650a2466738bb786a6c7849b
83.25965790004774,24.00000775366277,5246,test,3075.9206042730784,1.0,1.0,"(1, 2)",650a2466738bb786a6c7849b
84.5096579000466,24.00000570906801,5247,test,3077.170604273079,1.0,1.0,"(1, 2)",650a2466738bb786a6c7849b
85.75965790004547,24.000003664473294,5248,test,3078.4206042730793,1.0,1.0,"(1, 2)",650a2466738bb786a6c7849b
87.00965790004433,24.000001619878578,5249,test,3079.67060427308,1.0,1.0,"(1, 2)",650a2466738bb786a6c7849b
88.0,24.0,5250,test,3080.660946373037,1.0,1.0,"(1, 2)",650a2466738bb786a6c7849b
88.0,24.0,5251,test,3080.660946373037,1.0,1.0,"(1, 2)",650a2466738bb786a6c7849b
88.0,24.0,5252,test,3080.660946373037,1.0,1.0,"(1, 2)",650a2466738bb786a6c7849b
88.0,24.0,5253,test,3080.660946373037,1.0,1.0,"(1, 2)",650a2466738bb786a6c7849b
88.0,24.0,5254,test,3080.660946373037,1.0,1.0,"(1, 2)",650a2466738bb786a6c7849b
88.0,24.0,5255,test,3080.660946373037,1.0,1.0,"(1, 2)",650a2466738bb786a6c7849b
88.0,24.0,5256,test,3080.660946373037,1.0,1.0,"(1, 2)",650a2466738bb786a6c7849b
88.0,24.0,5257,test,3080.660946373037,1.0,1.0,"(1, 2)",650a2466738bb786a6c7849b
88.0,24.0,5258,test,3080.660946373037,1.0,1.0,"(1, 2)",650a2466738bb786a6c7849b
88.0,24.0,5259,test,3080.660946373037,1.0,1.0,"(1, 2)",650a2466738bb786a6c7849b
88.0,24.0,5260,test,3080.660946373037,1.0,1.0,"(1, 2)",650a2466738bb786a6c7849b
88.0,24.0,5261,test,3080.660946373037,1.0,1.0,"(1, 2)",650a2466738bb786a6c7849b
88.0,24.0,5262,test,3080.660946373037,1.0,1.0,"(1, 2)",650a2466738bb786a6c7849b
88.0,24.0,5263,test,3080.660946373037,1.0,1.0,"(1, 2)",650a2466738bb786a6c7849b
88.0,24.0,5264,test,3080.660946373037,1.0,1.0,"(1, 2)",650a2466738bb786a6c7849b
88.0,24.0,5265,test,3080.660946373037,1.0,1.0,"(1, 2)",650a2466738bb786a6c7849b
88.0,24.0,5266,test,3080.660946373037,1.0,1.0,"(1, 2)",650a2466738bb786a6c7849b
88.0,24.0,5267,test,3080.660946373037,1.0,1.0,"(1, 2)",650a2466738bb786a6c7849b
88.0,24.0,5268,test,3080.660946373037,1.0,1.0,"(1, 2)",650a2466738bb786a6c7849b
88.0,24.0,5269,test,3080.660946373037,1.0,1.0,"(1, 2)",650a2466738bb786a6c7849b
86.74999999999972,24.0,5270,test,3081.9109463730374,1.0,1.0,"(1, 2)",650a2466738bb786a6c7849b
85.49999999999943,24.0,5271,test,3083.160946373038,1.0,1.0,"(1, 2)",650a2466738bb786a6c7849b
84.24999999999915,24.0,5272,test,3084.4109463730383,1.0,1.0,"(1, 2)",650a2466738bb786a6c7849b
82.99999999999886,24.0,5273,test,3085.6609463730388,1.0,1.0,"(1, 2)",650a2466738bb786a6c7849b
81.74999999999858,24.0,5274,test,3086.910946373039,1.0,1.0,"(1, 2)",650a2466738bb786a6c7849b
80.4999999999983,24.0,5275,test,3088.1609463730397,1.0,1.0,"(1, 2)",650a2466738bb786a6c7849b
79.24999999999801,24.0,5276,test,3089.41094637304,1.0,1.0,"(1, 2)",650a2466738bb786a6c7849b
77.99999999999773,24.0,5277,test,3090.6609463730406,1.0,1.0,"(1, 2)",650a2466738bb786a6c7849b
76.74999999999744,24.0,5278,test,3091.910946373041,1.0,1.0,"(1, 2)",650a2466738bb786a6c7849b
75.49999999999716,24.0,5279,test,3093.1609463730415,1.0,1.0,"(1, 2)",650a2466738bb786a6c7849b
74.24999999999687,24.0,5280,test,3094.410946373042,1.0,1.0,"(1, 2)",650a2466738bb786a6c7849b
72.99999999999659,24.0,5281,test,3095.6609463730424,1.0,1.0,"(1, 2)",650a2466738bb786a6c7849b
71.7499999999963,24.0,5282,test,3096.910946373043,1.0,1.0,"(1, 2)",650a2466738bb786a6c7849b
70.49999999999602,24.0,5283,test,3098.1609463730433,1.0,1.0,"(1, 2)",650a2466738bb786a6c7849b
69.24999999999574,24.0,5284,test,3099.4109463730438,1.0,1.0,"(1, 2)",650a2466738bb786a6c7849b
67.99999999999545,24.0,5285,test,3100.660946373044,1.0,1.0,"(1, 2)",650a2466738bb786a6c7849b
66.74999999999517,24.0,5286,test,3101.9109463730447,1.0,1.0,"(1, 2)",650a2466738bb786a6c7849b
65.49999999999488,24.0,5287,test,3103.160946373045,1.0,1.0,"(1, 2)",650a2466738bb786a6c7849b
64.2499999999946,24.0,5288,test,3104.4109463730456,1.0,1.0,"(1, 2)",650a2466738bb786a6c7849b
62.999999999994316,24.0,5289,test,3105.660946373046,1.0,1.0,"(1, 2)",650a2466738bb786a6c7849b
61.74999999999403,24.0,5290,test,3106.9109463730465,1.0,1.0,"(1, 2)",650a2466738bb786a6c7849b
60.49999999999375,24.0,5291,test,3108.160946373047,1.0,1.0,"(1, 2)",650a2466738bb786a6c7849b
59.24999999999346,24.0,5292,test,3109.4109463730474,1.0,1.0,"(1, 2)",650a2466738bb786a6c7849b
57.99999999999318,24.0,5293,test,3110.660946373048,1.0,1.0,"(1, 2)",650a2466738bb786a6c7849b
56.749999999992895,24.0,5294,test,3111.9109463730483,1.0,1.0,"(1, 2)",650a2466738bb786a6c7849b
55.49999999999261,24.0,5295,test,3113.160946373049,1.0,1.0,"(1, 2)",650a2466738bb786a6c7849b
54.249999999992326,24.0,5296,test,3114.4109463730492,1.0,1.0,"(1, 2)",650a2466738bb786a6c7849b
52.99999999999204,24.0,5297,test,3115.6609463730497,1.0,1.0,"(1, 2)",650a2466738bb786a6c7849b
51.74999999999176,24.0,5298,test,3116.91094637305,1.0,1.0,"(1, 2)",650a2466738bb786a6c7849b
50.49999999999147,24.0,5299,test,3118.1609463730506,1.0,1.0,"(1, 2)",650a2466738bb786a6c7849b
49.24999999999119,24.0,5300,test,3119.410946373051,1.0,1.0,"(1, 2)",650a2466738bb786a6c7849b
47.999999999990905,24.0,5301,test,3120.6609463730515,1.0,1.0,"(1, 2)",650a2466738bb786a6c7849b
46.74999999999062,24.0,5302,test,3121.910946373052,1.0,1.0,"(1, 2)",650a2466738bb786a6c7849b
45.49999999999034,24.0,5303,test,3123.1609463730524,1.0,1.0,"(1, 2)",650a2466738bb786a6c7849b
44.24999999999005,24.0,5304,test,3124.410946373053,1.0,1.0,"(1, 2)",650a2466738bb786a6c7849b
42.99999999998977,24.0,5305,test,3125.6609463730533,1.0,1.0,"(1, 2)",650a2466738bb786a6c7849b
41.749999999989484,24.0,5306,test,3126.910946373054,1.0,1.0,"(1, 2)",650a2466738bb786a6c7849b
40.4999999999892,24.0,5307,test,3128.1609463730542,1.0,1.0,"(1, 2)",650a2466738bb786a6c7849b
39.249999999988916,24.0,5308,test,3129.4109463730547,1.0,1.0,"(1, 2)",650a2466738bb786a6c7849b
37.99999999998863,24.0,5309,test,3130.660946373055,1.0,1.0,"(1, 2)",650a2466738bb786a6c7849b
36.74999999998835,24.0,5310,test,3131.9109463730556,1.0,1.0,"(1, 2)",650a2466738bb786a6c7849b
35.49999999998806,24.0,5311,test,3133.160946373056,1.0,1.0,"(1, 2)",650a2466738bb786a6c7849b
34.24999999998778,24.0,5312,test,3134.4109463730565,1.0,1.0,"(1, 2)",650a2466738bb786a6c7849b
32.999999999987494,24.0,5313,test,3135.660946373057,1.0,1.0,"(1, 2)",650a2466738bb786a6c7849b
31.749999999987285,24.0,5314,test,3136.910946373057,1.0,1.0,"(1, 2)",650a2466738bb786a6c7849b
30.499999999987356,24.0,5315,test,3138.160946373057,1.0,1.0,"(1, 2)",650a2466738bb786a6c7849b
29.249999999987427,24.0,5316,test,3139.410946373057,1.0,1.0,"(1, 2)",650a2466738bb786a6c7849b
27.999999999987498,24.0,5317,test,3140.660946373057,1.0,1.0,"(1, 2)",650a2466738bb786a6c7849b
26.74999999998757,24.0,5318,test,3141.910946373057,1.0,1.0,"(1, 2)",650a2466738bb786a6c7849b
25.49999999998764,24.0,5319,test,3143.160946373057,1.0,1.0,"(1, 2)",650a2466738bb786a6c7849b
24.24999999998771,24.0,5320,test,3144.410946373057,1.0,1.0,"(1, 2)",650a2466738bb786a6c7849b
24.0,24.0,5321,test,3144.6609463730447,1.0,1.0,"(1, 2)",650a2466738bb786a6c7849b
24.0,24.0,5322,test,3144.6609463730447,1.0,1.0,"(1, 2)",650a2466738bb786a6c7849b
24.0,24.0,5323,test,3144.6609463730447,1.0,1.0,"(1, 2)",650a2466738bb786a6c7849b
24.0,24.0,5324,test,3144.6609463730447,1.0,1.0,"(1, 2)",650a2466738bb786a6c7849b
24.0,24.0,5325,test,3144.6609463730447,1.0,1.0,"(1, 2)",650a2466738bb786a6c7849b
24.0,24.0,5326,test,3144.6609463730447,1.0,1.0,"(1, 2)",650a2466738bb786a6c7849b
24.0,24.0,5327,test,3144.6609463730447,1.0,1.0,"(1, 2)",650a2466738bb786a6c7849b
24.0,24.0,5328,test,3144.6609463730447,1.0,1.0,"(1, 2)",650a2466738bb786a6c7849b
24.0,24.0,5329,test,3144.6609463730447,1.0,1.0,"(1, 2)",650a2466738bb786a6c7849b
24.0,24.0,5330,test,3144.6609463730447,1.0,1.0,"(1, 2)",650a2466738bb786a6c7849b
24.0,24.0,5331,test,3144.6609463730447,1.0,1.0,"(1, 2)",650a2466738bb786a6c7849b
24.0,24.0,5332,test,3144.6609463730447,1.0,1.0,"(1, 2)",650a2466738bb786a6c7849b
24.0,24.0,5333,test,3144.6609463730447,1.0,1.0,"(1, 2)",650a2466738bb786a6c7849b
24.0,24.0,5334,test,3144.6609463730447,1.0,1.0,"(1, 2)",650a2466738bb786a6c7849b
24.0,24.0,5335,test,3144.6609463730447,1.0,1.0,"(1, 2)",650a2466738bb786a6c7849b
24.0,24.0,5336,test,3144.6609463730447,1.0,1.0,"(1, 2)",650a2466738bb786a6c7849b
24.0,24.0,5337,test,3144.6609463730447,1.0,1.0,"(1, 2)",650a2466738bb786a6c7849b
24.0,24.0,5338,test,3144.6609463730447,1.0,1.0,"(1, 2)",650a2466738bb786a6c7849b
24.0,24.0,5339,test,3144.6609463730447,1.0,1.0,"(1, 2)",650a2466738bb786a6c7849b
24.0,24.0,5340,test,3144.6609463730447,1.0,1.0,"(1, 2)",650a2466738bb786a6c7849b
24.0,24.0,5341,test,3144.6609463730447,1.0,1.0,"(1, 2)",650a2466738bb786a6c7849b
24.0,24.0,5342,test,3144.6609463730447,1.0,1.0,"(1, 2)",650a2466738bb786a6c7849b
24.0,24.0,5343,test,3144.6609463730447,1.0,1.0,"(1, 2)",650a2466738bb786a6c7849b
24.0,24.0,5344,test,3144.6609463730447,1.0,1.0,"(1, 2)",650a2466738bb786a6c7849b
24.0,24.0,5345,test,3144.6609463730447,1.0,1.0,"(1, 2)",650a2466738bb786a6c7849b
24.0,24.0,5346,test,3144.6609463730447,1.0,1.0,"(1, 2)",650a2466738bb786a6c7849b
24.0,24.0,5347,test,3144.6609463730447,1.0,1.0,"(1, 2)",650a2466738bb786a6c7849b
24.0,24.0,5348,test,3144.6609463730447,1.0,1.0,"(1, 2)",650a2466738bb786a6c7849b
24.0,24.0,5349,test,3144.6609463730447,1.0,1.0,"(1, 2)",650a2466738bb786a6c7849b
24.0,24.0,5350,test,3144.6609463730447,1.0,1.0,"(1, 2)",650a2466738bb786a6c7849b
24.0,24.0,5351,test,3144.6609463730447,1.0,1.0,"(1, 2)",650a2466738bb786a6c7849b
24.0,24.0,5352,test,3144.6609463730447,1.0,1.0,"(1, 2)",650a2466738bb786a6c7849b
24.0,24.0,5353,test,3144.6609463730447,1.0,1.0,"(1, 2)",650a2466738bb786a6c7849b
24.0,24.0,5354,test,3144.6609463730447,1.0,1.0,"(1, 2)",650a2466738bb786a6c7849b
24.0,24.0,5355,test,3144.6609463730447,1.0,1.0,"(1, 2)",650a2466738bb786a6c7849b
24.0,24.0,5356,test,3144.6609463730447,1.0,1.0,"(1, 2)",650a2466738bb786a6c7849b
24.0,24.0,5357,test,3144.6609463730447,1.0,1.0,"(1, 2)",650a2466738bb786a6c7849b
24.0,24.0,5358,test,3144.6609463730447,1.0,1.0,"(1, 2)",650a2466738bb786a6c7849b
24.0,24.0,5359,test,3144.6609463730447,1.0,1.0,"(1, 2)",650a2466738bb786a6c7849b
24.0,24.0,5360,test,3144.6609463730447,1.0,1.0,"(1, 2)",650a2466738bb786a6c7849b
24.0,24.0,5361,test,3144.6609463730447,1.0,1.0,"(1, 2)",650a2466738bb786a6c7849b
24.0,24.0,5362,test,3144.6609463730447,1.0,1.0,"(1, 2)",650a2466738bb786a6c7849b
24.0,24.0,5363,test,3144.6609463730447,1.0,1.0,"(1, 2)",650a2466738bb786a6c7849b
24.0,24.0,5364,test,3144.6609463730447,1.0,1.0,"(1, 2)",650a2466738bb786a6c7849b
24.0,24.0,5365,test,3144.6609463730447,1.0,1.0,"(1, 2)",650a2466738bb786a6c7849b
24.0,24.0,5366,test,3144.6609463730447,1.0,1.0,"(1, 2)",650a2466738bb786a6c7849b
24.0,24.0,5367,test,3144.6609463730447,1.0,1.0,"(1, 2)",650a2466738bb786a6c7849b
24.0,24.0,5368,test,3144.6609463730447,1.0,1.0,"(1, 2)",650a2466738bb786a6c7849b
24.0,24.0,5369,test,3144.6609463730447,1.0,1.0,"(1, 2)",650a2466738bb786a6c7849b
24.0,24.0,5370,test,3144.6609463730447,1.0,1.0,"(1, 2)",650a2466738bb786a6c7849b
24.0,24.0,5371,test,3144.6609463730447,1.0,1.0,"(1, 2)",650a2466738bb786a6c7849b
24.0,24.0,5372,test,3144.6609463730447,1.0,1.0,"(1, 2)",650a2466738bb786a6c7849b
24.0,24.0,5373,test,3144.6609463730447,1.0,1.0,"(1, 2)",650a2466738bb786a6c7849b
24.0,24.0,5374,test,3144.6609463730447,1.0,1.0,"(1, 2)",650a2466738bb786a6c7849b
24.0,24.0,5375,test,3144.6609463730447,1.0,1.0,"(1, 2)",650a2466738bb786a6c7849b
24.0,24.0,5376,test,3144.6609463730447,1.0,1.0,"(1, 2)",650a2466738bb786a6c7849b
24.0,24.0,5377,test,3144.6609463730447,1.0,1.0,"(1, 2)",650a2466738bb786a6c7849b
24.0,24.0,5378,test,3144.6609463730447,1.0,1.0,"(1, 2)",650a2466738bb786a6c7849b
24.0,24.0,5379,test,3144.6609463730447,1.0,1.0,"(1, 2)",650a2466738bb786a6c7849b
24.0,24.0,5380,test,3144.6609463730447,1.0,1.0,"(1, 2)",650a2466738bb786a6c7849b
24.0,24.0,5381,test,3144.6609463730447,1.0,1.0,"(1, 2)",650a2466738bb786a6c7849b
24.0,24.0,5382,test,3144.6609463730447,1.0,1.0,"(1, 2)",650a2466738bb786a6c7849b
24.0,24.0,5383,test,3144.6609463730447,1.0,1.0,"(1, 2)",650a2466738bb786a6c7849b
24.0,24.0,5384,test,3144.6609463730447,1.0,1.0,"(1, 2)",650a2466738bb786a6c7849b
24.0,24.0,5385,test,3144.6609463730447,1.0,1.0,"(1, 2)",650a2466738bb786a6c7849b
24.0,24.0,5386,test,3144.6609463730447,1.0,1.0,"(1, 2)",650a2466738bb786a6c7849b
24.0,24.0,5387,test,3144.6609463730447,1.0,1.0,"(1, 2)",650a2466738bb786a6c7849b
24.0,24.0,5388,test,3144.6609463730447,1.0,1.0,"(1, 2)",650a2466738bb786a6c7849b
24.0,24.0,5389,test,3144.6609463730447,1.0,1.0,"(1, 2)",650a2466738bb786a6c7849b
24.0,24.0,5390,test,3144.6609463730447,1.0,1.0,"(1, 2)",650a2466738bb786a6c7849b
24.0,24.0,5391,test,3144.6609463730447,1.0,1.0,"(1, 2)",650a2466738bb786a6c7849b
24.0,24.0,5392,test,3144.6609463730447,1.0,1.0,"(1, 2)",650a2466738bb786a6c7849b
24.0,24.0,5393,test,3144.6609463730447,1.0,1.0,"(1, 2)",650a2466738bb786a6c7849b
24.0,24.0,5394,test,3144.6609463730447,1.0,1.0,"(1, 2)",650a2466738bb786a6c7849b
24.0,24.0,5395,test,3144.6609463730447,1.0,1.0,"(1, 2)",650a2466738bb786a6c7849b
24.0,24.0,5396,test,3144.6609463730447,1.0,1.0,"(1, 2)",650a2466738bb786a6c7849b
24.0,24.0,5397,test,3144.6609463730447,1.0,1.0,"(1, 2)",650a2466738bb786a6c7849b
24.0,24.0,5398,test,3144.6609463730447,1.0,1.0,"(1, 2)",650a2466738bb786a6c7849b
24.0,24.0,5399,test,3144.6609463730447,1.0,1.0,"(1, 2)",650a2466738bb786a6c7849b
24.0,24.0,5400,test,3144.6609463730447,1.0,1.0,"(1, 2)",650a2466738bb786a6c7849b
24.0,24.0,5401,test,3144.6609463730447,1.0,1.0,"(1, 2)",650a2466738bb786a6c7849b
24.0,24.0,5402,test,3144.6609463730447,1.0,1.0,"(1, 2)",650a2466738bb786a6c7849b
24.0,24.0,5403,test,3144.6609463730447,1.0,1.0,"(1, 2)",650a2466738bb786a6c7849b
24.0,24.0,5404,test,3144.6609463730447,1.0,1.0,"(1, 2)",650a2466738bb786a6c7849b
24.0,24.0,5405,test,3144.6609463730447,1.0,1.0,"(1, 2)",650a2466738bb786a6c7849b
24.0,24.0,5406,test,3144.6609463730447,1.0,1.0,"(1, 2)",650a2466738bb786a6c7849b
24.0,24.0,5407,test,3144.6609463730447,1.0,1.0,"(1, 2)",650a2466738bb786a6c7849b
24.0,24.0,5408,test,3144.6609463730447,1.0,1.0,"(1, 2)",650a2466738bb786a6c7849b
24.0,24.0,5409,test,3144.6609463730447,1.0,1.0,"(1, 2)",650a2466738bb786a6c7849b
24.0,24.0,5410,test,3144.6609463730447,1.0,1.0,"(1, 2)",650a2466738bb786a6c7849b
24.0,24.0,5411,test,3144.6609463730447,1.0,1.0,"(1, 2)",650a2466738bb786a6c7849b
24.0,24.0,5412,test,3144.6609463730447,1.0,1.0,"(1, 2)",650a2466738bb786a6c7849b
24.0,24.0,5413,test,3144.6609463730447,1.0,1.0,"(1, 2)",650a2466738bb786a6c7849b
24.0,24.0,5414,test,3144.6609463730447,1.0,1.0,"(1, 2)",650a2466738bb786a6c7849b
24.0,24.0,5415,test,3144.6609463730447,1.0,1.0,"(1, 2)",650a2466738bb786a6c7849b
24.0,24.0,5416,test,3144.6609463730447,1.0,1.0,"(1, 2)",650a2466738bb786a6c7849b
24.0,24.0,5417,test,3144.6609463730447,1.0,1.0,"(1, 2)",650a2466738bb786a6c7849b
24.0,24.0,5418,test,3144.6609463730447,1.0,1.0,"(1, 2)",650a2466738bb786a6c7849b
24.0,24.0,5419,test,3144.6609463730447,1.0,1.0,"(1, 2)",650a2466738bb786a6c7849b
24.0,24.0,5420,test,3144.6609463730447,1.0,1.0,"(1, 2)",650a2466738bb786a6c7849b
24.0,24.0,5421,test,3144.6609463730447,1.0,1.0,"(1, 2)",650a2466738bb786a6c7849b
24.0,24.0,5422,test,3144.6609463730447,1.0,1.0,"(1, 2)",650a2466738bb786a6c7849b
24.0,24.0,5423,test,3144.6609463730447,1.0,1.0,"(1, 2)",650a2466738bb786a6c7849b
24.0,24.0,5424,test,3144.6609463730447,1.0,1.0,"(1, 2)",650a2466738bb786a6c7849b
24.0,24.0,5425,test,3144.6609463730447,1.0,1.0,"(1, 2)",650a2466738bb786a6c7849b
24.0,24.0,5426,test,3144.6609463730447,1.0,1.0,"(1, 2)",650a2466738bb786a6c7849b
24.0,24.0,5427,test,3144.6609463730447,1.0,1.0,"(1, 2)",650a2466738bb786a6c7849b
24.0,24.0,5428,test,3144.6609463730447,1.0,1.0,"(1, 2)",650a2466738bb786a6c7849b
24.0,24.0,5429,test,3144.6609463730447,1.0,1.0,"(1, 2)",650a2466738bb786a6c7849b
24.0,24.0,5430,test,3144.6609463730447,1.0,1.0,"(1, 2)",650a2466738bb786a6c7849b
24.0,24.0,5431,test,3144.6609463730447,1.0,1.0,"(1, 2)",650a2466738bb786a6c7849b
24.0,24.0,5432,test,3144.6609463730447,1.0,1.0,"(1, 2)",650a2466738bb786a6c7849b
24.0,24.0,5433,test,3144.6609463730447,1.0,1.0,"(1, 2)",650a2466738bb786a6c7849b
24.0,24.0,5434,test,3144.6609463730447,1.0,1.0,"(1, 2)",650a2466738bb786a6c7849b
24.0,24.0,5435,test,3144.6609463730447,1.0,1.0,"(1, 2)",650a2466738bb786a6c7849b
24.0,24.0,5436,test,3144.6609463730447,1.0,1.0,"(1, 2)",650a2466738bb786a6c7849b
24.0,24.0,5437,test,3144.6609463730447,1.0,1.0,"(1, 2)",650a2466738bb786a6c7849b
24.0,24.0,5438,test,3144.6609463730447,1.0,1.0,"(1, 2)",650a2466738bb786a6c7849b
24.0,25.24999999999993,5439,test,3145.9109463730447,1.0,1.0,"(1, 2)",650a2466738bb786a6c7849b
24.0,26.499999999999858,5440,test,3147.1609463730447,1.0,1.0,"(1, 2)",650a2466738bb786a6c7849b
24.0,27.749999999999787,5441,test,3148.4109463730447,1.0,1.0,"(1, 2)",650a2466738bb786a6c7849b
24.0,28.999999999999716,5442,test,3149.6609463730447,1.0,1.0,"(1, 2)",650a2466738bb786a6c7849b
24.0,30.249999999999645,5443,test,3150.9109463730447,1.0,1.0,"(1, 2)",650a2466738bb786a6c7849b
24.0,31.499999999999574,5444,test,3152.1609463730447,1.0,1.0,"(1, 2)",650a2466738bb786a6c7849b
24.0,32.749999999999716,5445,test,3153.4109463730447,1.0,1.0,"(1, 2)",650a2466738bb786a6c7849b
24.0,34.0,5446,test,3154.660946373045,1.0,1.0,"(1, 2)",650a2466738bb786a6c7849b
24.0,35.250000000000284,5447,test,3155.9109463730456,1.0,1.0,"(1, 2)",650a2466738bb786a6c7849b
24.0,36.50000000000057,5448,test,3157.160946373046,1.0,1.0,"(1, 2)",650a2466738bb786a6c7849b
24.0,37.75000000000085,5449,test,3158.4109463730465,1.0,1.0,"(1, 2)",650a2466738bb786a6c7849b
24.0,39.00000000000114,5450,test,3159.660946373047,1.0,1.0,"(1, 2)",650a2466738bb786a6c7849b
24.0,40.25000000000142,5451,test,3160.9109463730474,1.0,1.0,"(1, 2)",650a2466738bb786a6c7849b
24.0,41.500000000001705,5452,test,3162.160946373048,1.0,1.0,"(1, 2)",650a2466738bb786a6c7849b
24.0,42.75000000000199,5453,test,3163.4109463730483,1.0,1.0,"(1, 2)",650a2466738bb786a6c7849b
24.0,44.000000000002274,5454,test,3164.660946373049,1.0,1.0,"(1, 2)",650a2466738bb786a6c7849b
24.0,45.25000000000256,5455,test,3165.9109463730492,1.0,1.0,"(1, 2)",650a2466738bb786a6c7849b
24.0,46.50000000000284,5456,test,3167.1609463730497,1.0,1.0,"(1, 2)",650a2466738bb786a6c7849b
24.0,47.750000000003126,5457,test,3168.41094637305,1.0,1.0,"(1, 2)",650a2466738bb786a6c7849b
24.0,49.00000000000341,5458,test,3169.6609463730506,1.0,1.0,"(1, 2)",650a2466738bb786a6c7849b
24.0,50.250000000003695,5459,test,3170.910946373051,1.0,1.0,"(1, 2)",650a2466738bb786a6c7849b
24.0,51.50000000000398,5460,test,3172.1609463730515,1.0,1.0,"(1, 2)",650a2466738bb786a6c7849b
24.0,52.75000000000426,5461,test,3173.410946373052,1.0,1.0,"(1, 2)",650a2466738bb786a6c7849b
24.0,54.00000000000455,5462,test,3174.6609463730524,1.0,1.0,"(1, 2)",650a2466738bb786a6c7849b
24.0,55.25000000000483,5463,test,3175.910946373053,1.0,1.0,"(1, 2)",650a2466738bb786a6c7849b
24.0,56.500000000005116,5464,test,3177.1609463730533,1.0,1.0,"(1, 2)",650a2466738bb786a6c7849b
24.0,57.7500000000054,5465,test,3178.410946373054,1.0,1.0,"(1, 2)",650a2466738bb786a6c7849b
24.0,59.000000000005684,5466,test,3179.6609463730542,1.0,1.0,"(1, 2)",650a2466738bb786a6c7849b
24.0,60.25000000000597,5467,test,3180.9109463730547,1.0,1.0,"(1, 2)",650a2466738bb786a6c7849b
24.0,61.50000000000625,5468,test,3182.160946373055,1.0,1.0,"(1, 2)",650a2466738bb786a6c7849b
24.0,62.75000000000654,5469,test,3183.4109463730556,1.0,1.0,"(1, 2)",650a2466738bb786a6c7849b
24.0,64.00000000000682,5470,test,3184.660946373056,1.0,1.0,"(1, 2)",650a2466738bb786a6c7849b
24.0,65.2500000000071,5471,test,3185.9109463730565,1.0,1.0,"(1, 2)",650a2466738bb786a6c7849b
24.0,66.50000000000739,5472,test,3187.160946373057,1.0,1.0,"(1, 2)",650a2466738bb786a6c7849b
24.0,67.75000000000767,5473,test,3188.4109463730574,1.0,1.0,"(1, 2)",650a2466738bb786a6c7849b
24.0,69.00000000000796,5474,test,3189.660946373058,1.0,1.0,"(1, 2)",650a2466738bb786a6c7849b
24.0,70.25000000000824,5475,test,3190.9109463730583,1.0,1.0,"(1, 2)",650a2466738bb786a6c7849b
24.0,71.50000000000853,5476,test,3192.160946373059,1.0,1.0,"(1, 2)",650a2466738bb786a6c7849b
24.0,72.0,5477,test,3192.66094637305,1.0,1.0,"(1, 2)",650a2466738bb786a6c7849b
24.0,72.0,5478,test,3192.66094637305,1.0,1.0,"(1, 2)",650a2466738bb786a6c7849b
24.0,72.0,5479,test,3192.66094637305,1.0,1.0,"(1, 2)",650a2466738bb786a6c7849b
24.0,72.0,5480,test,3192.66094637305,1.0,1.0,"(1, 2)",650a2466738bb786a6c7849b
24.0,72.0,5481,test,3192.66094637305,1.0,1.0,"(1, 2)",650a2466738bb786a6c7849b
24.0,72.0,5482,test,3192.66094637305,1.0,1.0,"(1, 2)",650a2466738bb786a6c7849b
24.0,72.0,5483,test,3192.66094637305,1.0,1.0,"(1, 2)",650a2466738bb786a6c7849b
24.0,72.0,5484,test,3192.66094637305,1.0,1.0,"(1, 2)",650a2466738bb786a6c7849b
24.0,72.0,5485,test,3192.66094637305,1.0,1.0,"(1, 2)",650a2466738bb786a6c7849b
24.0,72.0,5486,test,3192.66094637305,1.0,1.0,"(1, 2)",650a2466738bb786a6c7849b
24.0,72.0,5487,test,3192.66094637305,1.0,1.0,"(1, 2)",650a2466738bb786a6c7849b
24.0,72.0,5488,test,3192.66094637305,1.0,1.0,"(1, 2)",650a2466738bb786a6c7849b
24.0,72.0,5489,test,3192.66094637305,1.0,1.0,"(1, 2)",650a2466738bb786a6c7849b
24.0,72.0,5490,test,3192.66094637305,1.0,1.0,"(1, 2)",650a2466738bb786a6c7849b
24.0,72.0,5491,test,3192.66094637305,1.0,1.0,"(1, 2)",650a2466738bb786a6c7849b
24.0,72.0,5492,test,3192.66094637305,1.0,1.0,"(1, 2)",650a2466738bb786a6c7849b
24.0,72.0,5493,test,3192.66094637305,1.0,1.0,"(1, 2)",650a2466738bb786a6c7849b
24.0,72.0,5494,test,3192.66094637305,1.0,1.0,"(1, 2)",650a2466738bb786a6c7849b
24.0,72.0,5495,test,3192.66094637305,1.0,1.0,"(1, 2)",650a2466738bb786a6c7849b
24.0,70.74999999999972,5496,test,3193.9109463730506,1.0,1.0,"(1, 2)",650a2466738bb786a6c7849b
24.0,69.49999999999943,5497,test,3195.160946373051,1.0,1.0,"(1, 2)",650a2466738bb786a6c7849b
24.0,68.24999999999915,5498,test,3196.4109463730515,1.0,1.0,"(1, 2)",650a2466738bb786a6c7849b
24.0,66.99999999999886,5499,test,3197.660946373052,1.0,1.0,"(1, 2)",650a2466738bb786a6c7849b
24.0,65.74999999999858,5500,test,3198.9109463730524,1.0,1.0,"(1, 2)",650a2466738bb786a6c7849b
24.0,64.4999999999983,5501,test,3200.160946373053,1.0,1.0,"(1, 2)",650a2466738bb786a6c7849b
24.0,63.24999999999801,5502,test,3201.4109463730533,1.0,1.0,"(1, 2)",650a2466738bb786a6c7849b
24.0,61.999999999997726,5503,test,3202.660946373054,1.0,1.0,"(1, 2)",650a2466738bb786a6c7849b
24.0,60.74999999999744,5504,test,3203.9109463730542,1.0,1.0,"(1, 2)",650a2466738bb786a6c7849b
24.0,59.49999999999716,5505,test,3205.1609463730547,1.0,1.0,"(1, 2)",650a2466738bb786a6c7849b
24.0,58.249999999996874,5506,test,3206.410946373055,1.0,1.0,"(1, 2)",650a2466738bb786a6c7849b
24.0,56.99999999999659,5507,test,3207.6609463730556,1.0,1.0,"(1, 2)",650a2466738bb786a6c7849b
24.0,55.749999999996305,5508,test,3208.910946373056,1.0,1.0,"(1, 2)",650a2466738bb786a6c7849b
24.0,54.49999999999602,5509,test,3210.1609463730565,1.0,1.0,"(1, 2)",650a2466738bb786a6c7849b
24.0,53.24999999999574,5510,test,3211.410946373057,1.0,1.0,"(1, 2)",650a2466738bb786a6c7849b
24.0,51.99999999999545,5511,test,3212.6609463730574,1.0,1.0,"(1, 2)",650a2466738bb786a6c7849b
24.0,50.74999999999517,5512,test,3213.910946373058,1.0,1.0,"(1, 2)",650a2466738bb786a6c7849b
24.0,49.499999999994884,5513,test,3215.1609463730583,1.0,1.0,"(1, 2)",650a2466738bb786a6c7849b
24.0,48.2499999999946,5514,test,3216.410946373059,1.0,1.0,"(1, 2)",650a2466738bb786a6c7849b
24.0,46.999999999994316,5515,test,3217.6609463730592,1.0,1.0,"(1, 2)",650a2466738bb786a6c7849b
24.0,45.74999999999403,5516,test,3218.9109463730597,1.0,1.0,"(1, 2)",650a2466738bb786a6c7849b
24.0,44.49999999999375,5517,test,3220.16094637306,1.0,1.0,"(1, 2)",650a2466738bb786a6c7849b
24.0,43.24999999999346,5518,test,3221.4109463730606,1.0,1.0,"(1, 2)",650a2466738bb786a6c7849b
24.0,41.99999999999318,5519,test,3222.660946373061,1.0,1.0,"(1, 2)",650a2466738bb786a6c7849b
24.0,40.749999999992895,5520,test,3223.9109463730615,1.0,1.0,"(1, 2)",650a2466738bb786a6c7849b
24.49189088134284,39.70196048263347,5521,test,3225.0686784098884,1.0,1.0,"(1, 2)",650a2466738bb786a6c7849b
25.37026745516934,38.81260420163471,5522,test,3226.318678409888,1.0,1.0,"(1, 2)",650a2466738bb786a6c7849b
26.24864402899584,37.92324792063596,5523,test,3227.5686784098875,1.0,1.0,"(1, 2)",650a2466738bb786a6c7849b
27.12702060282234,37.033891639637005,5524,test,3228.8186784098875,1.0,1.0,"(1, 2)",650a2466738bb786a6c7849b
28.00539717664884,36.14453535863804,5525,test,3230.0686784098875,1.0,1.0,"(1, 2)",650a2466738bb786a6c7849b
28.883773750475342,35.25517907763907,5526,test,3231.3186784098875,1.0,1.0,"(1, 2)",650a2466738bb786a6c7849b
29.762150324301842,34.36582279664011,5527,test,3232.5686784098875,1.0,1.0,"(1, 2)",650a2466738bb786a6c7849b
30.640526898128343,33.47646651564114,5528,test,3233.8186784098875,1.0,1.0,"(1, 2)",650a2466738bb786a6c7849b
31.518903471954843,32.587110234642175,5529,test,3235.0686784098875,1.0,1.0,"(1, 2)",650a2466738bb786a6c7849b
32.39728004578134,31.697753953643165,5530,test,3236.3186784098875,1.0,1.0,"(1, 2)",650a2466738bb786a6c7849b
33.275656619607844,30.808397672644055,5531,test,3237.5686784098875,1.0,1.0,"(1, 2)",650a2466738bb786a6c7849b
34.154033193434344,29.919041391644946,5532,test,3238.8186784098875,1.0,1.0,"(1, 2)",650a2466738bb786a6c7849b
35.032409767260845,29.029685110645836,5533,test,3240.0686784098875,1.0,1.0,"(1, 2)",650a2466738bb786a6c7849b
35.910786341087345,28.140328829646727,5534,test,3241.3186784098875,1.0,1.0,"(1, 2)",650a2466738bb786a6c7849b
36.789162914913845,27.250972548647617,5535,test,3242.5686784098875,1.0,1.0,"(1, 2)",650a2466738bb786a6c7849b
37.667539488740346,26.361616267648508,5536,test,3243.8186784098875,1.0,1.0,"(1, 2)",650a2466738bb786a6c7849b
38.54591606256688,25.472259986649725,5537,test,3245.068678409887,1.0,1.0,"(1, 2)",650a2466738bb786a6c7849b
39.424292636393595,24.58290370565097,5538,test,3246.318678409887,1.0,1.0,"(1, 2)",650a2466738bb786a6c7849b
40.51072931689117,24.1833035623608,5539,test,3247.4762728705027,1.0,1.0,"(1, 2)",650a2466738bb786a6c7849b
41.76064179548729,24.168511812984512,5540,test,3248.7262728705027,1.0,1.0,"(1, 2)",650a2466738bb786a6c7849b
43.010554274083404,24.153720063608226,5541,test,3249.9762728705027,1.0,1.0,"(1, 2)",650a2466738bb786a6c7849b
44.26046675267952,24.13892831423194,5542,test,3251.2262728705027,1.0,1.0,"(1, 2)",650a2466738bb786a6c7849b
45.510379231275635,24.124136564855654,5543,test,3252.4762728705027,1.0,1.0,"(1, 2)",650a2466738bb786a6c7849b
46.76029170987175,24.109344815479368,5544,test,3253.7262728705027,1.0,1.0,"(1, 2)",650a2466738bb786a6c7849b
48.01020418846787,24.09455306610308,5545,test,3254.9762728705027,1.0,1.0,"(1, 2)",650a2466738bb786a6c7849b
49.26011666706398,24.079761316726795,5546,test,3256.2262728705027,1.0,1.0,"(1, 2)",650a2466738bb786a6c7849b
50.5100291456601,24.06496956735051,5547,test,3257.4762728705027,1.0,1.0,"(1, 2)",650a2466738bb786a6c7849b
51.759941624256214,24.050177817974223,5548,test,3258.7262728705027,1.0,1.0,"(1, 2)",650a2466738bb786a6c7849b
53.00985410285233,24.035386068597937,5549,test,3259.9762728705027,1.0,1.0,"(1, 2)",650a2466738bb786a6c7849b
54.259766581448446,24.02059431922165,5550,test,3261.2262728705027,1.0,1.0,"(1, 2)",650a2466738bb786a6c7849b
55.50967906004456,24.00580256984539,5551,test,3262.4762728705027,1.0,1.0,"(1, 2)",650a2466738bb786a6c7849b
56.75965804571305,24.002120377216816,5552,test,3263.7262572796676,1.0,1.0,"(1, 2)",650a2466738bb786a6c7849b
58.009658033614926,24.00194646566651,5553,test,3264.9762572796676,1.0,1.0,"(1, 2)",650a2466738bb786a6c7849b
59.2596580215168,24.001772554116283,5554,test,3266.2262572796676,1.0,1.0,"(1, 2)",650a2466738bb786a6c7849b
60.50965800941867,24.001598642566055,5555,test,3267.4762572796676,1.0,1.0,"(1, 2)",650a2466738bb786a6c7849b
61.759657997320545,24.001424731015828,5556,test,3268.7262572796676,1.0,1.0,"(1, 2)",650a2466738bb786a6c7849b
63.00965798522242,24.0012508194656,5557,test,3269.9762572796676,1.0,1.0,"(1, 2)",650a2466738bb786a6c7849b
64.25965797312443,24.001076907915373,5558,test,3271.2262572796676,1.0,1.0,"(1, 2)",650a2466738bb786a6c7849b
65.50965796102702,24.00090299636514,5559,test,3272.476257279668,1.0,1.0,"(1, 2)",650a2466738bb786a6c7849b
66.7596579489296,24.000729084814914,5560,test,3273.7262572796685,1.0,1.0,"(1, 2)",650a2466738bb786a6c7849b
68.00965793683218,24.000555173264686,5561,test,3274.976257279669,1.0,1.0,"(1, 2)",650a2466738bb786a6c7849b
69.25965792473477,24.00038126171446,5562,test,3276.2262572796694,1.0,1.0,"(1, 2)",650a2466738bb786a6c7849b
70.50965791263735,24.00020735016423,5563,test,3277.47625727967,1.0,1.0,"(1, 2)",650a2466738bb786a6c7849b
71.75965790053993,24.000033438614004,5564,test,3278.7262572796703,1.0,1.0,"(1, 2)",650a2466738bb786a6c7849b
73.00965790005495,24.000024519340897,5565,test,3279.976257279217,1.0,1.0,"(1, 2)",650a2466738bb786a6c7849b
74.25965790005381,24.000022474746004,5566,test,3281.2262572792174,1.0,1.0,"(1, 2)",650a2466738bb786a6c7849b
75.50965790005267,24.00002043015111,5567,test,3282.476257279218,1.0,1.0,"(1, 2)",650a2466738bb786a6c7849b
76.75965790005154,24.000018385556217,5568,test,3283.7262572792183,1.0,1.0,"(1, 2)",650a2466738bb786a6c7849b
78.0096579000504,24.000016340961324,5569,test,3284.9762572792188,1.0,1.0,"(1, 2)",650a2466738bb786a6c7849b
79.25965790004926,24.00001429636643,5570,test,3286.226257279219,1.0,1.0,"(1, 2)",650a2466738bb786a6c7849b
80.50965790004813,24.000012251771537,5571,test,3287.4762572792197,1.0,1.0,"(1, 2)",650a2466738bb786a6c7849b
81.75965790004699,24.000010207176643,5572,test,3288.72625727922,1.0,1.0,"(1, 2)",650a2466738bb786a6c7849b
83.00965790004585,24.00000816258175,5573,test,3289.9762572792206,1.0,1.0,"(1, 2)",650a2466738bb786a6c7849b
84.25965790004472,24.000006117986953,5574,test,3291.226257279221,1.0,1.0,"(1, 2)",650a2466738bb786a6c7849b
85.50965790004358,24.000004073392237,5575,test,3292.4762572792215,1.0,1.0,"(1, 2)",650a2466738bb786a6c7849b
86.75965790004244,24.00000202879752,5576,test,3293.726257279222,1.0,1.0,"(1, 2)",650a2466738bb786a6c7849b
88.0,24.0,5577,test,3294.9665993791814,1.0,1.0,"(1, 2)",650a2466738bb786a6c7849b
88.0,24.0,5578,test,3294.9665993791814,1.0,1.0,"(1, 2)",650a2466738bb786a6c7849b
88.0,24.0,5579,test,3294.9665993791814,1.0,1.0,"(1, 2)",650a2466738bb786a6c7849b
88.0,24.0,5580,test,3294.9665993791814,1.0,1.0,"(1, 2)",650a2466738bb786a6c7849b
88.0,24.0,5581,test,3294.9665993791814,1.0,1.0,"(1, 2)",650a2466738bb786a6c7849b
88.0,24.0,5582,test,3294.9665993791814,1.0,1.0,"(1, 2)",650a2466738bb786a6c7849b
88.0,24.0,5583,test,3294.9665993791814,1.0,1.0,"(1, 2)",650a2466738bb786a6c7849b
88.0,24.0,5584,test,3294.9665993791814,1.0,1.0,"(1, 2)",650a2466738bb786a6c7849b
88.0,24.0,5585,test,3294.9665993791814,1.0,1.0,"(1, 2)",650a2466738bb786a6c7849b
88.0,24.0,5586,test,3294.9665993791814,1.0,1.0,"(1, 2)",650a2466738bb786a6c7849b
88.0,24.0,5587,test,3294.9665993791814,1.0,1.0,"(1, 2)",650a2466738bb786a6c7849b
88.0,24.0,5588,test,3294.9665993791814,1.0,1.0,"(1, 2)",650a2466738bb786a6c7849b
88.0,24.0,5589,test,3294.9665993791814,1.0,1.0,"(1, 2)",650a2466738bb786a6c7849b
88.0,24.0,5590,test,3294.9665993791814,1.0,1.0,"(1, 2)",650a2466738bb786a6c7849b
88.0,24.0,5591,test,3294.9665993791814,1.0,1.0,"(1, 2)",650a2466738bb786a6c7849b
88.0,24.0,5592,test,3294.9665993791814,1.0,1.0,"(1, 2)",650a2466738bb786a6c7849b
88.0,24.0,5593,test,3294.9665993791814,1.0,1.0,"(1, 2)",650a2466738bb786a6c7849b
88.0,24.0,5594,test,3294.9665993791814,1.0,1.0,"(1, 2)",650a2466738bb786a6c7849b
88.0,24.0,5595,test,3294.9665993791814,1.0,1.0,"(1, 2)",650a2466738bb786a6c7849b
88.0,24.0,5596,test,3294.9665993791814,1.0,1.0,"(1, 2)",650a2466738bb786a6c7849b
86.74999999999972,24.0,5597,test,3296.216599379182,1.0,1.0,"(1, 2)",650a2466738bb786a6c7849b
85.49999999999943,24.0,5598,test,3297.4665993791823,1.0,1.0,"(1, 2)",650a2466738bb786a6c7849b
84.24999999999915,24.0,5599,test,3298.7165993791828,1.0,1.0,"(1, 2)",650a2466738bb786a6c7849b
82.99999999999886,24.0,5600,test,3299.966599379183,1.0,1.0,"(1, 2)",650a2466738bb786a6c7849b
81.74999999999858,24.0,5601,test,3301.2165993791837,1.0,1.0,"(1, 2)",650a2466738bb786a6c7849b
80.4999999999983,24.0,5602,test,3302.466599379184,1.0,1.0,"(1, 2)",650a2466738bb786a6c7849b
79.24999999999801,24.0,5603,test,3303.7165993791846,1.0,1.0,"(1, 2)",650a2466738bb786a6c7849b
77.99999999999773,24.0,5604,test,3304.966599379185,1.0,1.0,"(1, 2)",650a2466738bb786a6c7849b
76.74999999999744,24.0,5605,test,3306.2165993791855,1.0,1.0,"(1, 2)",650a2466738bb786a6c7849b
75.49999999999716,24.0,5606,test,3307.466599379186,1.0,1.0,"(1, 2)",650a2466738bb786a6c7849b
74.24999999999687,24.0,5607,test,3308.7165993791864,1.0,1.0,"(1, 2)",650a2466738bb786a6c7849b
72.99999999999659,24.0,5608,test,3309.966599379187,1.0,1.0,"(1, 2)",650a2466738bb786a6c7849b
71.7499999999963,24.0,5609,test,3311.2165993791873,1.0,1.0,"(1, 2)",650a2466738bb786a6c7849b
70.49999999999602,24.0,5610,test,3312.4665993791878,1.0,1.0,"(1, 2)",650a2466738bb786a6c7849b
69.24999999999574,24.0,5611,test,3313.716599379188,1.0,1.0,"(1, 2)",650a2466738bb786a6c7849b
67.99999999999545,24.0,5612,test,3314.9665993791887,1.0,1.0,"(1, 2)",650a2466738bb786a6c7849b
66.74999999999517,24.0,5613,test,3316.216599379189,1.0,1.0,"(1, 2)",650a2466738bb786a6c7849b
65.49999999999488,24.0,5614,test,3317.4665993791896,1.0,1.0,"(1, 2)",650a2466738bb786a6c7849b
64.2499999999946,24.0,5615,test,3318.71659937919,1.0,1.0,"(1, 2)",650a2466738bb786a6c7849b
62.999999999994316,24.0,5616,test,3319.9665993791905,1.0,1.0,"(1, 2)",650a2466738bb786a6c7849b
61.74999999999403,24.0,5617,test,3321.216599379191,1.0,1.0,"(1, 2)",650a2466738bb786a6c7849b
60.49999999999375,24.0,5618,test,3322.4665993791914,1.0,1.0,"(1, 2)",650a2466738bb786a6c7849b
59.24999999999346,24.0,5619,test,3323.716599379192,1.0,1.0,"(1, 2)",650a2466738bb786a6c7849b
57.99999999999318,24.0,5620,test,3324.9665993791923,1.0,1.0,"(1, 2)",650a2466738bb786a6c7849b
56.749999999992895,24.0,5621,test,3326.2165993791928,1.0,1.0,"(1, 2)",650a2466738bb786a6c7849b
55.49999999999261,24.0,5622,test,3327.466599379193,1.0,1.0,"(1, 2)",650a2466738bb786a6c7849b
54.249999999992326,24.0,5623,test,3328.7165993791937,1.0,1.0,"(1, 2)",650a2466738bb786a6c7849b
52.99999999999204,24.0,5624,test,3329.966599379194,1.0,1.0,"(1, 2)",650a2466738bb786a6c7849b
51.74999999999176,24.0,5625,test,3331.2165993791946,1.0,1.0,"(1, 2)",650a2466738bb786a6c7849b
50.49999999999147,24.0,5626,test,3332.466599379195,1.0,1.0,"(1, 2)",650a2466738bb786a6c7849b
49.24999999999119,24.0,5627,test,3333.7165993791955,1.0,1.0,"(1, 2)",650a2466738bb786a6c7849b
47.999999999990905,24.0,5628,test,3334.966599379196,1.0,1.0,"(1, 2)",650a2466738bb786a6c7849b
46.74999999999062,24.0,5629,test,3336.2165993791964,1.0,1.0,"(1, 2)",650a2466738bb786a6c7849b
45.49999999999034,24.0,5630,test,3337.466599379197,1.0,1.0,"(1, 2)",650a2466738bb786a6c7849b
44.24999999999005,24.0,5631,test,3338.7165993791973,1.0,1.0,"(1, 2)",650a2466738bb786a6c7849b
42.99999999998977,24.0,5632,test,3339.9665993791978,1.0,1.0,"(1, 2)",650a2466738bb786a6c7849b
41.749999999989484,24.0,5633,test,3341.216599379198,1.0,1.0,"(1, 2)",650a2466738bb786a6c7849b
40.4999999999892,24.0,5634,test,3342.4665993791987,1.0,1.0,"(1, 2)",650a2466738bb786a6c7849b
39.249999999988916,24.0,5635,test,3343.716599379199,1.0,1.0,"(1, 2)",650a2466738bb786a6c7849b
37.99999999998863,24.0,5636,test,3344.9665993791996,1.0,1.0,"(1, 2)",650a2466738bb786a6c7849b
36.74999999998835,24.0,5637,test,3346.2165993792,1.0,1.0,"(1, 2)",650a2466738bb786a6c7849b
35.49999999998806,24.0,5638,test,3347.4665993792005,1.0,1.0,"(1, 2)",650a2466738bb786a6c7849b
34.24999999998778,24.0,5639,test,3348.716599379201,1.0,1.0,"(1, 2)",650a2466738bb786a6c7849b
32.999999999987494,24.0,5640,test,3349.9665993792014,1.0,1.0,"(1, 2)",650a2466738bb786a6c7849b
31.749999999987285,24.0,5641,test,3351.2165993792014,1.0,1.0,"(1, 2)",650a2466738bb786a6c7849b
30.499999999987356,24.0,5642,test,3352.4665993792014,1.0,1.0,"(1, 2)",650a2466738bb786a6c7849b
29.249999999987427,24.0,5643,test,3353.7165993792014,1.0,1.0,"(1, 2)",650a2466738bb786a6c7849b
27.999999999987498,24.0,5644,test,3354.9665993792014,1.0,1.0,"(1, 2)",650a2466738bb786a6c7849b
26.74999999998757,24.0,5645,test,3356.2165993792014,1.0,1.0,"(1, 2)",650a2466738bb786a6c7849b
25.49999999998764,24.0,5646,test,3357.4665993792014,1.0,1.0,"(1, 2)",650a2466738bb786a6c7849b
24.24999999998771,24.0,5647,test,3358.7165993792014,1.0,1.0,"(1, 2)",650a2466738bb786a6c7849b
24.0,24.0,5648,test,3358.966599379189,1.0,1.0,"(1, 2)",650a2466738bb786a6c7849b
24.0,24.0,5649,test,3358.966599379189,1.0,1.0,"(1, 2)",650a2466738bb786a6c7849b
24.0,24.0,5650,test,3358.966599379189,1.0,1.0,"(1, 2)",650a2466738bb786a6c7849b
24.0,24.0,5651,test,3358.966599379189,1.0,1.0,"(1, 2)",650a2466738bb786a6c7849b
24.0,24.0,5652,test,3358.966599379189,1.0,1.0,"(1, 2)",650a2466738bb786a6c7849b
24.0,24.0,5653,test,3358.966599379189,1.0,1.0,"(1, 2)",650a2466738bb786a6c7849b
24.0,24.0,5654,test,3358.966599379189,1.0,1.0,"(1, 2)",650a2466738bb786a6c7849b
24.0,24.0,5655,test,3358.966599379189,1.0,1.0,"(1, 2)",650a2466738bb786a6c7849b
24.0,24.0,5656,test,3358.966599379189,1.0,1.0,"(1, 2)",650a2466738bb786a6c7849b
24.0,24.0,5657,test,3358.966599379189,1.0,1.0,"(1, 2)",650a2466738bb786a6c7849b
24.0,24.0,5658,test,3358.966599379189,1.0,1.0,"(1, 2)",650a2466738bb786a6c7849b
24.0,24.0,5659,test,3358.966599379189,1.0,1.0,"(1, 2)",650a2466738bb786a6c7849b
24.0,24.0,5660,test,3358.966599379189,1.0,1.0,"(1, 2)",650a2466738bb786a6c7849b
24.0,24.0,5661,test,3358.966599379189,1.0,1.0,"(1, 2)",650a2466738bb786a6c7849b
24.0,24.0,5662,test,3358.966599379189,1.0,1.0,"(1, 2)",650a2466738bb786a6c7849b
24.0,24.0,5663,test,3358.966599379189,1.0,1.0,"(1, 2)",650a2466738bb786a6c7849b
24.0,24.0,5664,test,3358.966599379189,1.0,1.0,"(1, 2)",650a2466738bb786a6c7849b
24.0,24.0,5665,test,3358.966599379189,1.0,1.0,"(1, 2)",650a2466738bb786a6c7849b
24.0,24.0,5666,test,3358.966599379189,1.0,1.0,"(1, 2)",650a2466738bb786a6c7849b
24.0,24.0,5667,test,3358.966599379189,1.0,1.0,"(1, 2)",650a2466738bb786a6c7849b
24.0,24.0,5668,test,3358.966599379189,1.0,1.0,"(1, 2)",650a2466738bb786a6c7849b
24.0,24.0,5669,test,3358.966599379189,1.0,1.0,"(1, 2)",650a2466738bb786a6c7849b
24.0,24.0,5670,test,3358.966599379189,1.0,1.0,"(1, 2)",650a2466738bb786a6c7849b
24.0,24.0,5671,test,3358.966599379189,1.0,1.0,"(1, 2)",650a2466738bb786a6c7849b
24.0,24.0,5672,test,3358.966599379189,1.0,1.0,"(1, 2)",650a2466738bb786a6c7849b
24.0,24.0,5673,test,3358.966599379189,1.0,1.0,"(1, 2)",650a2466738bb786a6c7849b
24.0,24.0,5674,test,3358.966599379189,1.0,1.0,"(1, 2)",650a2466738bb786a6c7849b
24.0,24.0,5675,test,3358.966599379189,1.0,1.0,"(1, 2)",650a2466738bb786a6c7849b
24.0,24.0,5676,test,3358.966599379189,1.0,1.0,"(1, 2)",650a2466738bb786a6c7849b
24.0,24.0,5677,test,3358.966599379189,1.0,1.0,"(1, 2)",650a2466738bb786a6c7849b
24.0,24.0,5678,test,3358.966599379189,1.0,1.0,"(1, 2)",650a2466738bb786a6c7849b
24.0,24.0,5679,test,3358.966599379189,1.0,1.0,"(1, 2)",650a2466738bb786a6c7849b
24.0,24.0,5680,test,3358.966599379189,1.0,1.0,"(1, 2)",650a2466738bb786a6c7849b
24.0,24.0,5681,test,3358.966599379189,1.0,1.0,"(1, 2)",650a2466738bb786a6c7849b
24.0,24.0,5682,test,3358.966599379189,1.0,1.0,"(1, 2)",650a2466738bb786a6c7849b
24.0,24.0,5683,test,3358.966599379189,1.0,1.0,"(1, 2)",650a2466738bb786a6c7849b
24.0,24.0,5684,test,3358.966599379189,1.0,1.0,"(1, 2)",650a2466738bb786a6c7849b
24.0,24.0,5685,test,3358.966599379189,1.0,1.0,"(1, 2)",650a2466738bb786a6c7849b
24.0,24.0,5686,test,3358.966599379189,1.0,1.0,"(1, 2)",650a2466738bb786a6c7849b
24.0,24.0,5687,test,3358.966599379189,1.0,1.0,"(1, 2)",650a2466738bb786a6c7849b
24.0,24.0,5688,test,3358.966599379189,1.0,1.0,"(1, 2)",650a2466738bb786a6c7849b
24.0,24.0,5689,test,3358.966599379189,1.0,1.0,"(1, 2)",650a2466738bb786a6c7849b
24.0,24.0,5690,test,3358.966599379189,1.0,1.0,"(1, 2)",650a2466738bb786a6c7849b
24.0,24.0,5691,test,3358.966599379189,1.0,1.0,"(1, 2)",650a2466738bb786a6c7849b
24.0,24.0,5692,test,3358.966599379189,1.0,1.0,"(1, 2)",650a2466738bb786a6c7849b
24.0,24.0,5693,test,3358.966599379189,1.0,1.0,"(1, 2)",650a2466738bb786a6c7849b
24.0,24.0,5694,test,3358.966599379189,1.0,1.0,"(1, 2)",650a2466738bb786a6c7849b
24.0,24.0,5695,test,3358.966599379189,1.0,1.0,"(1, 2)",650a2466738bb786a6c7849b
24.0,24.0,5696,test,3358.966599379189,1.0,1.0,"(1, 2)",650a2466738bb786a6c7849b
24.0,24.0,5697,test,3358.966599379189,1.0,1.0,"(1, 2)",650a2466738bb786a6c7849b
24.0,24.0,5698,test,3358.966599379189,1.0,1.0,"(1, 2)",650a2466738bb786a6c7849b
24.0,24.0,5699,test,3358.966599379189,1.0,1.0,"(1, 2)",650a2466738bb786a6c7849b
24.0,24.0,5700,test,3358.966599379189,1.0,1.0,"(1, 2)",650a2466738bb786a6c7849b
24.0,24.0,5701,test,3358.966599379189,1.0,1.0,"(1, 2)",650a2466738bb786a6c7849b
24.0,24.0,5702,test,3358.966599379189,1.0,1.0,"(1, 2)",650a2466738bb786a6c7849b
24.0,24.0,5703,test,3358.966599379189,1.0,1.0,"(1, 2)",650a2466738bb786a6c7849b
24.0,24.0,5704,test,3358.966599379189,1.0,1.0,"(1, 2)",650a2466738bb786a6c7849b
24.0,24.0,5705,test,3358.966599379189,1.0,1.0,"(1, 2)",650a2466738bb786a6c7849b
24.0,24.0,5706,test,3358.966599379189,1.0,1.0,"(1, 2)",650a2466738bb786a6c7849b
24.0,24.0,5707,test,3358.966599379189,1.0,1.0,"(1, 2)",650a2466738bb786a6c7849b
24.0,24.0,5708,test,3358.966599379189,1.0,1.0,"(1, 2)",650a2466738bb786a6c7849b
24.0,24.0,5709,test,3358.966599379189,1.0,1.0,"(1, 2)",650a2466738bb786a6c7849b
24.0,24.0,5710,test,3358.966599379189,1.0,1.0,"(1, 2)",650a2466738bb786a6c7849b
24.0,24.0,5711,test,3358.966599379189,1.0,1.0,"(1, 2)",650a2466738bb786a6c7849b
24.0,24.0,5712,test,3358.966599379189,1.0,1.0,"(1, 2)",650a2466738bb786a6c7849b
24.0,24.0,5713,test,3358.966599379189,1.0,1.0,"(1, 2)",650a2466738bb786a6c7849b
24.0,24.0,5714,test,3358.966599379189,1.0,1.0,"(1, 2)",650a2466738bb786a6c7849b
24.0,24.0,5715,test,3358.966599379189,1.0,1.0,"(1, 2)",650a2466738bb786a6c7849b
24.0,24.0,5716,test,3358.966599379189,1.0,1.0,"(1, 2)",650a2466738bb786a6c7849b
24.0,24.0,5717,test,3358.966599379189,1.0,1.0,"(1, 2)",650a2466738bb786a6c7849b
24.0,24.0,5718,test,3358.966599379189,1.0,1.0,"(1, 2)",650a2466738bb786a6c7849b
24.0,24.0,5719,test,3358.966599379189,1.0,1.0,"(1, 2)",650a2466738bb786a6c7849b
24.0,24.0,5720,test,3358.966599379189,1.0,1.0,"(1, 2)",650a2466738bb786a6c7849b
24.0,24.0,5721,test,3358.966599379189,1.0,1.0,"(1, 2)",650a2466738bb786a6c7849b
24.0,24.0,5722,test,3358.966599379189,1.0,1.0,"(1, 2)",650a2466738bb786a6c7849b
24.0,24.0,5723,test,3358.966599379189,1.0,1.0,"(1, 2)",650a2466738bb786a6c7849b
24.0,24.0,5724,test,3358.966599379189,1.0,1.0,"(1, 2)",650a2466738bb786a6c7849b
24.0,24.0,5725,test,3358.966599379189,1.0,1.0,"(1, 2)",650a2466738bb786a6c7849b
24.0,24.0,5726,test,3358.966599379189,1.0,1.0,"(1, 2)",650a2466738bb786a6c7849b
24.0,24.0,5727,test,3358.966599379189,1.0,1.0,"(1, 2)",650a2466738bb786a6c7849b
24.0,24.0,5728,test,3358.966599379189,1.0,1.0,"(1, 2)",650a2466738bb786a6c7849b
24.0,24.0,5729,test,3358.966599379189,1.0,1.0,"(1, 2)",650a2466738bb786a6c7849b
24.0,24.0,5730,test,3358.966599379189,1.0,1.0,"(1, 2)",650a2466738bb786a6c7849b
24.0,24.0,5731,test,3358.966599379189,1.0,1.0,"(1, 2)",650a2466738bb786a6c7849b
24.0,24.0,5732,test,3358.966599379189,1.0,1.0,"(1, 2)",650a2466738bb786a6c7849b
24.0,24.0,5733,test,3358.966599379189,1.0,1.0,"(1, 2)",650a2466738bb786a6c7849b
24.0,24.0,5734,test,3358.966599379189,1.0,1.0,"(1, 2)",650a2466738bb786a6c7849b
24.0,24.0,5735,test,3358.966599379189,1.0,1.0,"(1, 2)",650a2466738bb786a6c7849b
24.0,24.0,5736,test,3358.966599379189,1.0,1.0,"(1, 2)",650a2466738bb786a6c7849b
24.0,24.0,5737,test,3358.966599379189,1.0,1.0,"(1, 2)",650a2466738bb786a6c7849b
24.0,24.0,5738,test,3358.966599379189,1.0,1.0,"(1, 2)",650a2466738bb786a6c7849b
24.0,24.0,5739,test,3358.966599379189,1.0,1.0,"(1, 2)",650a2466738bb786a6c7849b
24.0,24.0,5740,test,3358.966599379189,1.0,1.0,"(1, 2)",650a2466738bb786a6c7849b
24.0,24.0,5741,test,3358.966599379189,1.0,1.0,"(1, 2)",650a2466738bb786a6c7849b
24.0,24.0,5742,test,3358.966599379189,1.0,1.0,"(1, 2)",650a2466738bb786a6c7849b
24.0,24.0,5743,test,3358.966599379189,1.0,1.0,"(1, 2)",650a2466738bb786a6c7849b
24.0,24.0,5744,test,3358.966599379189,1.0,1.0,"(1, 2)",650a2466738bb786a6c7849b
24.0,24.0,5745,test,3358.966599379189,1.0,1.0,"(1, 2)",650a2466738bb786a6c7849b
24.0,24.0,5746,test,3358.966599379189,1.0,1.0,"(1, 2)",650a2466738bb786a6c7849b
24.0,24.0,5747,test,3358.966599379189,1.0,1.0,"(1, 2)",650a2466738bb786a6c7849b
24.0,24.0,5748,test,3358.966599379189,1.0,1.0,"(1, 2)",650a2466738bb786a6c7849b
24.0,24.0,5749,test,3358.966599379189,1.0,1.0,"(1, 2)",650a2466738bb786a6c7849b
24.0,24.0,5750,test,3358.966599379189,1.0,1.0,"(1, 2)",650a2466738bb786a6c7849b
24.0,24.0,5751,test,3358.966599379189,1.0,1.0,"(1, 2)",650a2466738bb786a6c7849b
24.0,24.0,5752,test,3358.966599379189,1.0,1.0,"(1, 2)",650a2466738bb786a6c7849b
24.0,24.0,5753,test,3358.966599379189,1.0,1.0,"(1, 2)",650a2466738bb786a6c7849b
24.0,24.0,5754,test,3358.966599379189,1.0,1.0,"(1, 2)",650a2466738bb786a6c7849b
24.0,24.0,5755,test,3358.966599379189,1.0,1.0,"(1, 2)",650a2466738bb786a6c7849b
24.0,24.0,5756,test,3358.966599379189,1.0,1.0,"(1, 2)",650a2466738bb786a6c7849b
24.0,24.0,5757,test,3358.966599379189,1.0,1.0,"(1, 2)",650a2466738bb786a6c7849b
24.0,24.0,5758,test,3358.966599379189,1.0,1.0,"(1, 2)",650a2466738bb786a6c7849b
24.0,24.0,5759,test,3358.966599379189,1.0,1.0,"(1, 2)",650a2466738bb786a6c7849b
24.0,24.0,5760,test,3358.966599379189,1.0,1.0,"(1, 2)",650a2466738bb786a6c7849b
24.0,24.0,5761,test,3358.966599379189,1.0,1.0,"(1, 2)",650a2466738bb786a6c7849b
24.0,24.0,5762,test,3358.966599379189,1.0,1.0,"(1, 2)",650a2466738bb786a6c7849b
24.0,24.0,5763,test,3358.966599379189,1.0,1.0,"(1, 2)",650a2466738bb786a6c7849b
24.0,24.0,5764,test,3358.966599379189,1.0,1.0,"(1, 2)",650a2466738bb786a6c7849b
24.0,24.0,5765,test,3358.966599379189,1.0,1.0,"(1, 2)",650a2466738bb786a6c7849b
24.0,24.0,5766,test,3358.966599379189,1.0,1.0,"(1, 2)",650a2466738bb786a6c7849b
24.0,24.0,5767,test,3358.966599379189,1.0,1.0,"(1, 2)",650a2466738bb786a6c7849b
24.0,24.0,5768,test,3358.966599379189,1.0,1.0,"(1, 2)",650a2466738bb786a6c7849b
24.0,24.0,5769,test,3358.966599379189,1.0,1.0,"(1, 2)",650a2466738bb786a6c7849b
24.0,24.0,5770,test,3358.966599379189,1.0,1.0,"(1, 2)",650a2466738bb786a6c7849b
24.0,24.0,5771,test,3358.966599379189,1.0,1.0,"(1, 2)",650a2466738bb786a6c7849b
24.0,24.0,5772,test,3358.966599379189,1.0,1.0,"(1, 2)",650a2466738bb786a6c7849b
24.0,24.0,5773,test,3358.966599379189,1.0,1.0,"(1, 2)",650a2466738bb786a6c7849b
24.0,24.0,5774,test,3358.966599379189,1.0,1.0,"(1, 2)",650a2466738bb786a6c7849b
24.0,24.0,5775,test,3358.966599379189,1.0,1.0,"(1, 2)",650a2466738bb786a6c7849b
24.0,24.0,5776,test,3358.966599379189,1.0,1.0,"(1, 2)",650a2466738bb786a6c7849b
24.0,24.0,5777,test,3358.966599379189,1.0,1.0,"(1, 2)",650a2466738bb786a6c7849b
24.0,24.0,5778,test,3358.966599379189,1.0,1.0,"(1, 2)",650a2466738bb786a6c7849b
25.24999999999993,24.0,5779,test,3360.216599379189,1.0,1.0,"(1, 2)",650a2466738bb786a6c7849b
26.499999999999858,24.0,5780,test,3361.466599379189,1.0,1.0,"(1, 2)",650a2466738bb786a6c7849b
27.749999999999787,24.0,5781,test,3362.716599379189,1.0,1.0,"(1, 2)",650a2466738bb786a6c7849b
28.999999999999716,24.0,5782,test,3363.966599379189,1.0,1.0,"(1, 2)",650a2466738bb786a6c7849b
30.249999999999645,24.0,5783,test,3365.216599379189,1.0,1.0,"(1, 2)",650a2466738bb786a6c7849b
31.499999999999574,24.0,5784,test,3366.466599379189,1.0,1.0,"(1, 2)",650a2466738bb786a6c7849b
32.749999999999716,24.0,5785,test,3367.716599379189,1.0,1.0,"(1, 2)",650a2466738bb786a6c7849b
34.0,24.0,5786,test,3368.9665993791896,1.0,1.0,"(1, 2)",650a2466738bb786a6c7849b
35.250000000000284,24.0,5787,test,3370.21659937919,1.0,1.0,"(1, 2)",650a2466738bb786a6c7849b
36.50000000000057,24.0,5788,test,3371.4665993791905,1.0,1.0,"(1, 2)",650a2466738bb786a6c7849b
37.75000000000085,24.0,5789,test,3372.716599379191,1.0,1.0,"(1, 2)",650a2466738bb786a6c7849b
39.00000000000114,24.0,5790,test,3373.9665993791914,1.0,1.0,"(1, 2)",650a2466738bb786a6c7849b
40.0,24.0,5791,test,3374.9665993791905,1.0,1.0,"(1, 2)",650a2466738bb786a6c7849b
40.0,24.0,5792,test,3374.9665993791905,1.0,1.0,"(1, 2)",650a2466738bb786a6c7849b
40.0,24.0,5793,test,3374.9665993791905,1.0,1.0,"(1, 2)",650a2466738bb786a6c7849b
40.0,24.0,5794,test,3374.9665993791905,1.0,1.0,"(1, 2)",650a2466738bb786a6c7849b
40.0,24.0,5795,test,3374.9665993791905,1.0,1.0,"(1, 2)",650a2466738bb786a6c7849b
40.0,24.0,5796,test,3374.9665993791905,1.0,1.0,"(1, 2)",650a2466738bb786a6c7849b
40.0,24.0,5797,test,3374.9665993791905,1.0,1.0,"(1, 2)",650a2466738bb786a6c7849b
40.0,24.0,5798,test,3374.9665993791905,1.0,1.0,"(1, 2)",650a2466738bb786a6c7849b
40.0,24.0,5799,test,3374.9665993791905,1.0,1.0,"(1, 2)",650a2466738bb786a6c7849b
40.0,24.0,5800,test,3374.9665993791905,1.0,1.0,"(1, 2)",650a2466738bb786a6c7849b
40.0,24.0,5801,test,3374.9665993791905,1.0,1.0,"(1, 2)",650a2466738bb786a6c7849b
40.0,24.0,5802,test,3374.9665993791905,1.0,1.0,"(1, 2)",650a2466738bb786a6c7849b
40.0,24.0,5803,test,3374.9665993791905,1.0,1.0,"(1, 2)",650a2466738bb786a6c7849b
40.0,24.0,5804,test,3374.9665993791905,1.0,1.0,"(1, 2)",650a2466738bb786a6c7849b
40.0,24.0,5805,test,3374.9665993791905,1.0,1.0,"(1, 2)",650a2466738bb786a6c7849b
40.0,24.0,5806,test,3374.9665993791905,1.0,1.0,"(1, 2)",650a2466738bb786a6c7849b
40.0,24.0,5807,test,3374.9665993791905,1.0,1.0,"(1, 2)",650a2466738bb786a6c7849b
40.0,24.0,5808,test,3374.9665993791905,1.0,1.0,"(1, 2)",650a2466738bb786a6c7849b
40.0,24.0,5809,test,3374.9665993791905,1.0,1.0,"(1, 2)",650a2466738bb786a6c7849b
41.250000000000284,24.0,5810,test,3376.216599379191,1.0,1.0,"(1, 2)",650a2466738bb786a6c7849b
42.50000000000057,24.0,5811,test,3377.4665993791914,1.0,1.0,"(1, 2)",650a2466738bb786a6c7849b
43.75000000000085,24.0,5812,test,3378.716599379192,1.0,1.0,"(1, 2)",650a2466738bb786a6c7849b
45.00000000000114,24.0,5813,test,3379.9665993791923,1.0,1.0,"(1, 2)",650a2466738bb786a6c7849b
46.25000000000142,24.0,5814,test,3381.2165993791928,1.0,1.0,"(1, 2)",650a2466738bb786a6c7849b
47.500000000001705,24.0,5815,test,3382.466599379193,1.0,1.0,"(1, 2)",650a2466738bb786a6c7849b
48.75000000000199,24.0,5816,test,3383.7165993791937,1.0,1.0,"(1, 2)",650a2466738bb786a6c7849b
50.000000000002274,24.0,5817,test,3384.966599379194,1.0,1.0,"(1, 2)",650a2466738bb786a6c7849b
51.25000000000256,24.0,5818,test,3386.2165993791946,1.0,1.0,"(1, 2)",650a2466738bb786a6c7849b
52.50000000000284,24.0,5819,test,3387.466599379195,1.0,1.0,"(1, 2)",650a2466738bb786a6c7849b
53.750000000003126,24.0,5820,test,3388.7165993791955,1.0,1.0,"(1, 2)",650a2466738bb786a6c7849b
55.00000000000341,24.0,5821,test,3389.966599379196,1.0,1.0,"(1, 2)",650a2466738bb786a6c7849b
56.250000000003695,24.0,5822,test,3391.2165993791964,1.0,1.0,"(1, 2)",650a2466738bb786a6c7849b
57.50000000000398,24.0,5823,test,3392.466599379197,1.0,1.0,"(1, 2)",650a2466738bb786a6c7849b
58.75000000000426,24.0,5824,test,3393.7165993791973,1.0,1.0,"(1, 2)",650a2466738bb786a6c7849b
60.00000000000455,24.0,5825,test,3394.9665993791978,1.0,1.0,"(1, 2)",650a2466738bb786a6c7849b
61.25000000000483,24.0,5826,test,3396.216599379198,1.0,1.0,"(1, 2)",650a2466738bb786a6c7849b
62.500000000005116,24.0,5827,test,3397.4665993791987,1.0,1.0,"(1, 2)",650a2466738bb786a6c7849b
63.7500000000054,24.0,5828,test,3398.716599379199,1.0,1.0,"(1, 2)",650a2466738bb786a6c7849b
65.00000000000568,24.0,5829,test,3399.9665993791996,1.0,1.0,"(1, 2)",650a2466738bb786a6c7849b
66.25000000000597,24.0,5830,test,3401.2165993792,1.0,1.0,"(1, 2)",650a2466738bb786a6c7849b
67.50000000000625,24.0,5831,test,3402.4665993792005,1.0,1.0,"(1, 2)",650a2466738bb786a6c7849b
68.75000000000654,24.0,5832,test,3403.716599379201,1.0,1.0,"(1, 2)",650a2466738bb786a6c7849b
70.00000000000682,24.0,5833,test,3404.9665993792014,1.0,1.0,"(1, 2)",650a2466738bb786a6c7849b
71.2500000000071,24.0,5834,test,3406.216599379202,1.0,1.0,"(1, 2)",650a2466738bb786a6c7849b
72.50000000000739,24.0,5835,test,3407.4665993792023,1.0,1.0,"(1, 2)",650a2466738bb786a6c7849b
73.75000000000767,24.0,5836,test,3408.7165993792028,1.0,1.0,"(1, 2)",650a2466738bb786a6c7849b
75.00000000000796,24.0,5837,test,3409.966599379203,1.0,1.0,"(1, 2)",650a2466738bb786a6c7849b
76.25000000000824,24.0,5838,test,3411.2165993792037,1.0,1.0,"(1, 2)",650a2466738bb786a6c7849b
77.50000000000853,24.0,5839,test,3412.466599379204,1.0,1.0,"(1, 2)",650a2466738bb786a6c7849b
78.75000000000881,24.0,5840,test,3413.7165993792046,1.0,1.0,"(1, 2)",650a2466738bb786a6c7849b
80.0000000000091,24.0,5841,test,3414.966599379205,1.0,1.0,"(1, 2)",650a2466738bb786a6c7849b
81.25000000000938,24.0,5842,test,3416.2165993792055,1.0,1.0,"(1, 2)",650a2466738bb786a6c7849b
82.50000000000966,24.0,5843,test,3417.466599379206,1.0,1.0,"(1, 2)",650a2466738bb786a6c7849b
83.75000000000995,24.0,5844,test,3418.7165993792064,1.0,1.0,"(1, 2)",650a2466738bb786a6c7849b
85.00000000001023,24.0,5845,test,3419.966599379207,1.0,1.0,"(1, 2)",650a2466738bb786a6c7849b
86.25000000001052,24.0,5846,test,3421.2165993792073,1.0,1.0,"(1, 2)",650a2466738bb786a6c7849b
87.5000000000108,24.0,5847,test,3422.4665993792078,1.0,1.0,"(1, 2)",650a2466738bb786a6c7849b
88.0,24.0,5848,test,3422.966599379197,1.0,1.0,"(1, 2)",650a2466738bb786a6c7849b
88.0,24.0,5849,test,3422.966599379197,1.0,1.0,"(1, 2)",650a2466738bb786a6c7849b
88.0,24.0,5850,test,3422.966599379197,1.0,1.0,"(1, 2)",650a2466738bb786a6c7849b
88.0,24.0,5851,test,3422.966599379197,1.0,1.0,"(1, 2)",650a2466738bb786a6c7849b
88.0,24.0,5852,test,3422.966599379197,1.0,1.0,"(1, 2)",650a2466738bb786a6c7849b
88.0,24.0,5853,test,3422.966599379197,1.0,1.0,"(1, 2)",650a2466738bb786a6c7849b
88.0,24.0,5854,test,3422.966599379197,1.0,1.0,"(1, 2)",650a2466738bb786a6c7849b
88.0,24.0,5855,test,3422.966599379197,1.0,1.0,"(1, 2)",650a2466738bb786a6c7849b
88.0,24.0,5856,test,3422.966599379197,1.0,1.0,"(1, 2)",650a2466738bb786a6c7849b
88.0,24.0,5857,test,3422.966599379197,1.0,1.0,"(1, 2)",650a2466738bb786a6c7849b
88.0,24.0,5858,test,3422.966599379197,1.0,1.0,"(1, 2)",650a2466738bb786a6c7849b
88.0,24.0,5859,test,3422.966599379197,1.0,1.0,"(1, 2)",650a2466738bb786a6c7849b
88.0,24.0,5860,test,3422.966599379197,1.0,1.0,"(1, 2)",650a2466738bb786a6c7849b
88.0,24.0,5861,test,3422.966599379197,1.0,1.0,"(1, 2)",650a2466738bb786a6c7849b
88.0,24.0,5862,test,3422.966599379197,1.0,1.0,"(1, 2)",650a2466738bb786a6c7849b
88.0,24.0,5863,test,3422.966599379197,1.0,1.0,"(1, 2)",650a2466738bb786a6c7849b
88.0,24.0,5864,test,3422.966599379197,1.0,1.0,"(1, 2)",650a2466738bb786a6c7849b
88.0,24.0,5865,test,3422.966599379197,1.0,1.0,"(1, 2)",650a2466738bb786a6c7849b
86.74999999999972,24.0,5866,test,3424.2165993791973,1.0,1.0,"(1, 2)",650a2466738bb786a6c7849b
85.49999999999943,24.0,5867,test,3425.4665993791978,1.0,1.0,"(1, 2)",650a2466738bb786a6c7849b
84.24999999999915,24.0,5868,test,3426.716599379198,1.0,1.0,"(1, 2)",650a2466738bb786a6c7849b
82.99999999999886,24.0,5869,test,3427.9665993791987,1.0,1.0,"(1, 2)",650a2466738bb786a6c7849b
81.74999999999858,24.0,5870,test,3429.216599379199,1.0,1.0,"(1, 2)",650a2466738bb786a6c7849b
80.4999999999983,24.0,5871,test,3430.4665993791996,1.0,1.0,"(1, 2)",650a2466738bb786a6c7849b
79.24999999999801,24.0,5872,test,3431.7165993792,1.0,1.0,"(1, 2)",650a2466738bb786a6c7849b
77.99999999999773,24.0,5873,test,3432.9665993792005,1.0,1.0,"(1, 2)",650a2466738bb786a6c7849b
76.74999999999744,24.0,5874,test,3434.216599379201,1.0,1.0,"(1, 2)",650a2466738bb786a6c7849b
75.49999999999716,24.0,5875,test,3435.4665993792014,1.0,1.0,"(1, 2)",650a2466738bb786a6c7849b
74.24999999999687,24.0,5876,test,3436.716599379202,1.0,1.0,"(1, 2)",650a2466738bb786a6c7849b
72.99999999999659,24.0,5877,test,3437.9665993792023,1.0,1.0,"(1, 2)",650a2466738bb786a6c7849b
71.7499999999963,24.0,5878,test,3439.2165993792028,1.0,1.0,"(1, 2)",650a2466738bb786a6c7849b
70.49999999999602,24.0,5879,test,3440.466599379203,1.0,1.0,"(1, 2)",650a2466738bb786a6c7849b
69.24999999999574,24.0,5880,test,3441.7165993792037,1.0,1.0,"(1, 2)",650a2466738bb786a6c7849b
67.99999999999545,24.0,5881,test,3442.966599379204,1.0,1.0,"(1, 2)",650a2466738bb786a6c7849b
66.74999999999517,24.0,5882,test,3444.2165993792046,1.0,1.0,"(1, 2)",650a2466738bb786a6c7849b
65.49999999999488,24.0,5883,test,3445.466599379205,1.0,1.0,"(1, 2)",650a2466738bb786a6c7849b
64.2499999999946,24.0,5884,test,3446.7165993792055,1.0,1.0,"(1, 2)",650a2466738bb786a6c7849b
62.999999999994316,24.0,5885,test,3447.966599379206,1.0,1.0,"(1, 2)",650a2466738bb786a6c7849b
61.74999999999403,24.0,5886,test,3449.2165993792064,1.0,1.0,"(1, 2)",650a2466738bb786a6c7849b
60.49999999999375,24.0,5887,test,3450.466599379207,1.0,1.0,"(1, 2)",650a2466738bb786a6c7849b
59.24999999999346,24.0,5888,test,3451.7165993792073,1.0,1.0,"(1, 2)",650a2466738bb786a6c7849b
57.99999999999318,24.0,5889,test,3452.9665993792078,1.0,1.0,"(1, 2)",650a2466738bb786a6c7849b
56.749999999992895,24.0,5890,test,3454.216599379208,1.0,1.0,"(1, 2)",650a2466738bb786a6c7849b
55.49999999999261,24.0,5891,test,3455.4665993792087,1.0,1.0,"(1, 2)",650a2466738bb786a6c7849b
54.249999999992326,24.0,5892,test,3456.716599379209,1.0,1.0,"(1, 2)",650a2466738bb786a6c7849b
52.99999999999204,24.0,5893,test,3457.9665993792096,1.0,1.0,"(1, 2)",650a2466738bb786a6c7849b
51.74999999999176,24.0,5894,test,3459.21659937921,1.0,1.0,"(1, 2)",650a2466738bb786a6c7849b
50.49999999999147,24.0,5895,test,3460.4665993792105,1.0,1.0,"(1, 2)",650a2466738bb786a6c7849b
49.24999999999119,24.0,5896,test,3461.716599379211,1.0,1.0,"(1, 2)",650a2466738bb786a6c7849b
47.999999999990905,24.0,5897,test,3462.9665993792114,1.0,1.0,"(1, 2)",650a2466738bb786a6c7849b
46.74999999999062,24.0,5898,test,3464.216599379212,1.0,1.0,"(1, 2)",650a2466738bb786a6c7849b
45.49999999999034,24.0,5899,test,3465.4665993792123,1.0,1.0,"(1, 2)",650a2466738bb786a6c7849b
44.24999999999005,24.0,5900,test,3466.7165993792128,1.0,1.0,"(1, 2)",650a2466738bb786a6c7849b
42.99999999998977,24.0,5901,test,3467.966599379213,1.0,1.0,"(1, 2)",650a2466738bb786a6c7849b
41.749999999989484,24.0,5902,test,3469.2165993792137,1.0,1.0,"(1, 2)",650a2466738bb786a6c7849b
40.4999999999892,24.0,5903,test,3470.466599379214,1.0,1.0,"(1, 2)",650a2466738bb786a6c7849b
39.249999999988916,24.0,5904,test,3471.7165993792146,1.0,1.0,"(1, 2)",650a2466738bb786a6c7849b
37.99999999998863,24.0,5905,test,3472.966599379215,1.0,1.0,"(1, 2)",650a2466738bb786a6c7849b
36.74999999998835,24.0,5906,test,3474.2165993792155,1.0,1.0,"(1, 2)",650a2466738bb786a6c7849b
35.49999999998806,24.0,5907,test,3475.466599379216,1.0,1.0,"(1, 2)",650a2466738bb786a6c7849b
34.24999999998778,24.0,5908,test,3476.7165993792164,1.0,1.0,"(1, 2)",650a2466738bb786a6c7849b
32.999999999987494,24.0,5909,test,3477.966599379217,1.0,1.0,"(1, 2)",650a2466738bb786a6c7849b
31.749999999987285,24.0,5910,test,3479.216599379217,1.0,1.0,"(1, 2)",650a2466738bb786a6c7849b
30.499999999987356,24.0,5911,test,3480.466599379217,1.0,1.0,"(1, 2)",650a2466738bb786a6c7849b
29.249999999987427,24.0,5912,test,3481.716599379217,1.0,1.0,"(1, 2)",650a2466738bb786a6c7849b
27.999999999987498,24.0,5913,test,3482.966599379217,1.0,1.0,"(1, 2)",650a2466738bb786a6c7849b
26.74999999998757,24.0,5914,test,3484.216599379217,1.0,1.0,"(1, 2)",650a2466738bb786a6c7849b
25.49999999998764,24.0,5915,test,3485.466599379217,1.0,1.0,"(1, 2)",650a2466738bb786a6c7849b
24.24999999998771,24.0,5916,test,3486.716599379217,1.0,1.0,"(1, 2)",650a2466738bb786a6c7849b
24.0,24.0,5917,test,3486.9665993792046,1.0,1.0,"(1, 2)",650a2466738bb786a6c7849b
24.0,24.0,5918,test,3486.9665993792046,1.0,1.0,"(1, 2)",650a2466738bb786a6c7849b
24.0,24.0,5919,test,3486.9665993792046,1.0,1.0,"(1, 2)",650a2466738bb786a6c7849b
24.0,24.0,5920,test,3486.9665993792046,1.0,1.0,"(1, 2)",650a2466738bb786a6c7849b
24.0,24.0,5921,test,3486.9665993792046,1.0,1.0,"(1, 2)",650a2466738bb786a6c7849b
24.0,24.0,5922,test,3486.9665993792046,1.0,1.0,"(1, 2)",650a2466738bb786a6c7849b
24.0,24.0,5923,test,3486.9665993792046,1.0,1.0,"(1, 2)",650a2466738bb786a6c7849b
24.0,24.0,5924,test,3486.9665993792046,1.0,1.0,"(1, 2)",650a2466738bb786a6c7849b
24.0,24.0,5925,test,3486.9665993792046,1.0,1.0,"(1, 2)",650a2466738bb786a6c7849b
24.0,24.0,5926,test,3486.9665993792046,1.0,1.0,"(1, 2)",650a2466738bb786a6c7849b
24.0,24.0,5927,test,3486.9665993792046,1.0,1.0,"(1, 2)",650a2466738bb786a6c7849b
24.0,24.0,5928,test,3486.9665993792046,1.0,1.0,"(1, 2)",650a2466738bb786a6c7849b
24.0,24.0,5929,test,3486.9665993792046,1.0,1.0,"(1, 2)",650a2466738bb786a6c7849b
24.0,24.0,5930,test,3486.9665993792046,1.0,1.0,"(1, 2)",650a2466738bb786a6c7849b
24.0,24.0,5931,test,3486.9665993792046,1.0,1.0,"(1, 2)",650a2466738bb786a6c7849b
24.0,24.0,5932,test,3486.9665993792046,1.0,1.0,"(1, 2)",650a2466738bb786a6c7849b
24.0,24.0,5933,test,3486.9665993792046,1.0,1.0,"(1, 2)",650a2466738bb786a6c7849b
24.0,24.0,5934,test,3486.9665993792046,1.0,1.0,"(1, 2)",650a2466738bb786a6c7849b
24.0,24.0,5935,test,3486.9665993792046,1.0,1.0,"(1, 2)",650a2466738bb786a6c7849b
24.0,24.0,5936,test,3486.9665993792046,1.0,1.0,"(1, 2)",650a2466738bb786a6c7849b
24.0,24.0,5937,test,3486.9665993792046,1.0,1.0,"(1, 2)",650a2466738bb786a6c7849b
24.0,24.0,5938,test,3486.9665993792046,1.0,1.0,"(1, 2)",650a2466738bb786a6c7849b
24.0,24.0,5939,test,3486.9665993792046,1.0,1.0,"(1, 2)",650a2466738bb786a6c7849b
24.0,24.0,5940,test,3486.9665993792046,1.0,1.0,"(1, 2)",650a2466738bb786a6c7849b
24.0,24.0,5941,test,3486.9665993792046,1.0,1.0,"(1, 2)",650a2466738bb786a6c7849b
24.0,24.0,5942,test,3486.9665993792046,1.0,1.0,"(1, 2)",650a2466738bb786a6c7849b
24.0,24.0,5943,test,3486.9665993792046,1.0,1.0,"(1, 2)",650a2466738bb786a6c7849b
24.0,24.0,5944,test,3486.9665993792046,1.0,1.0,"(1, 2)",650a2466738bb786a6c7849b
24.0,24.0,5945,test,3486.9665993792046,1.0,1.0,"(1, 2)",650a2466738bb786a6c7849b
24.0,24.0,5946,test,3486.9665993792046,1.0,1.0,"(1, 2)",650a2466738bb786a6c7849b
24.0,24.0,5947,test,3486.9665993792046,1.0,1.0,"(1, 2)",650a2466738bb786a6c7849b
24.0,24.0,5948,test,3486.9665993792046,1.0,1.0,"(1, 2)",650a2466738bb786a6c7849b
24.0,24.0,5949,test,3486.9665993792046,1.0,1.0,"(1, 2)",650a2466738bb786a6c7849b
24.0,24.0,5950,test,3486.9665993792046,1.0,1.0,"(1, 2)",650a2466738bb786a6c7849b
24.0,24.0,5951,test,3486.9665993792046,1.0,1.0,"(1, 2)",650a2466738bb786a6c7849b
24.0,24.0,5952,test,3486.9665993792046,1.0,1.0,"(1, 2)",650a2466738bb786a6c7849b
24.0,24.0,5953,test,3486.9665993792046,1.0,1.0,"(1, 2)",650a2466738bb786a6c7849b
24.0,24.0,5954,test,3486.9665993792046,1.0,1.0,"(1, 2)",650a2466738bb786a6c7849b
24.0,24.0,5955,test,3486.9665993792046,1.0,1.0,"(1, 2)",650a2466738bb786a6c7849b
24.0,24.0,5956,test,3486.9665993792046,1.0,1.0,"(1, 2)",650a2466738bb786a6c7849b
24.0,24.0,5957,test,3486.9665993792046,1.0,1.0,"(1, 2)",650a2466738bb786a6c7849b
24.0,24.0,5958,test,3486.9665993792046,1.0,1.0,"(1, 2)",650a2466738bb786a6c7849b
24.0,24.0,5959,test,3486.9665993792046,1.0,1.0,"(1, 2)",650a2466738bb786a6c7849b
24.0,24.0,5960,test,3486.9665993792046,1.0,1.0,"(1, 2)",650a2466738bb786a6c7849b
24.0,24.0,5961,test,3486.9665993792046,1.0,1.0,"(1, 2)",650a2466738bb786a6c7849b
24.0,24.0,5962,test,3486.9665993792046,1.0,1.0,"(1, 2)",650a2466738bb786a6c7849b
24.0,24.0,5963,test,3486.9665993792046,1.0,1.0,"(1, 2)",650a2466738bb786a6c7849b
24.0,24.0,5964,test,3486.9665993792046,1.0,1.0,"(1, 2)",650a2466738bb786a6c7849b
24.0,24.0,5965,test,3486.9665993792046,1.0,1.0,"(1, 2)",650a2466738bb786a6c7849b
24.0,24.0,5966,test,3486.9665993792046,1.0,1.0,"(1, 2)",650a2466738bb786a6c7849b
24.0,24.0,5967,test,3486.9665993792046,1.0,1.0,"(1, 2)",650a2466738bb786a6c7849b
24.0,24.0,5968,test,3486.9665993792046,1.0,1.0,"(1, 2)",650a2466738bb786a6c7849b
24.0,24.0,5969,test,3486.9665993792046,1.0,1.0,"(1, 2)",650a2466738bb786a6c7849b
24.0,24.0,5970,test,3486.9665993792046,1.0,1.0,"(1, 2)",650a2466738bb786a6c7849b
24.0,24.0,5971,test,3486.9665993792046,1.0,1.0,"(1, 2)",650a2466738bb786a6c7849b
24.0,24.0,5972,test,3486.9665993792046,1.0,1.0,"(1, 2)",650a2466738bb786a6c7849b
24.0,24.0,5973,test,3486.9665993792046,1.0,1.0,"(1, 2)",650a2466738bb786a6c7849b
24.0,24.0,5974,test,3486.9665993792046,1.0,1.0,"(1, 2)",650a2466738bb786a6c7849b
24.0,24.0,5975,test,3486.9665993792046,1.0,1.0,"(1, 2)",650a2466738bb786a6c7849b
24.0,24.0,5976,test,3486.9665993792046,1.0,1.0,"(1, 2)",650a2466738bb786a6c7849b
24.0,24.0,5977,test,3486.9665993792046,1.0,1.0,"(1, 2)",650a2466738bb786a6c7849b
24.0,24.0,5978,test,3486.9665993792046,1.0,1.0,"(1, 2)",650a2466738bb786a6c7849b
24.0,24.0,5979,test,3486.9665993792046,1.0,1.0,"(1, 2)",650a2466738bb786a6c7849b
24.0,24.0,5980,test,3486.9665993792046,1.0,1.0,"(1, 2)",650a2466738bb786a6c7849b
24.0,24.0,5981,test,3486.9665993792046,1.0,1.0,"(1, 2)",650a2466738bb786a6c7849b
24.0,24.0,5982,test,3486.9665993792046,1.0,1.0,"(1, 2)",650a2466738bb786a6c7849b
24.0,24.0,5983,test,3486.9665993792046,1.0,1.0,"(1, 2)",650a2466738bb786a6c7849b
24.0,24.0,5984,test,3486.9665993792046,1.0,1.0,"(1, 2)",650a2466738bb786a6c7849b
24.0,24.0,5985,test,3486.9665993792046,1.0,1.0,"(1, 2)",650a2466738bb786a6c7849b
24.0,24.0,5986,test,3486.9665993792046,1.0,1.0,"(1, 2)",650a2466738bb786a6c7849b
24.0,24.0,5987,test,3486.9665993792046,1.0,1.0,"(1, 2)",650a2466738bb786a6c7849b
24.0,24.0,5988,test,3486.9665993792046,1.0,1.0,"(1, 2)",650a2466738bb786a6c7849b
24.0,24.0,5989,test,3486.9665993792046,1.0,1.0,"(1, 2)",650a2466738bb786a6c7849b
24.0,24.0,5990,test,3486.9665993792046,1.0,1.0,"(1, 2)",650a2466738bb786a6c7849b
24.0,24.0,5991,test,3486.9665993792046,1.0,1.0,"(1, 2)",650a2466738bb786a6c7849b
24.0,24.0,5992,test,3486.9665993792046,1.0,1.0,"(1, 2)",650a2466738bb786a6c7849b
24.0,24.0,5993,test,3486.9665993792046,1.0,1.0,"(1, 2)",650a2466738bb786a6c7849b
24.0,24.0,5994,test,3486.9665993792046,1.0,1.0,"(1, 2)",650a2466738bb786a6c7849b
24.0,24.0,5995,test,3486.9665993792046,1.0,1.0,"(1, 2)",650a2466738bb786a6c7849b
24.0,24.0,5996,test,3486.9665993792046,1.0,1.0,"(1, 2)",650a2466738bb786a6c7849b
24.0,24.0,5997,test,3486.9665993792046,1.0,1.0,"(1, 2)",650a2466738bb786a6c7849b
24.0,24.0,5998,test,3486.9665993792046,1.0,1.0,"(1, 2)",650a2466738bb786a6c7849b
24.0,24.0,5999,test,3486.9665993792046,1.0,1.0,"(1, 2)",650a2466738bb786a6c7849b
24.0,24.0,6000,test,3486.9665993792046,1.0,1.0,"(1, 2)",650a2466738bb786a6c7849b
24.0,24.0,6001,test,3486.9665993792046,1.0,1.0,"(1, 2)",650a2466738bb786a6c7849b
24.0,24.0,6002,test,3486.9665993792046,1.0,1.0,"(1, 2)",650a2466738bb786a6c7849b
24.0,24.0,6003,test,3486.9665993792046,1.0,1.0,"(1, 2)",650a2466738bb786a6c7849b
24.0,24.0,6004,test,3486.9665993792046,1.0,1.0,"(1, 2)",650a2466738bb786a6c7849b
24.0,24.0,6005,test,3486.9665993792046,1.0,1.0,"(1, 2)",650a2466738bb786a6c7849b
24.0,24.0,6006,test,3486.9665993792046,1.0,1.0,"(1, 2)",650a2466738bb786a6c7849b
24.0,24.0,6007,test,3486.9665993792046,1.0,1.0,"(1, 2)",650a2466738bb786a6c7849b
24.0,24.0,6008,test,3486.9665993792046,1.0,1.0,"(1, 2)",650a2466738bb786a6c7849b
24.0,24.0,6009,test,3486.9665993792046,1.0,1.0,"(1, 2)",650a2466738bb786a6c7849b
24.0,24.0,6010,test,3486.9665993792046,1.0,1.0,"(1, 2)",650a2466738bb786a6c7849b
25.24999999999993,24.0,6011,test,3488.2165993792046,1.0,1.0,"(1, 2)",650a2466738bb786a6c7849b
26.499999999999858,24.0,6012,test,3489.4665993792046,1.0,1.0,"(1, 2)",650a2466738bb786a6c7849b
27.749999999999787,24.0,6013,test,3490.7165993792046,1.0,1.0,"(1, 2)",650a2466738bb786a6c7849b
28.999999999999716,24.0,6014,test,3491.9665993792046,1.0,1.0,"(1, 2)",650a2466738bb786a6c7849b
30.249999999999645,24.0,6015,test,3493.2165993792046,1.0,1.0,"(1, 2)",650a2466738bb786a6c7849b
31.499999999999574,24.0,6016,test,3494.4665993792046,1.0,1.0,"(1, 2)",650a2466738bb786a6c7849b
32.749999999999716,24.0,6017,test,3495.7165993792046,1.0,1.0,"(1, 2)",650a2466738bb786a6c7849b
34.0,24.0,6018,test,3496.966599379205,1.0,1.0,"(1, 2)",650a2466738bb786a6c7849b
35.250000000000284,24.0,6019,test,3498.2165993792055,1.0,1.0,"(1, 2)",650a2466738bb786a6c7849b
36.50000000000057,24.0,6020,test,3499.466599379206,1.0,1.0,"(1, 2)",650a2466738bb786a6c7849b
37.75000000000085,24.0,6021,test,3500.7165993792064,1.0,1.0,"(1, 2)",650a2466738bb786a6c7849b
39.00000000000114,24.0,6022,test,3501.966599379207,1.0,1.0,"(1, 2)",650a2466738bb786a6c7849b
40.25000000000142,24.0,6023,test,3503.2165993792073,1.0,1.0,"(1, 2)",650a2466738bb786a6c7849b
41.500000000001705,24.0,6024,test,3504.4665993792078,1.0,1.0,"(1, 2)",650a2466738bb786a6c7849b
42.75000000000199,24.0,6025,test,3505.716599379208,1.0,1.0,"(1, 2)",650a2466738bb786a6c7849b
44.000000000002274,24.0,6026,test,3506.9665993792087,1.0,1.0,"(1, 2)",650a2466738bb786a6c7849b
45.25000000000256,24.0,6027,test,3508.216599379209,1.0,1.0,"(1, 2)",650a2466738bb786a6c7849b
46.50000000000284,24.0,6028,test,3509.4665993792096,1.0,1.0,"(1, 2)",650a2466738bb786a6c7849b
47.750000000003126,24.0,6029,test,3510.71659937921,1.0,1.0,"(1, 2)",650a2466738bb786a6c7849b
49.00000000000341,24.0,6030,test,3511.9665993792105,1.0,1.0,"(1, 2)",650a2466738bb786a6c7849b
50.250000000003695,24.0,6031,test,3513.216599379211,1.0,1.0,"(1, 2)",650a2466738bb786a6c7849b
51.50000000000398,24.0,6032,test,3514.4665993792114,1.0,1.0,"(1, 2)",650a2466738bb786a6c7849b
52.75000000000426,24.0,6033,test,3515.716599379212,1.0,1.0,"(1, 2)",650a2466738bb786a6c7849b
54.00000000000455,24.0,6034,test,3516.9665993792123,1.0,1.0,"(1, 2)",650a2466738bb786a6c7849b
55.25000000000483,24.0,6035,test,3518.2165993792128,1.0,1.0,"(1, 2)",650a2466738bb786a6c7849b
56.500000000005116,24.0,6036,test,3519.466599379213,1.0,1.0,"(1, 2)",650a2466738bb786a6c7849b
57.7500000000054,24.0,6037,test,3520.7165993792137,1.0,1.0,"(1, 2)",650a2466738bb786a6c7849b
59.000000000005684,24.0,6038,test,3521.966599379214,1.0,1.0,"(1, 2)",650a2466738bb786a6c7849b
60.25000000000597,24.0,6039,test,3523.2165993792146,1.0,1.0,"(1, 2)",650a2466738bb786a6c7849b
61.50000000000625,24.0,6040,test,3524.466599379215,1.0,1.0,"(1, 2)",650a2466738bb786a6c7849b
62.75000000000654,24.0,6041,test,3525.7165993792155,1.0,1.0,"(1, 2)",650a2466738bb786a6c7849b
64.00000000000682,24.0,6042,test,3526.966599379216,1.0,1.0,"(1, 2)",650a2466738bb786a6c7849b
65.2500000000071,24.0,6043,test,3528.2165993792164,1.0,1.0,"(1, 2)",650a2466738bb786a6c7849b
66.50000000000739,24.0,6044,test,3529.466599379217,1.0,1.0,"(1, 2)",650a2466738bb786a6c7849b
67.75000000000767,24.0,6045,test,3530.7165993792173,1.0,1.0,"(1, 2)",650a2466738bb786a6c7849b
69.00000000000796,24.0,6046,test,3531.9665993792178,1.0,1.0,"(1, 2)",650a2466738bb786a6c7849b
70.25000000000824,24.0,6047,test,3533.216599379218,1.0,1.0,"(1, 2)",650a2466738bb786a6c7849b
71.50000000000853,24.0,6048,test,3534.4665993792187,1.0,1.0,"(1, 2)",650a2466738bb786a6c7849b
72.75000000000881,24.0,6049,test,3535.716599379219,1.0,1.0,"(1, 2)",650a2466738bb786a6c7849b
74.0000000000091,24.0,6050,test,3536.9665993792196,1.0,1.0,"(1, 2)",650a2466738bb786a6c7849b
75.25000000000938,24.0,6051,test,3538.21659937922,1.0,1.0,"(1, 2)",650a2466738bb786a6c7849b
76.50000000000966,24.0,6052,test,3539.4665993792205,1.0,1.0,"(1, 2)",650a2466738bb786a6c7849b
77.75000000000995,24.0,6053,test,3540.716599379221,1.0,1.0,"(1, 2)",650a2466738bb786a6c7849b
79.00000000001023,24.0,6054,test,3541.9665993792214,1.0,1.0,"(1, 2)",650a2466738bb786a6c7849b
80.25000000001052,24.0,6055,test,3543.216599379222,1.0,1.0,"(1, 2)",650a2466738bb786a6c7849b
81.5000000000108,24.0,6056,test,3544.4665993792223,1.0,1.0,"(1, 2)",650a2466738bb786a6c7849b
82.75000000001108,24.0,6057,test,3545.7165993792228,1.0,1.0,"(1, 2)",650a2466738bb786a6c7849b
84.00000000001137,24.0,6058,test,3546.966599379223,1.0,1.0,"(1, 2)",650a2466738bb786a6c7849b
85.25000000001165,24.0,6059,test,3548.2165993792237,1.0,1.0,"(1, 2)",650a2466738bb786a6c7849b
86.50000000001194,24.0,6060,test,3549.466599379224,1.0,1.0,"(1, 2)",650a2466738bb786a6c7849b
87.75000000001222,24.0,6061,test,3550.7165993792246,1.0,1.0,"(1, 2)",650a2466738bb786a6c7849b
88.0,24.0,6062,test,3550.9665993792123,1.0,1.0,"(1, 2)",650a2466738bb786a6c7849b
88.0,24.0,6063,test,3550.9665993792123,1.0,1.0,"(1, 2)",650a2466738bb786a6c7849b
88.0,24.0,6064,test,3550.9665993792123,1.0,1.0,"(1, 2)",650a2466738bb786a6c7849b
88.0,24.0,6065,test,3550.9665993792123,1.0,1.0,"(1, 2)",650a2466738bb786a6c7849b
88.0,24.0,6066,test,3550.9665993792123,1.0,1.0,"(1, 2)",650a2466738bb786a6c7849b
88.0,24.0,6067,test,3550.9665993792123,1.0,1.0,"(1, 2)",650a2466738bb786a6c7849b
88.0,24.0,6068,test,3550.9665993792123,1.0,1.0,"(1, 2)",650a2466738bb786a6c7849b
88.0,24.0,6069,test,3550.9665993792123,1.0,1.0,"(1, 2)",650a2466738bb786a6c7849b
88.0,24.0,6070,test,3550.9665993792123,1.0,1.0,"(1, 2)",650a2466738bb786a6c7849b
88.0,24.0,6071,test,3550.9665993792123,1.0,1.0,"(1, 2)",650a2466738bb786a6c7849b
88.0,24.0,6072,test,3550.9665993792123,1.0,1.0,"(1, 2)",650a2466738bb786a6c7849b
88.0,24.0,6073,test,3550.9665993792123,1.0,1.0,"(1, 2)",650a2466738bb786a6c7849b
88.0,24.0,6074,test,3550.9665993792123,1.0,1.0,"(1, 2)",650a2466738bb786a6c7849b
88.0,24.0,6075,test,3550.9665993792123,1.0,1.0,"(1, 2)",650a2466738bb786a6c7849b
88.0,24.0,6076,test,3550.9665993792123,1.0,1.0,"(1, 2)",650a2466738bb786a6c7849b
86.74999999999972,24.0,6077,test,3552.2165993792128,1.0,1.0,"(1, 2)",650a2466738bb786a6c7849b
85.49999999999943,24.0,6078,test,3553.466599379213,1.0,1.0,"(1, 2)",650a2466738bb786a6c7849b
84.24999999999915,24.0,6079,test,3554.7165993792137,1.0,1.0,"(1, 2)",650a2466738bb786a6c7849b
82.99999999999886,24.0,6080,test,3555.966599379214,1.0,1.0,"(1, 2)",650a2466738bb786a6c7849b
81.74999999999858,24.0,6081,test,3557.2165993792146,1.0,1.0,"(1, 2)",650a2466738bb786a6c7849b
80.4999999999983,24.0,6082,test,3558.466599379215,1.0,1.0,"(1, 2)",650a2466738bb786a6c7849b
79.24999999999801,24.0,6083,test,3559.7165993792155,1.0,1.0,"(1, 2)",650a2466738bb786a6c7849b
77.99999999999773,24.0,6084,test,3560.966599379216,1.0,1.0,"(1, 2)",650a2466738bb786a6c7849b
76.74999999999744,24.0,6085,test,3562.2165993792164,1.0,1.0,"(1, 2)",650a2466738bb786a6c7849b
75.49999999999716,24.0,6086,test,3563.466599379217,1.0,1.0,"(1, 2)",650a2466738bb786a6c7849b
74.24999999999687,24.0,6087,test,3564.7165993792173,1.0,1.0,"(1, 2)",650a2466738bb786a6c7849b
72.99999999999659,24.0,6088,test,3565.9665993792178,1.0,1.0,"(1, 2)",650a2466738bb786a6c7849b
71.7499999999963,24.0,6089,test,3567.216599379218,1.0,1.0,"(1, 2)",650a2466738bb786a6c7849b
70.49999999999602,24.0,6090,test,3568.4665993792187,1.0,1.0,"(1, 2)",650a2466738bb786a6c7849b
69.24999999999574,24.0,6091,test,3569.716599379219,1.0,1.0,"(1, 2)",650a2466738bb786a6c7849b
67.99999999999545,24.0,6092,test,3570.9665993792196,1.0,1.0,"(1, 2)",650a2466738bb786a6c7849b
66.74999999999517,24.0,6093,test,3572.21659937922,1.0,1.0,"(1, 2)",650a2466738bb786a6c7849b
65.49999999999488,24.0,6094,test,3573.4665993792205,1.0,1.0,"(1, 2)",650a2466738bb786a6c7849b
64.2499999999946,24.0,6095,test,3574.716599379221,1.0,1.0,"(1, 2)",650a2466738bb786a6c7849b
62.999999999994316,24.0,6096,test,3575.9665993792214,1.0,1.0,"(1, 2)",650a2466738bb786a6c7849b
61.74999999999403,24.0,6097,test,3577.216599379222,1.0,1.0,"(1, 2)",650a2466738bb786a6c7849b
60.49999999999375,24.0,6098,test,3578.4665993792223,1.0,1.0,"(1, 2)",650a2466738bb786a6c7849b
59.24999999999346,24.0,6099,test,3579.7165993792228,1.0,1.0,"(1, 2)",650a2466738bb786a6c7849b
57.99999999999318,24.0,6100,test,3580.966599379223,1.0,1.0,"(1, 2)",650a2466738bb786a6c7849b
56.749999999992895,24.0,6101,test,3582.2165993792237,1.0,1.0,"(1, 2)",650a2466738bb786a6c7849b
55.49999999999261,24.0,6102,test,3583.466599379224,1.0,1.0,"(1, 2)",650a2466738bb786a6c7849b
54.249999999992326,24.0,6103,test,3584.7165993792246,1.0,1.0,"(1, 2)",650a2466738bb786a6c7849b
52.99999999999204,24.0,6104,test,3585.966599379225,1.0,1.0,"(1, 2)",650a2466738bb786a6c7849b
51.74999999999176,24.0,6105,test,3587.2165993792255,1.0,1.0,"(1, 2)",650a2466738bb786a6c7849b
50.49999999999147,24.0,6106,test,3588.466599379226,1.0,1.0,"(1, 2)",650a2466738bb786a6c7849b
49.24999999999119,24.0,6107,test,3589.7165993792264,1.0,1.0,"(1, 2)",650a2466738bb786a6c7849b
47.999999999990905,24.0,6108,test,3590.966599379227,1.0,1.0,"(1, 2)",650a2466738bb786a6c7849b
46.74999999999062,24.0,6109,test,3592.2165993792273,1.0,1.0,"(1, 2)",650a2466738bb786a6c7849b
45.49999999999034,24.0,6110,test,3593.466599379228,1.0,1.0,"(1, 2)",650a2466738bb786a6c7849b
44.24999999999005,24.0,6111,test,3594.7165993792282,1.0,1.0,"(1, 2)",650a2466738bb786a6c7849b
42.99999999998977,24.0,6112,test,3595.9665993792287,1.0,1.0,"(1, 2)",650a2466738bb786a6c7849b
41.749999999989484,24.0,6113,test,3597.216599379229,1.0,1.0,"(1, 2)",650a2466738bb786a6c7849b
40.4999999999892,24.0,6114,test,3598.4665993792296,1.0,1.0,"(1, 2)",650a2466738bb786a6c7849b
39.249999999988916,24.0,6115,test,3599.71659937923,1.0,1.0,"(1, 2)",650a2466738bb786a6c7849b
37.99999999998863,24.0,6116,test,3600.9665993792305,1.0,1.0,"(1, 2)",650a2466738bb786a6c7849b
36.74999999998835,24.0,6117,test,3602.216599379231,1.0,1.0,"(1, 2)",650a2466738bb786a6c7849b
35.49999999998806,24.0,6118,test,3603.4665993792314,1.0,1.0,"(1, 2)",650a2466738bb786a6c7849b
34.24999999998778,24.0,6119,test,3604.716599379232,1.0,1.0,"(1, 2)",650a2466738bb786a6c7849b
32.999999999987494,24.0,6120,test,3605.9665993792323,1.0,1.0,"(1, 2)",650a2466738bb786a6c7849b
31.749999999987285,24.0,6121,test,3607.2165993792323,1.0,1.0,"(1, 2)",650a2466738bb786a6c7849b
30.499999999987356,24.0,6122,test,3608.4665993792323,1.0,1.0,"(1, 2)",650a2466738bb786a6c7849b
29.249999999987427,24.0,6123,test,3609.7165993792323,1.0,1.0,"(1, 2)",650a2466738bb786a6c7849b
27.999999999987498,24.0,6124,test,3610.9665993792323,1.0,1.0,"(1, 2)",650a2466738bb786a6c7849b
26.74999999998757,24.0,6125,test,3612.2165993792323,1.0,1.0,"(1, 2)",650a2466738bb786a6c7849b
25.49999999998764,24.0,6126,test,3613.4665993792323,1.0,1.0,"(1, 2)",650a2466738bb786a6c7849b
24.24999999998771,24.0,6127,test,3614.7165993792323,1.0,1.0,"(1, 2)",650a2466738bb786a6c7849b
24.0,24.0,6128,test,3614.96659937922,1.0,1.0,"(1, 2)",650a2466738bb786a6c7849b
24.0,24.0,6129,test,3614.96659937922,1.0,1.0,"(1, 2)",650a2466738bb786a6c7849b
24.0,24.0,6130,test,3614.96659937922,1.0,1.0,"(1, 2)",650a2466738bb786a6c7849b
24.0,24.0,6131,test,3614.96659937922,1.0,1.0,"(1, 2)",650a2466738bb786a6c7849b
24.0,24.0,6132,test,3614.96659937922,1.0,1.0,"(1, 2)",650a2466738bb786a6c7849b
24.0,24.0,6133,test,3614.96659937922,1.0,1.0,"(1, 2)",650a2466738bb786a6c7849b
24.0,24.0,6134,test,3614.96659937922,1.0,1.0,"(1, 2)",650a2466738bb786a6c7849b
24.0,24.0,6135,test,3614.96659937922,1.0,1.0,"(1, 2)",650a2466738bb786a6c7849b
24.0,24.0,6136,test,3614.96659937922,1.0,1.0,"(1, 2)",650a2466738bb786a6c7849b
24.0,24.0,6137,test,3614.96659937922,1.0,1.0,"(1, 2)",650a2466738bb786a6c7849b
24.0,24.0,6138,test,3614.96659937922,1.0,1.0,"(1, 2)",650a2466738bb786a6c7849b
24.0,24.0,6139,test,3614.96659937922,1.0,1.0,"(1, 2)",650a2466738bb786a6c7849b
24.0,24.0,6140,test,3614.96659937922,1.0,1.0,"(1, 2)",650a2466738bb786a6c7849b
24.0,24.0,6141,test,3614.96659937922,1.0,1.0,"(1, 2)",650a2466738bb786a6c7849b
24.0,24.0,6142,test,3614.96659937922,1.0,1.0,"(1, 2)",650a2466738bb786a6c7849b
24.0,24.0,6143,test,3614.96659937922,1.0,1.0,"(1, 2)",650a2466738bb786a6c7849b
24.0,24.0,6144,test,3614.96659937922,1.0,1.0,"(1, 2)",650a2466738bb786a6c7849b
24.0,24.0,6145,test,3614.96659937922,1.0,1.0,"(1, 2)",650a2466738bb786a6c7849b
24.0,24.0,6146,test,3614.96659937922,1.0,1.0,"(1, 2)",650a2466738bb786a6c7849b
24.0,24.0,6147,test,3614.96659937922,1.0,1.0,"(1, 2)",650a2466738bb786a6c7849b
24.0,24.0,6148,test,3614.96659937922,1.0,1.0,"(1, 2)",650a2466738bb786a6c7849b
24.0,24.0,6149,test,3614.96659937922,1.0,1.0,"(1, 2)",650a2466738bb786a6c7849b
24.0,24.0,6150,test,3614.96659937922,1.0,1.0,"(1, 2)",650a2466738bb786a6c7849b
24.0,24.0,6151,test,3614.96659937922,1.0,1.0,"(1, 2)",650a2466738bb786a6c7849b
24.0,24.0,6152,test,3614.96659937922,1.0,1.0,"(1, 2)",650a2466738bb786a6c7849b
24.0,24.0,6153,test,3614.96659937922,1.0,1.0,"(1, 2)",650a2466738bb786a6c7849b
24.0,24.0,6154,test,3614.96659937922,1.0,1.0,"(1, 2)",650a2466738bb786a6c7849b
24.0,24.0,6155,test,3614.96659937922,1.0,1.0,"(1, 2)",650a2466738bb786a6c7849b
24.0,24.0,6156,test,3614.96659937922,1.0,1.0,"(1, 2)",650a2466738bb786a6c7849b
24.0,24.0,6157,test,3614.96659937922,1.0,1.0,"(1, 2)",650a2466738bb786a6c7849b
24.0,24.0,6158,test,3614.96659937922,1.0,1.0,"(1, 2)",650a2466738bb786a6c7849b
24.0,24.0,6159,test,3614.96659937922,1.0,1.0,"(1, 2)",650a2466738bb786a6c7849b
24.0,24.0,6160,test,3614.96659937922,1.0,1.0,"(1, 2)",650a2466738bb786a6c7849b
24.0,24.0,6161,test,3614.96659937922,1.0,1.0,"(1, 2)",650a2466738bb786a6c7849b
24.0,24.0,6162,test,3614.96659937922,1.0,1.0,"(1, 2)",650a2466738bb786a6c7849b
24.0,24.0,6163,test,3614.96659937922,1.0,1.0,"(1, 2)",650a2466738bb786a6c7849b
24.0,24.0,6164,test,3614.96659937922,1.0,1.0,"(1, 2)",650a2466738bb786a6c7849b
24.0,24.0,6165,test,3614.96659937922,1.0,1.0,"(1, 2)",650a2466738bb786a6c7849b
24.0,24.0,6166,test,3614.96659937922,1.0,1.0,"(1, 2)",650a2466738bb786a6c7849b
24.0,24.0,6167,test,3614.96659937922,1.0,1.0,"(1, 2)",650a2466738bb786a6c7849b
24.0,24.0,6168,test,3614.96659937922,1.0,1.0,"(1, 2)",650a2466738bb786a6c7849b
24.0,24.0,6169,test,3614.96659937922,1.0,1.0,"(1, 2)",650a2466738bb786a6c7849b
24.0,24.0,6170,test,3614.96659937922,1.0,1.0,"(1, 2)",650a2466738bb786a6c7849b
24.0,24.0,6171,test,3614.96659937922,1.0,1.0,"(1, 2)",650a2466738bb786a6c7849b
24.0,24.0,6172,test,3614.96659937922,1.0,1.0,"(1, 2)",650a2466738bb786a6c7849b
24.0,24.0,6173,test,3614.96659937922,1.0,1.0,"(1, 2)",650a2466738bb786a6c7849b
24.0,24.0,6174,test,3614.96659937922,1.0,1.0,"(1, 2)",650a2466738bb786a6c7849b
24.0,24.0,6175,test,3614.96659937922,1.0,1.0,"(1, 2)",650a2466738bb786a6c7849b
24.0,24.0,6176,test,3614.96659937922,1.0,1.0,"(1, 2)",650a2466738bb786a6c7849b
24.0,24.0,6177,test,3614.96659937922,1.0,1.0,"(1, 2)",650a2466738bb786a6c7849b
24.0,24.0,6178,test,3614.96659937922,1.0,1.0,"(1, 2)",650a2466738bb786a6c7849b
24.0,24.0,6179,test,3614.96659937922,1.0,1.0,"(1, 2)",650a2466738bb786a6c7849b
24.0,24.0,6180,test,3614.96659937922,1.0,1.0,"(1, 2)",650a2466738bb786a6c7849b
24.0,24.0,6181,test,3614.96659937922,1.0,1.0,"(1, 2)",650a2466738bb786a6c7849b
24.0,24.0,6182,test,3614.96659937922,1.0,1.0,"(1, 2)",650a2466738bb786a6c7849b
24.0,24.0,6183,test,3614.96659937922,1.0,1.0,"(1, 2)",650a2466738bb786a6c7849b
24.0,24.0,6184,test,3614.96659937922,1.0,1.0,"(1, 2)",650a2466738bb786a6c7849b
24.0,24.0,6185,test,3614.96659937922,1.0,1.0,"(1, 2)",650a2466738bb786a6c7849b
24.0,24.0,6186,test,3614.96659937922,1.0,1.0,"(1, 2)",650a2466738bb786a6c7849b
24.0,24.0,6187,test,3614.96659937922,1.0,1.0,"(1, 2)",650a2466738bb786a6c7849b
24.0,24.0,6188,test,3614.96659937922,1.0,1.0,"(1, 2)",650a2466738bb786a6c7849b
24.0,24.0,6189,test,3614.96659937922,1.0,1.0,"(1, 2)",650a2466738bb786a6c7849b
24.0,24.0,6190,test,3614.96659937922,1.0,1.0,"(1, 2)",650a2466738bb786a6c7849b
24.0,24.0,6191,test,3614.96659937922,1.0,1.0,"(1, 2)",650a2466738bb786a6c7849b
24.0,24.0,6192,test,3614.96659937922,1.0,1.0,"(1, 2)",650a2466738bb786a6c7849b
24.0,24.0,6193,test,3614.96659937922,1.0,1.0,"(1, 2)",650a2466738bb786a6c7849b
24.0,24.0,6194,test,3614.96659937922,1.0,1.0,"(1, 2)",650a2466738bb786a6c7849b
24.0,24.0,6195,test,3614.96659937922,1.0,1.0,"(1, 2)",650a2466738bb786a6c7849b
24.0,24.0,6196,test,3614.96659937922,1.0,1.0,"(1, 2)",650a2466738bb786a6c7849b
24.0,24.0,6197,test,3614.96659937922,1.0,1.0,"(1, 2)",650a2466738bb786a6c7849b
24.0,24.0,6198,test,3614.96659937922,1.0,1.0,"(1, 2)",650a2466738bb786a6c7849b
24.0,24.0,6199,test,3614.96659937922,1.0,1.0,"(1, 2)",650a2466738bb786a6c7849b
24.0,24.0,6200,test,3614.96659937922,1.0,1.0,"(1, 2)",650a2466738bb786a6c7849b
24.0,24.0,6201,test,3614.96659937922,1.0,1.0,"(1, 2)",650a2466738bb786a6c7849b
24.0,24.0,6202,test,3614.96659937922,1.0,1.0,"(1, 2)",650a2466738bb786a6c7849b
24.0,24.0,6203,test,3614.96659937922,1.0,1.0,"(1, 2)",650a2466738bb786a6c7849b
24.0,24.0,6204,test,3614.96659937922,1.0,1.0,"(1, 2)",650a2466738bb786a6c7849b
24.0,24.0,6205,test,3614.96659937922,1.0,1.0,"(1, 2)",650a2466738bb786a6c7849b
24.0,24.0,6206,test,3614.96659937922,1.0,1.0,"(1, 2)",650a2466738bb786a6c7849b
24.0,24.0,6207,test,3614.96659937922,1.0,1.0,"(1, 2)",650a2466738bb786a6c7849b
24.0,24.0,6208,test,3614.96659937922,1.0,1.0,"(1, 2)",650a2466738bb786a6c7849b
24.0,24.0,6209,test,3614.96659937922,1.0,1.0,"(1, 2)",650a2466738bb786a6c7849b
24.0,24.0,6210,test,3614.96659937922,1.0,1.0,"(1, 2)",650a2466738bb786a6c7849b
24.0,24.0,6211,test,3614.96659937922,1.0,1.0,"(1, 2)",650a2466738bb786a6c7849b
24.0,24.0,6212,test,3614.96659937922,1.0,1.0,"(1, 2)",650a2466738bb786a6c7849b
24.0,24.0,6213,test,3614.96659937922,1.0,1.0,"(1, 2)",650a2466738bb786a6c7849b
24.0,24.0,6214,test,3614.96659937922,1.0,1.0,"(1, 2)",650a2466738bb786a6c7849b
24.0,24.0,6215,test,3614.96659937922,1.0,1.0,"(1, 2)",650a2466738bb786a6c7849b
24.0,24.0,6216,test,3614.96659937922,1.0,1.0,"(1, 2)",650a2466738bb786a6c7849b
24.0,24.0,6217,test,3614.96659937922,1.0,1.0,"(1, 2)",650a2466738bb786a6c7849b
24.0,24.0,6218,test,3614.96659937922,1.0,1.0,"(1, 2)",650a2466738bb786a6c7849b
24.0,24.0,6219,test,3614.96659937922,1.0,1.0,"(1, 2)",650a2466738bb786a6c7849b
24.0,24.0,6220,test,3614.96659937922,1.0,1.0,"(1, 2)",650a2466738bb786a6c7849b
24.0,24.0,6221,test,3614.96659937922,1.0,1.0,"(1, 2)",650a2466738bb786a6c7849b
24.0,24.0,6222,test,3614.96659937922,1.0,1.0,"(1, 2)",650a2466738bb786a6c7849b
24.0,24.0,6223,test,3614.96659937922,1.0,1.0,"(1, 2)",650a2466738bb786a6c7849b
24.0,24.0,6224,test,3614.96659937922,1.0,1.0,"(1, 2)",650a2466738bb786a6c7849b
24.0,24.0,6225,test,3614.96659937922,1.0,1.0,"(1, 2)",650a2466738bb786a6c7849b
24.0,24.0,6226,test,3614.96659937922,1.0,1.0,"(1, 2)",650a2466738bb786a6c7849b
24.0,24.0,6227,test,3614.96659937922,1.0,1.0,"(1, 2)",650a2466738bb786a6c7849b
24.0,24.0,6228,test,3614.96659937922,1.0,1.0,"(1, 2)",650a2466738bb786a6c7849b
24.0,24.0,6229,test,3614.96659937922,1.0,1.0,"(1, 2)",650a2466738bb786a6c7849b
24.0,24.0,6230,test,3614.96659937922,1.0,1.0,"(1, 2)",650a2466738bb786a6c7849b
24.0,24.0,6231,test,3614.96659937922,1.0,1.0,"(1, 2)",650a2466738bb786a6c7849b
24.0,24.0,6232,test,3614.96659937922,1.0,1.0,"(1, 2)",650a2466738bb786a6c7849b
24.0,24.0,6233,test,3614.96659937922,1.0,1.0,"(1, 2)",650a2466738bb786a6c7849b
24.0,24.0,6234,test,3614.96659937922,1.0,1.0,"(1, 2)",650a2466738bb786a6c7849b
24.0,24.0,6235,test,3614.96659937922,1.0,1.0,"(1, 2)",650a2466738bb786a6c7849b
24.0,24.0,6236,test,3614.96659937922,1.0,1.0,"(1, 2)",650a2466738bb786a6c7849b
24.0,24.0,6237,test,3614.96659937922,1.0,1.0,"(1, 2)",650a2466738bb786a6c7849b
24.0,24.0,6238,test,3614.96659937922,1.0,1.0,"(1, 2)",650a2466738bb786a6c7849b
24.0,24.0,6239,test,3614.96659937922,1.0,1.0,"(1, 2)",650a2466738bb786a6c7849b
24.0,24.0,6240,test,3614.96659937922,1.0,1.0,"(1, 2)",650a2466738bb786a6c7849b
24.0,24.0,6241,test,3614.96659937922,1.0,1.0,"(1, 2)",650a2466738bb786a6c7849b
24.0,24.0,6242,test,3614.96659937922,1.0,1.0,"(1, 2)",650a2466738bb786a6c7849b
24.0,24.0,6243,test,3614.96659937922,1.0,1.0,"(1, 2)",650a2466738bb786a6c7849b
24.0,24.0,6244,test,3614.96659937922,1.0,1.0,"(1, 2)",650a2466738bb786a6c7849b
24.0,24.0,6245,test,3614.96659937922,1.0,1.0,"(1, 2)",650a2466738bb786a6c7849b
24.0,24.0,6246,test,3614.96659937922,1.0,1.0,"(1, 2)",650a2466738bb786a6c7849b
25.24999999999993,24.0,6247,test,3616.21659937922,1.0,1.0,"(1, 2)",650a2466738bb786a6c7849b
26.499999999999858,24.0,6248,test,3617.46659937922,1.0,1.0,"(1, 2)",650a2466738bb786a6c7849b
27.749999999999787,24.0,6249,test,3618.71659937922,1.0,1.0,"(1, 2)",650a2466738bb786a6c7849b
28.999999999999716,24.0,6250,test,3619.96659937922,1.0,1.0,"(1, 2)",650a2466738bb786a6c7849b
30.249999999999645,24.0,6251,test,3621.21659937922,1.0,1.0,"(1, 2)",650a2466738bb786a6c7849b
31.499999999999574,24.0,6252,test,3622.46659937922,1.0,1.0,"(1, 2)",650a2466738bb786a6c7849b
32.749999999999716,24.0,6253,test,3623.71659937922,1.0,1.0,"(1, 2)",650a2466738bb786a6c7849b
34.0,24.0,6254,test,3624.9665993792205,1.0,1.0,"(1, 2)",650a2466738bb786a6c7849b
35.250000000000284,24.0,6255,test,3626.216599379221,1.0,1.0,"(1, 2)",650a2466738bb786a6c7849b
36.50000000000057,24.0,6256,test,3627.4665993792214,1.0,1.0,"(1, 2)",650a2466738bb786a6c7849b
37.75000000000085,24.0,6257,test,3628.716599379222,1.0,1.0,"(1, 2)",650a2466738bb786a6c7849b
39.00000000000114,24.0,6258,test,3629.9665993792223,1.0,1.0,"(1, 2)",650a2466738bb786a6c7849b
40.0,24.0,6259,test,3630.9665993792214,1.0,1.0,"(1, 2)",650a2466738bb786a6c7849b
40.0,24.0,6260,test,3630.9665993792214,1.0,1.0,"(1, 2)",650a2466738bb786a6c7849b
40.0,24.0,6261,test,3630.9665993792214,1.0,1.0,"(1, 2)",650a2466738bb786a6c7849b
40.0,24.0,6262,test,3630.9665993792214,1.0,1.0,"(1, 2)",650a2466738bb786a6c7849b
40.0,24.0,6263,test,3630.9665993792214,1.0,1.0,"(1, 2)",650a2466738bb786a6c7849b
40.0,24.0,6264,test,3630.9665993792214,1.0,1.0,"(1, 2)",650a2466738bb786a6c7849b
40.0,24.0,6265,test,3630.9665993792214,1.0,1.0,"(1, 2)",650a2466738bb786a6c7849b
40.0,24.0,6266,test,3630.9665993792214,1.0,1.0,"(1, 2)",650a2466738bb786a6c7849b
40.0,24.0,6267,test,3630.9665993792214,1.0,1.0,"(1, 2)",650a2466738bb786a6c7849b
40.0,24.0,6268,test,3630.9665993792214,1.0,1.0,"(1, 2)",650a2466738bb786a6c7849b
40.0,24.0,6269,test,3630.9665993792214,1.0,1.0,"(1, 2)",650a2466738bb786a6c7849b
40.0,24.0,6270,test,3630.9665993792214,1.0,1.0,"(1, 2)",650a2466738bb786a6c7849b
40.0,24.0,6271,test,3630.9665993792214,1.0,1.0,"(1, 2)",650a2466738bb786a6c7849b
40.0,24.0,6272,test,3630.9665993792214,1.0,1.0,"(1, 2)",650a2466738bb786a6c7849b
38.749999999999716,24.0,6273,test,3632.216599379222,1.0,1.0,"(1, 2)",650a2466738bb786a6c7849b
37.49999999999943,24.0,6274,test,3633.4665993792223,1.0,1.0,"(1, 2)",650a2466738bb786a6c7849b
36.24999999999915,24.0,6275,test,3634.7165993792228,1.0,1.0,"(1, 2)",650a2466738bb786a6c7849b
34.99999999999886,24.0,6276,test,3635.966599379223,1.0,1.0,"(1, 2)",650a2466738bb786a6c7849b
33.74999999999858,24.0,6277,test,3637.2165993792237,1.0,1.0,"(1, 2)",650a2466738bb786a6c7849b
32.499999999998295,24.0,6278,test,3638.466599379224,1.0,1.0,"(1, 2)",650a2466738bb786a6c7849b
31.249999999998227,24.0,6279,test,3639.716599379224,1.0,1.0,"(1, 2)",650a2466738bb786a6c7849b
29.9999999999983,24.0,6280,test,3640.966599379224,1.0,1.0,"(1, 2)",650a2466738bb786a6c7849b
28.74999999999837,24.0,6281,test,3642.216599379224,1.0,1.0,"(1, 2)",650a2466738bb786a6c7849b
27.49999999999844,24.0,6282,test,3643.466599379224,1.0,1.0,"(1, 2)",650a2466738bb786a6c7849b
26.24999999999851,24.0,6283,test,3644.716599379224,1.0,1.0,"(1, 2)",650a2466738bb786a6c7849b
24.999999999998582,24.0,6284,test,3645.966599379224,1.0,1.0,"(1, 2)",650a2466738bb786a6c7849b
24.0,24.0,6285,test,3646.9665993792228,1.0,1.0,"(1, 2)",650a2466738bb786a6c7849b
24.0,24.0,6286,test,3646.9665993792228,1.0,1.0,"(1, 2)",650a2466738bb786a6c7849b
24.0,24.0,6287,test,3646.9665993792228,1.0,1.0,"(1, 2)",650a2466738bb786a6c7849b
24.0,24.0,6288,test,3646.9665993792228,1.0,1.0,"(1, 2)",650a2466738bb786a6c7849b
24.0,24.0,6289,test,3646.9665993792228,1.0,1.0,"(1, 2)",650a2466738bb786a6c7849b
24.0,24.0,6290,test,3646.9665993792228,1.0,1.0,"(1, 2)",650a2466738bb786a6c7849b
24.0,24.0,6291,test,3646.9665993792228,1.0,1.0,"(1, 2)",650a2466738bb786a6c7849b
24.0,24.0,6292,test,3646.9665993792228,1.0,1.0,"(1, 2)",650a2466738bb786a6c7849b
24.0,24.0,6293,test,3646.9665993792228,1.0,1.0,"(1, 2)",650a2466738bb786a6c7849b
24.0,24.0,6294,test,3646.9665993792228,1.0,1.0,"(1, 2)",650a2466738bb786a6c7849b
24.0,24.0,6295,test,3646.9665993792228,1.0,1.0,"(1, 2)",650a2466738bb786a6c7849b
24.0,24.0,6296,test,3646.9665993792228,1.0,1.0,"(1, 2)",650a2466738bb786a6c7849b
24.0,24.0,6297,test,3646.9665993792228,1.0,1.0,"(1, 2)",650a2466738bb786a6c7849b
24.0,24.0,6298,test,3646.9665993792228,1.0,1.0,"(1, 2)",650a2466738bb786a6c7849b
24.0,24.0,6299,test,3646.9665993792228,1.0,1.0,"(1, 2)",650a2466738bb786a6c7849b
24.0,24.0,6300,test,3646.9665993792228,1.0,1.0,"(1, 2)",650a2466738bb786a6c7849b
24.0,24.0,6301,test,3646.9665993792228,1.0,1.0,"(1, 2)",650a2466738bb786a6c7849b
24.0,24.0,6302,test,3646.9665993792228,1.0,1.0,"(1, 2)",650a2466738bb786a6c7849b
24.0,25.24999999999993,6303,test,3648.2165993792228,1.0,1.0,"(1, 2)",650a2466738bb786a6c7849b
24.0,26.499999999999858,6304,test,3649.4665993792228,1.0,1.0,"(1, 2)",650a2466738bb786a6c7849b
24.0,27.749999999999787,6305,test,3650.7165993792228,1.0,1.0,"(1, 2)",650a2466738bb786a6c7849b
24.0,28.999999999999716,6306,test,3651.9665993792228,1.0,1.0,"(1, 2)",650a2466738bb786a6c7849b
24.0,30.249999999999645,6307,test,3653.2165993792228,1.0,1.0,"(1, 2)",650a2466738bb786a6c7849b
24.0,31.499999999999574,6308,test,3654.4665993792228,1.0,1.0,"(1, 2)",650a2466738bb786a6c7849b
24.0,32.749999999999716,6309,test,3655.7165993792228,1.0,1.0,"(1, 2)",650a2466738bb786a6c7849b
24.0,34.0,6310,test,3656.966599379223,1.0,1.0,"(1, 2)",650a2466738bb786a6c7849b
24.0,35.250000000000284,6311,test,3658.2165993792237,1.0,1.0,"(1, 2)",650a2466738bb786a6c7849b
24.0,36.50000000000057,6312,test,3659.466599379224,1.0,1.0,"(1, 2)",650a2466738bb786a6c7849b
24.0,37.75000000000085,6313,test,3660.7165993792246,1.0,1.0,"(1, 2)",650a2466738bb786a6c7849b
24.0,39.00000000000114,6314,test,3661.966599379225,1.0,1.0,"(1, 2)",650a2466738bb786a6c7849b
24.0,40.25000000000142,6315,test,3663.2165993792255,1.0,1.0,"(1, 2)",650a2466738bb786a6c7849b
24.0,41.500000000001705,6316,test,3664.466599379226,1.0,1.0,"(1, 2)",650a2466738bb786a6c7849b
24.0,42.75000000000199,6317,test,3665.7165993792264,1.0,1.0,"(1, 2)",650a2466738bb786a6c7849b
24.0,44.000000000002274,6318,test,3666.966599379227,1.0,1.0,"(1, 2)",650a2466738bb786a6c7849b
24.0,45.25000000000256,6319,test,3668.2165993792273,1.0,1.0,"(1, 2)",650a2466738bb786a6c7849b
24.0,46.50000000000284,6320,test,3669.466599379228,1.0,1.0,"(1, 2)",650a2466738bb786a6c7849b
24.0,47.750000000003126,6321,test,3670.7165993792282,1.0,1.0,"(1, 2)",650a2466738bb786a6c7849b
24.0,49.00000000000341,6322,test,3671.9665993792287,1.0,1.0,"(1, 2)",650a2466738bb786a6c7849b
24.0,50.250000000003695,6323,test,3673.216599379229,1.0,1.0,"(1, 2)",650a2466738bb786a6c7849b
24.0,51.50000000000398,6324,test,3674.4665993792296,1.0,1.0,"(1, 2)",650a2466738bb786a6c7849b
24.0,52.75000000000426,6325,test,3675.71659937923,1.0,1.0,"(1, 2)",650a2466738bb786a6c7849b
24.0,54.00000000000455,6326,test,3676.9665993792305,1.0,1.0,"(1, 2)",650a2466738bb786a6c7849b
24.0,55.25000000000483,6327,test,3678.216599379231,1.0,1.0,"(1, 2)",650a2466738bb786a6c7849b
24.0,56.0,6328,test,3678.966599379226,1.0,1.0,"(1, 2)",650a2466738bb786a6c7849b
24.0,56.0,6329,test,3678.966599379226,1.0,1.0,"(1, 2)",650a2466738bb786a6c7849b
24.0,56.0,6330,test,3678.966599379226,1.0,1.0,"(1, 2)",650a2466738bb786a6c7849b
24.0,56.0,6331,test,3678.966599379226,1.0,1.0,"(1, 2)",650a2466738bb786a6c7849b
24.0,56.0,6332,test,3678.966599379226,1.0,1.0,"(1, 2)",650a2466738bb786a6c7849b
24.0,56.0,6333,test,3678.966599379226,1.0,1.0,"(1, 2)",650a2466738bb786a6c7849b
24.0,56.0,6334,test,3678.966599379226,1.0,1.0,"(1, 2)",650a2466738bb786a6c7849b
24.0,56.0,6335,test,3678.966599379226,1.0,1.0,"(1, 2)",650a2466738bb786a6c7849b
24.0,56.0,6336,test,3678.966599379226,1.0,1.0,"(1, 2)",650a2466738bb786a6c7849b
24.0,56.0,6337,test,3678.966599379226,1.0,1.0,"(1, 2)",650a2466738bb786a6c7849b
24.0,56.0,6338,test,3678.966599379226,1.0,1.0,"(1, 2)",650a2466738bb786a6c7849b
24.0,56.0,6339,test,3678.966599379226,1.0,1.0,"(1, 2)",650a2466738bb786a6c7849b
24.0,56.0,6340,test,3678.966599379226,1.0,1.0,"(1, 2)",650a2466738bb786a6c7849b
24.0,56.0,6341,test,3678.966599379226,1.0,1.0,"(1, 2)",650a2466738bb786a6c7849b
24.0,56.0,6342,test,3678.966599379226,1.0,1.0,"(1, 2)",650a2466738bb786a6c7849b
24.0,56.0,6343,test,3678.966599379226,1.0,1.0,"(1, 2)",650a2466738bb786a6c7849b
24.0,56.0,6344,test,3678.966599379226,1.0,1.0,"(1, 2)",650a2466738bb786a6c7849b
24.0,56.0,6345,test,3678.966599379226,1.0,1.0,"(1, 2)",650a2466738bb786a6c7849b
24.0,56.0,6346,test,3678.966599379226,1.0,1.0,"(1, 2)",650a2466738bb786a6c7849b
24.0,56.0,6347,test,3678.966599379226,1.0,1.0,"(1, 2)",650a2466738bb786a6c7849b
24.0,56.0,6348,test,3678.966599379226,1.0,1.0,"(1, 2)",650a2466738bb786a6c7849b
24.0,56.0,6349,test,3678.966599379226,1.0,1.0,"(1, 2)",650a2466738bb786a6c7849b
24.0,56.0,6350,test,3678.966599379226,1.0,1.0,"(1, 2)",650a2466738bb786a6c7849b
24.0,56.0,6351,test,3678.966599379226,1.0,1.0,"(1, 2)",650a2466738bb786a6c7849b
24.0,56.0,6352,test,3678.966599379226,1.0,1.0,"(1, 2)",650a2466738bb786a6c7849b
24.0,56.0,6353,test,3678.966599379226,1.0,1.0,"(1, 2)",650a2466738bb786a6c7849b
24.0,56.0,6354,test,3678.966599379226,1.0,1.0,"(1, 2)",650a2466738bb786a6c7849b
24.0,56.0,6355,test,3678.966599379226,1.0,1.0,"(1, 2)",650a2466738bb786a6c7849b
24.0,56.0,6356,test,3678.966599379226,1.0,1.0,"(1, 2)",650a2466738bb786a6c7849b
24.0,56.0,6357,test,3678.966599379226,1.0,1.0,"(1, 2)",650a2466738bb786a6c7849b
24.0,56.0,6358,test,3678.966599379226,1.0,1.0,"(1, 2)",650a2466738bb786a6c7849b
24.0,56.0,6359,test,3678.966599379226,1.0,1.0,"(1, 2)",650a2466738bb786a6c7849b
24.0,56.0,6360,test,3678.966599379226,1.0,1.0,"(1, 2)",650a2466738bb786a6c7849b
24.0,56.0,6361,test,3678.966599379226,1.0,1.0,"(1, 2)",650a2466738bb786a6c7849b
24.0,56.0,6362,test,3678.966599379226,1.0,1.0,"(1, 2)",650a2466738bb786a6c7849b
24.0,56.0,6363,test,3678.966599379226,1.0,1.0,"(1, 2)",650a2466738bb786a6c7849b
24.0,56.0,6364,test,3678.966599379226,1.0,1.0,"(1, 2)",650a2466738bb786a6c7849b
24.0,56.0,6365,test,3678.966599379226,1.0,1.0,"(1, 2)",650a2466738bb786a6c7849b
24.0,56.0,6366,test,3678.966599379226,1.0,1.0,"(1, 2)",650a2466738bb786a6c7849b
24.0,56.0,6367,test,3678.966599379226,1.0,1.0,"(1, 2)",650a2466738bb786a6c7849b
24.0,56.0,6368,test,3678.966599379226,1.0,1.0,"(1, 2)",650a2466738bb786a6c7849b
24.0,56.0,6369,test,3678.966599379226,1.0,1.0,"(1, 2)",650a2466738bb786a6c7849b
24.0,56.0,6370,test,3678.966599379226,1.0,1.0,"(1, 2)",650a2466738bb786a6c7849b
24.0,56.0,6371,test,3678.966599379226,1.0,1.0,"(1, 2)",650a2466738bb786a6c7849b
24.0,56.0,6372,test,3678.966599379226,1.0,1.0,"(1, 2)",650a2466738bb786a6c7849b
24.0,56.0,6373,test,3678.966599379226,1.0,1.0,"(1, 2)",650a2466738bb786a6c7849b
24.0,56.0,6374,test,3678.966599379226,1.0,1.0,"(1, 2)",650a2466738bb786a6c7849b
24.0,56.0,6375,test,3678.966599379226,1.0,1.0,"(1, 2)",650a2466738bb786a6c7849b
24.0,56.0,6376,test,3678.966599379226,1.0,1.0,"(1, 2)",650a2466738bb786a6c7849b
24.0,56.0,6377,test,3678.966599379226,1.0,1.0,"(1, 2)",650a2466738bb786a6c7849b
24.0,56.0,6378,test,3678.966599379226,1.0,1.0,"(1, 2)",650a2466738bb786a6c7849b
24.0,56.0,6379,test,3678.966599379226,1.0,1.0,"(1, 2)",650a2466738bb786a6c7849b
24.0,56.0,6380,test,3678.966599379226,1.0,1.0,"(1, 2)",650a2466738bb786a6c7849b
24.0,56.0,6381,test,3678.966599379226,1.0,1.0,"(1, 2)",650a2466738bb786a6c7849b
24.0,56.0,6382,test,3678.966599379226,1.0,1.0,"(1, 2)",650a2466738bb786a6c7849b
24.0,56.0,6383,test,3678.966599379226,1.0,1.0,"(1, 2)",650a2466738bb786a6c7849b
24.0,56.0,6384,test,3678.966599379226,1.0,1.0,"(1, 2)",650a2466738bb786a6c7849b
24.0,56.0,6385,test,3678.966599379226,1.0,1.0,"(1, 2)",650a2466738bb786a6c7849b
24.0,56.0,6386,test,3678.966599379226,1.0,1.0,"(1, 2)",650a2466738bb786a6c7849b
24.0,56.0,6387,test,3678.966599379226,1.0,1.0,"(1, 2)",650a2466738bb786a6c7849b
24.0,54.749999999999716,6388,test,3680.2165993792264,1.0,1.0,"(1, 2)",650a2466738bb786a6c7849b
24.0,53.49999999999943,6389,test,3681.466599379227,1.0,1.0,"(1, 2)",650a2466738bb786a6c7849b
24.0,52.24999999999915,6390,test,3682.7165993792273,1.0,1.0,"(1, 2)",650a2466738bb786a6c7849b
24.0,50.99999999999886,6391,test,3683.966599379228,1.0,1.0,"(1, 2)",650a2466738bb786a6c7849b
24.0,49.74999999999858,6392,test,3685.2165993792282,1.0,1.0,"(1, 2)",650a2466738bb786a6c7849b
24.0,48.499999999998295,6393,test,3686.4665993792287,1.0,1.0,"(1, 2)",650a2466738bb786a6c7849b
24.0,47.24999999999801,6394,test,3687.716599379229,1.0,1.0,"(1, 2)",650a2466738bb786a6c7849b
24.0,45.999999999997726,6395,test,3688.9665993792296,1.0,1.0,"(1, 2)",650a2466738bb786a6c7849b
24.0,44.74999999999744,6396,test,3690.21659937923,1.0,1.0,"(1, 2)",650a2466738bb786a6c7849b
24.0,43.49999999999716,6397,test,3691.4665993792305,1.0,1.0,"(1, 2)",650a2466738bb786a6c7849b
24.0,42.249999999996874,6398,test,3692.716599379231,1.0,1.0,"(1, 2)",650a2466738bb786a6c7849b
24.0,40.99999999999659,6399,test,3693.9665993792314,1.0,1.0,"(1, 2)",650a2466738bb786a6c7849b
24.31621556657754,39.8798317388366,6400,test,3695.1305449182737,1.0,1.0,"(1, 2)",650a2466738bb786a6c7849b
25.19459214040404,38.990475457837135,6401,test,3696.3805449182737,1.0,1.0,"(1, 2)",650a2466738bb786a6c7849b
26.07296871423054,38.10111917683767,6402,test,3697.6305449182737,1.0,1.0,"(1, 2)",650a2466738bb786a6c7849b
26.95134528805704,37.211762895838206,6403,test,3698.8805449182737,1.0,1.0,"(1, 2)",650a2466738bb786a6c7849b
27.82972186188354,36.32240661483874,6404,test,3700.1305449182737,1.0,1.0,"(1, 2)",650a2466738bb786a6c7849b
28.708098435710042,35.433050333839276,6405,test,3701.3805449182737,1.0,1.0,"(1, 2)",650a2466738bb786a6c7849b
29.586475009536542,34.543694052839896,6406,test,3702.6305449182737,1.0,1.0,"(1, 2)",650a2466738bb786a6c7849b
30.464851583363043,33.654337771840936,6407,test,3703.8805449182737,1.0,1.0,"(1, 2)",650a2466738bb786a6c7849b
31.343228157189543,32.76498149084197,6408,test,3705.1305449182737,1.0,1.0,"(1, 2)",650a2466738bb786a6c7849b
32.22160473101604,31.875625209842987,6409,test,3706.3805449182737,1.0,1.0,"(1, 2)",650a2466738bb786a6c7849b
33.099981304842544,30.986268928843877,6410,test,3707.6305449182737,1.0,1.0,"(1, 2)",650a2466738bb786a6c7849b
33.978357878669044,30.096912647844768,6411,test,3708.8805449182737,1.0,1.0,"(1, 2)",650a2466738bb786a6c7849b
34.856734452495544,29.207556366845658,6412,test,3710.1305449182737,1.0,1.0,"(1, 2)",650a2466738bb786a6c7849b
35.735111026322045,28.31820008584655,6413,test,3711.3805449182737,1.0,1.0,"(1, 2)",650a2466738bb786a6c7849b
36.613487600148545,27.42884380484744,6414,test,3712.6305449182737,1.0,1.0,"(1, 2)",650a2466738bb786a6c7849b
37.491864173975046,26.53948752384833,6415,test,3713.8805449182737,1.0,1.0,"(1, 2)",650a2466738bb786a6c7849b
38.370240747801546,25.650131242849476,6416,test,3715.1305449182732,1.0,1.0,"(1, 2)",650a2466738bb786a6c7849b
39.24861732162825,24.76077496185072,6417,test,3716.3805449182732,1.0,1.0,"(1, 2)",650a2466738bb786a6c7849b
40.26074682117195,24.186261912236056,6418,test,3717.544362501928,1.0,1.0,"(1, 2)",650a2466738bb786a6c7849b
41.510659299768065,24.17147016285977,6419,test,3718.794362501928,1.0,1.0,"(1, 2)",650a2466738bb786a6c7849b
42.76057177836418,24.156678413483483,6420,test,3720.044362501928,1.0,1.0,"(1, 2)",650a2466738bb786a6c7849b
44.0104842569603,24.141886664107197,6421,test,3721.294362501928,1.0,1.0,"(1, 2)",650a2466738bb786a6c7849b
45.26039673555641,24.12709491473091,6422,test,3722.544362501928,1.0,1.0,"(1, 2)",650a2466738bb786a6c7849b
46.51030921415253,24.112303165354625,6423,test,3723.794362501928,1.0,1.0,"(1, 2)",650a2466738bb786a6c7849b
47.760221692748644,24.09751141597834,6424,test,3725.044362501928,1.0,1.0,"(1, 2)",650a2466738bb786a6c7849b
49.01013417134476,24.082719666602053,6425,test,3726.294362501928,1.0,1.0,"(1, 2)",650a2466738bb786a6c7849b
50.260046649940875,24.067927917225767,6426,test,3727.544362501928,1.0,1.0,"(1, 2)",650a2466738bb786a6c7849b
51.50995912853699,24.05313616784948,6427,test,3728.794362501928,1.0,1.0,"(1, 2)",650a2466738bb786a6c7849b
52.75987160713311,24.038344418473194,6428,test,3730.044362501928,1.0,1.0,"(1, 2)",650a2466738bb786a6c7849b
54.00978408572922,24.023552669096908,6429,test,3731.294362501928,1.0,1.0,"(1, 2)",650a2466738bb786a6c7849b
55.25969656432534,24.008760919720622,6430,test,3732.544362501928,1.0,1.0,"(1, 2)",650a2466738bb786a6c7849b
56.50965804813268,24.002155159526897,6431,test,3733.794341440578,1.0,1.0,"(1, 2)",650a2466738bb786a6c7849b
57.75965803603455,24.001981247976556,6432,test,3735.044341440578,1.0,1.0,"(1, 2)",650a2466738bb786a6c7849b
59.009658023936424,24.001807336426328,6433,test,3736.294341440578,1.0,1.0,"(1, 2)",650a2466738bb786a6c7849b
60.2596580118383,24.0016334248761,6434,test,3737.544341440578,1.0,1.0,"(1, 2)",650a2466738bb786a6c7849b
61.50965799974017,24.001459513325873,6435,test,3738.794341440578,1.0,1.0,"(1, 2)",650a2466738bb786a6c7849b
62.75965798764204,24.001285601775646,6436,test,3740.044341440578,1.0,1.0,"(1, 2)",650a2466738bb786a6c7849b
64.00965797554392,24.001111690225418,6437,test,3741.294341440578,1.0,1.0,"(1, 2)",650a2466738bb786a6c7849b
65.2596579634465,24.00093777867519,6438,test,3742.5443414405786,1.0,1.0,"(1, 2)",650a2466738bb786a6c7849b
66.50965795134908,24.00076386712496,6439,test,3743.794341440579,1.0,1.0,"(1, 2)",650a2466738bb786a6c7849b
67.75965793925167,24.000589955574732,6440,test,3745.0443414405795,1.0,1.0,"(1, 2)",650a2466738bb786a6c7849b
69.00965792715425,24.000416044024504,6441,test,3746.29434144058,1.0,1.0,"(1, 2)",650a2466738bb786a6c7849b
70.25965791505683,24.000242132474277,6442,test,3747.5443414405804,1.0,1.0,"(1, 2)",650a2466738bb786a6c7849b
71.50965790295942,24.00006822092405,6443,test,3748.794341440581,1.0,1.0,"(1, 2)",650a2466738bb786a6c7849b
72.48537016109537,24.667793612430984,6444,test,3749.976657645807,1.0,1.0,"(1, 2)",650a2466738bb786a6c7849b
73.37446524141029,25.54643457332439,6445,test,3751.226657645807,1.0,1.0,"(1, 2)",650a2466738bb786a6c7849b
74.26356032172521,26.425075534217797,6446,test,3752.476657645807,1.0,1.0,"(1, 2)",650a2466738bb786a6c7849b
75.15265540204012,27.303716495111203,6447,test,3753.726657645807,1.0,1.0,"(1, 2)",650a2466738bb786a6c7849b
76.04175048235504,28.18235745600461,6448,test,3754.976657645807,1.0,1.0,"(1, 2)",650a2466738bb786a6c7849b
76.93084556266996,29.060998416898016,6449,test,3756.226657645807,1.0,1.0,"(1, 2)",650a2466738bb786a6c7849b
77.81994064298488,29.939639377791423,6450,test,3757.476657645807,1.0,1.0,"(1, 2)",650a2466738bb786a6c7849b
78.70903572329979,30.81828033868483,6451,test,3758.726657645807,1.0,1.0,"(1, 2)",650a2466738bb786a6c7849b
79.59813080361471,31.696921299578236,6452,test,3759.976657645807,1.0,1.0,"(1, 2)",650a2466738bb786a6c7849b
80.48722588392963,32.57556226047188,6453,test,3761.226657645807,1.0,1.0,"(1, 2)",650a2466738bb786a6c7849b
81.37632096424454,33.45420322136542,6454,test,3762.476657645807,1.0,1.0,"(1, 2)",650a2466738bb786a6c7849b
82.26541604455946,34.33284418225876,6455,test,3763.726657645807,1.0,1.0,"(1, 2)",650a2466738bb786a6c7849b
83.15451112487438,35.211485143152096,6456,test,3764.976657645807,1.0,1.0,"(1, 2)",650a2466738bb786a6c7849b
84.04360620518929,36.09012610404544,6457,test,3766.226657645807,1.0,1.0,"(1, 2)",650a2466738bb786a6c7849b
84.93270128550421,36.968767064938774,6458,test,3767.476657645807,1.0,1.0,"(1, 2)",650a2466738bb786a6c7849b
85.82179636581913,37.84740802583211,6459,test,3768.726657645807,1.0,1.0,"(1, 2)",650a2466738bb786a6c7849b
86.71089144613404,38.72604898672545,6460,test,3769.976657645807,1.0,1.0,"(1, 2)",650a2466738bb786a6c7849b
87.59998652644896,39.60468994761879,6461,test,3771.226657645807,1.0,1.0,"(1, 2)",650a2466738bb786a6c7849b
88.0,40.0,6462,test,3771.789046138342,1.0,1.0,"(1, 2)",650a2466738bb786a6c7849b
88.0,40.0,6463,test,3771.789046138342,1.0,1.0,"(1, 2)",650a2466738bb786a6c7849b
88.0,40.0,6464,test,3771.789046138342,1.0,1.0,"(1, 2)",650a2466738bb786a6c7849b
88.0,40.0,6465,test,3771.789046138342,1.0,1.0,"(1, 2)",650a2466738bb786a6c7849b
88.0,40.0,6466,test,3771.789046138342,1.0,1.0,"(1, 2)",650a2466738bb786a6c7849b
88.0,40.0,6467,test,3771.789046138342,1.0,1.0,"(1, 2)",650a2466738bb786a6c7849b
88.0,40.0,6468,test,3771.789046138342,1.0,1.0,"(1, 2)",650a2466738bb786a6c7849b
88.0,40.0,6469,test,3771.789046138342,1.0,1.0,"(1, 2)",650a2466738bb786a6c7849b
88.0,40.0,6470,test,3771.789046138342,1.0,1.0,"(1, 2)",650a2466738bb786a6c7849b
88.0,40.0,6471,test,3771.789046138342,1.0,1.0,"(1, 2)",650a2466738bb786a6c7849b
88.0,40.0,6472,test,3771.789046138342,1.0,1.0,"(1, 2)",650a2466738bb786a6c7849b
88.0,40.0,6473,test,3771.789046138342,1.0,1.0,"(1, 2)",650a2466738bb786a6c7849b
88.0,40.0,6474,test,3771.789046138342,1.0,1.0,"(1, 2)",650a2466738bb786a6c7849b
88.0,40.0,6475,test,3771.789046138342,1.0,1.0,"(1, 2)",650a2466738bb786a6c7849b
88.0,40.0,6476,test,3771.789046138342,1.0,1.0,"(1, 2)",650a2466738bb786a6c7849b
88.0,40.0,6477,test,3771.789046138342,1.0,1.0,"(1, 2)",650a2466738bb786a6c7849b
88.0,40.0,6478,test,3771.789046138342,1.0,1.0,"(1, 2)",650a2466738bb786a6c7849b
88.0,40.0,6479,test,3771.789046138342,1.0,1.0,"(1, 2)",650a2466738bb786a6c7849b
88.0,40.0,6480,test,3771.789046138342,1.0,1.0,"(1, 2)",650a2466738bb786a6c7849b
88.0,40.0,6481,test,3771.789046138342,1.0,1.0,"(1, 2)",650a2466738bb786a6c7849b
88.0,38.749999999999716,6482,test,3773.0390461383427,1.0,1.0,"(1, 2)",650a2466738bb786a6c7849b
88.0,37.49999999999943,6483,test,3774.289046138343,1.0,1.0,"(1, 2)",650a2466738bb786a6c7849b
88.0,36.24999999999915,6484,test,3775.5390461383436,1.0,1.0,"(1, 2)",650a2466738bb786a6c7849b
88.0,34.99999999999886,6485,test,3776.789046138344,1.0,1.0,"(1, 2)",650a2466738bb786a6c7849b
88.0,33.74999999999858,6486,test,3778.0390461383445,1.0,1.0,"(1, 2)",650a2466738bb786a6c7849b
88.0,32.499999999998295,6487,test,3779.289046138345,1.0,1.0,"(1, 2)",650a2466738bb786a6c7849b
88.0,31.249999999998227,6488,test,3780.539046138345,1.0,1.0,"(1, 2)",650a2466738bb786a6c7849b
88.0,29.9999999999983,6489,test,3781.789046138345,1.0,1.0,"(1, 2)",650a2466738bb786a6c7849b
88.0,28.74999999999837,6490,test,3783.039046138345,1.0,1.0,"(1, 2)",650a2466738bb786a6c7849b
88.0,27.49999999999844,6491,test,3784.289046138345,1.0,1.0,"(1, 2)",650a2466738bb786a6c7849b
88.0,26.24999999999851,6492,test,3785.539046138345,1.0,1.0,"(1, 2)",650a2466738bb786a6c7849b
88.0,24.999999999998582,6493,test,3786.789046138345,1.0,1.0,"(1, 2)",650a2466738bb786a6c7849b
88.0,24.0,6494,test,3787.7890461383436,1.0,1.0,"(1, 2)",650a2466738bb786a6c7849b
88.0,24.0,6495,test,3787.7890461383436,1.0,1.0,"(1, 2)",650a2466738bb786a6c7849b
88.0,24.0,6496,test,3787.7890461383436,1.0,1.0,"(1, 2)",650a2466738bb786a6c7849b
88.0,24.0,6497,test,3787.7890461383436,1.0,1.0,"(1, 2)",650a2466738bb786a6c7849b
88.0,24.0,6498,test,3787.7890461383436,1.0,1.0,"(1, 2)",650a2466738bb786a6c7849b
88.0,24.0,6499,test,3787.7890461383436,1.0,1.0,"(1, 2)",650a2466738bb786a6c7849b
88.0,24.0,6500,test,3787.7890461383436,1.0,1.0,"(1, 2)",650a2466738bb786a6c7849b
88.0,24.0,6501,test,3787.7890461383436,1.0,1.0,"(1, 2)",650a2466738bb786a6c7849b
88.0,24.0,6502,test,3787.7890461383436,1.0,1.0,"(1, 2)",650a2466738bb786a6c7849b
88.0,24.0,6503,test,3787.7890461383436,1.0,1.0,"(1, 2)",650a2466738bb786a6c7849b
88.0,24.0,6504,test,3787.7890461383436,1.0,1.0,"(1, 2)",650a2466738bb786a6c7849b
88.0,24.0,6505,test,3787.7890461383436,1.0,1.0,"(1, 2)",650a2466738bb786a6c7849b
88.0,24.0,6506,test,3787.7890461383436,1.0,1.0,"(1, 2)",650a2466738bb786a6c7849b
88.0,24.0,6507,test,3787.7890461383436,1.0,1.0,"(1, 2)",650a2466738bb786a6c7849b
88.0,24.0,6508,test,3787.7890461383436,1.0,1.0,"(1, 2)",650a2466738bb786a6c7849b
88.0,24.0,6509,test,3787.7890461383436,1.0,1.0,"(1, 2)",650a2466738bb786a6c7849b
88.0,24.0,6510,test,3787.7890461383436,1.0,1.0,"(1, 2)",650a2466738bb786a6c7849b
88.0,24.0,6511,test,3787.7890461383436,1.0,1.0,"(1, 2)",650a2466738bb786a6c7849b
88.0,24.0,6512,test,3787.7890461383436,1.0,1.0,"(1, 2)",650a2466738bb786a6c7849b
88.0,24.0,6513,test,3787.7890461383436,1.0,1.0,"(1, 2)",650a2466738bb786a6c7849b
86.74999999999972,24.0,6514,test,3789.039046138344,1.0,1.0,"(1, 2)",650a2466738bb786a6c7849b
85.49999999999943,24.0,6515,test,3790.2890461383445,1.0,1.0,"(1, 2)",650a2466738bb786a6c7849b
84.24999999999915,24.0,6516,test,3791.539046138345,1.0,1.0,"(1, 2)",650a2466738bb786a6c7849b
82.99999999999886,24.0,6517,test,3792.7890461383454,1.0,1.0,"(1, 2)",650a2466738bb786a6c7849b
81.74999999999858,24.0,6518,test,3794.039046138346,1.0,1.0,"(1, 2)",650a2466738bb786a6c7849b
80.4999999999983,24.0,6519,test,3795.2890461383463,1.0,1.0,"(1, 2)",650a2466738bb786a6c7849b
79.24999999999801,24.0,6520,test,3796.5390461383467,1.0,1.0,"(1, 2)",650a2466738bb786a6c7849b
77.99999999999773,24.0,6521,test,3797.789046138347,1.0,1.0,"(1, 2)",650a2466738bb786a6c7849b
76.74999999999744,24.0,6522,test,3799.0390461383477,1.0,1.0,"(1, 2)",650a2466738bb786a6c7849b
75.49999999999716,24.0,6523,test,3800.289046138348,1.0,1.0,"(1, 2)",650a2466738bb786a6c7849b
74.24999999999687,24.0,6524,test,3801.5390461383486,1.0,1.0,"(1, 2)",650a2466738bb786a6c7849b
72.99999999999659,24.0,6525,test,3802.789046138349,1.0,1.0,"(1, 2)",650a2466738bb786a6c7849b
71.7499999999963,24.0,6526,test,3804.0390461383495,1.0,1.0,"(1, 2)",650a2466738bb786a6c7849b
70.49999999999602,24.0,6527,test,3805.28904613835,1.0,1.0,"(1, 2)",650a2466738bb786a6c7849b
69.24999999999574,24.0,6528,test,3806.5390461383504,1.0,1.0,"(1, 2)",650a2466738bb786a6c7849b
67.99999999999545,24.0,6529,test,3807.789046138351,1.0,1.0,"(1, 2)",650a2466738bb786a6c7849b
66.74999999999517,24.0,6530,test,3809.0390461383513,1.0,1.0,"(1, 2)",650a2466738bb786a6c7849b
65.49999999999488,24.0,6531,test,3810.2890461383518,1.0,1.0,"(1, 2)",650a2466738bb786a6c7849b
64.2499999999946,24.0,6532,test,3811.539046138352,1.0,1.0,"(1, 2)",650a2466738bb786a6c7849b
62.999999999994316,24.0,6533,test,3812.7890461383527,1.0,1.0,"(1, 2)",650a2466738bb786a6c7849b
61.74999999999403,24.0,6534,test,3814.039046138353,1.0,1.0,"(1, 2)",650a2466738bb786a6c7849b
60.49999999999375,24.0,6535,test,3815.2890461383536,1.0,1.0,"(1, 2)",650a2466738bb786a6c7849b
59.24999999999346,24.0,6536,test,3816.539046138354,1.0,1.0,"(1, 2)",650a2466738bb786a6c7849b
57.99999999999318,24.0,6537,test,3817.7890461383545,1.0,1.0,"(1, 2)",650a2466738bb786a6c7849b
56.749999999992895,24.0,6538,test,3819.039046138355,1.0,1.0,"(1, 2)",650a2466738bb786a6c7849b
55.49999999999261,24.0,6539,test,3820.2890461383554,1.0,1.0,"(1, 2)",650a2466738bb786a6c7849b
54.249999999992326,24.0,6540,test,3821.539046138356,1.0,1.0,"(1, 2)",650a2466738bb786a6c7849b
52.99999999999204,24.0,6541,test,3822.7890461383563,1.0,1.0,"(1, 2)",650a2466738bb786a6c7849b
51.74999999999176,24.0,6542,test,3824.0390461383568,1.0,1.0,"(1, 2)",650a2466738bb786a6c7849b
50.49999999999147,24.0,6543,test,3825.289046138357,1.0,1.0,"(1, 2)",650a2466738bb786a6c7849b
49.24999999999119,24.0,6544,test,3826.5390461383577,1.0,1.0,"(1, 2)",650a2466738bb786a6c7849b
47.999999999990905,24.0,6545,test,3827.789046138358,1.0,1.0,"(1, 2)",650a2466738bb786a6c7849b
46.74999999999062,24.0,6546,test,3829.0390461383586,1.0,1.0,"(1, 2)",650a2466738bb786a6c7849b
45.49999999999034,24.0,6547,test,3830.289046138359,1.0,1.0,"(1, 2)",650a2466738bb786a6c7849b
44.24999999999005,24.0,6548,test,3831.5390461383595,1.0,1.0,"(1, 2)",650a2466738bb786a6c7849b
42.99999999998977,24.0,6549,test,3832.78904613836,1.0,1.0,"(1, 2)",650a2466738bb786a6c7849b
41.749999999989484,24.0,6550,test,3834.0390461383604,1.0,1.0,"(1, 2)",650a2466738bb786a6c7849b
40.4999999999892,24.0,6551,test,3835.289046138361,1.0,1.0,"(1, 2)",650a2466738bb786a6c7849b
39.249999999988916,24.0,6552,test,3836.5390461383613,1.0,1.0,"(1, 2)",650a2466738bb786a6c7849b
37.99999999998863,24.0,6553,test,3837.7890461383618,1.0,1.0,"(1, 2)",650a2466738bb786a6c7849b
36.74999999998835,24.0,6554,test,3839.039046138362,1.0,1.0,"(1, 2)",650a2466738bb786a6c7849b
35.49999999998806,24.0,6555,test,3840.2890461383627,1.0,1.0,"(1, 2)",650a2466738bb786a6c7849b
34.24999999998778,24.0,6556,test,3841.539046138363,1.0,1.0,"(1, 2)",650a2466738bb786a6c7849b
32.999999999987494,24.0,6557,test,3842.7890461383636,1.0,1.0,"(1, 2)",650a2466738bb786a6c7849b
31.749999999987285,24.0,6558,test,3844.0390461383636,1.0,1.0,"(1, 2)",650a2466738bb786a6c7849b
30.499999999987356,24.0,6559,test,3845.2890461383636,1.0,1.0,"(1, 2)",650a2466738bb786a6c7849b
29.249999999987427,24.0,6560,test,3846.5390461383636,1.0,1.0,"(1, 2)",650a2466738bb786a6c7849b
27.999999999987498,24.0,6561,test,3847.7890461383636,1.0,1.0,"(1, 2)",650a2466738bb786a6c7849b
26.74999999998757,24.0,6562,test,3849.0390461383636,1.0,1.0,"(1, 2)",650a2466738bb786a6c7849b
25.49999999998764,24.0,6563,test,3850.2890461383636,1.0,1.0,"(1, 2)",650a2466738bb786a6c7849b
24.24999999998771,24.0,6564,test,3851.5390461383636,1.0,1.0,"(1, 2)",650a2466738bb786a6c7849b
24.0,24.0,6565,test,3851.7890461383513,1.0,1.0,"(1, 2)",650a2466738bb786a6c7849b
24.0,24.0,6566,test,3851.7890461383513,1.0,1.0,"(1, 2)",650a2466738bb786a6c7849b
24.0,24.0,6567,test,3851.7890461383513,1.0,1.0,"(1, 2)",650a2466738bb786a6c7849b
24.0,24.0,6568,test,3851.7890461383513,1.0,1.0,"(1, 2)",650a2466738bb786a6c7849b
24.0,24.0,6569,test,3851.7890461383513,1.0,1.0,"(1, 2)",650a2466738bb786a6c7849b
24.0,24.0,6570,test,3851.7890461383513,1.0,1.0,"(1, 2)",650a2466738bb786a6c7849b
24.0,24.0,6571,test,3851.7890461383513,1.0,1.0,"(1, 2)",650a2466738bb786a6c7849b
24.0,24.0,6572,test,3851.7890461383513,1.0,1.0,"(1, 2)",650a2466738bb786a6c7849b
24.0,24.0,6573,test,3851.7890461383513,1.0,1.0,"(1, 2)",650a2466738bb786a6c7849b
24.0,24.0,6574,test,3851.7890461383513,1.0,1.0,"(1, 2)",650a2466738bb786a6c7849b
24.0,24.0,6575,test,3851.7890461383513,1.0,1.0,"(1, 2)",650a2466738bb786a6c7849b
24.0,24.0,6576,test,3851.7890461383513,1.0,1.0,"(1, 2)",650a2466738bb786a6c7849b
24.0,24.0,6577,test,3851.7890461383513,1.0,1.0,"(1, 2)",650a2466738bb786a6c7849b
24.0,24.0,6578,test,3851.7890461383513,1.0,1.0,"(1, 2)",650a2466738bb786a6c7849b
24.0,24.0,6579,test,3851.7890461383513,1.0,1.0,"(1, 2)",650a2466738bb786a6c7849b
24.0,24.0,6580,test,3851.7890461383513,1.0,1.0,"(1, 2)",650a2466738bb786a6c7849b
24.0,24.0,6581,test,3851.7890461383513,1.0,1.0,"(1, 2)",650a2466738bb786a6c7849b
24.0,24.0,6582,test,3851.7890461383513,1.0,1.0,"(1, 2)",650a2466738bb786a6c7849b
24.0,24.0,6583,test,3851.7890461383513,1.0,1.0,"(1, 2)",650a2466738bb786a6c7849b
24.0,24.0,6584,test,3851.7890461383513,1.0,1.0,"(1, 2)",650a2466738bb786a6c7849b
24.0,24.0,6585,test,3851.7890461383513,1.0,1.0,"(1, 2)",650a2466738bb786a6c7849b
24.0,24.0,6586,test,3851.7890461383513,1.0,1.0,"(1, 2)",650a2466738bb786a6c7849b
24.0,24.0,6587,test,3851.7890461383513,1.0,1.0,"(1, 2)",650a2466738bb786a6c7849b
24.0,24.0,6588,test,3851.7890461383513,1.0,1.0,"(1, 2)",650a2466738bb786a6c7849b
24.0,24.0,6589,test,3851.7890461383513,1.0,1.0,"(1, 2)",650a2466738bb786a6c7849b
24.0,24.0,6590,test,3851.7890461383513,1.0,1.0,"(1, 2)",650a2466738bb786a6c7849b
24.0,24.0,6591,test,3851.7890461383513,1.0,1.0,"(1, 2)",650a2466738bb786a6c7849b
24.0,24.0,6592,test,3851.7890461383513,1.0,1.0,"(1, 2)",650a2466738bb786a6c7849b
24.0,24.0,6593,test,3851.7890461383513,1.0,1.0,"(1, 2)",650a2466738bb786a6c7849b
24.0,24.0,6594,test,3851.7890461383513,1.0,1.0,"(1, 2)",650a2466738bb786a6c7849b
24.0,24.0,6595,test,3851.7890461383513,1.0,1.0,"(1, 2)",650a2466738bb786a6c7849b
24.0,24.0,6596,test,3851.7890461383513,1.0,1.0,"(1, 2)",650a2466738bb786a6c7849b
24.0,24.0,6597,test,3851.7890461383513,1.0,1.0,"(1, 2)",650a2466738bb786a6c7849b
24.0,24.0,6598,test,3851.7890461383513,1.0,1.0,"(1, 2)",650a2466738bb786a6c7849b
24.0,24.0,6599,test,3851.7890461383513,1.0,1.0,"(1, 2)",650a2466738bb786a6c7849b
24.0,24.0,6600,test,3851.7890461383513,1.0,1.0,"(1, 2)",650a2466738bb786a6c7849b
24.0,24.0,6601,test,3851.7890461383513,1.0,1.0,"(1, 2)",650a2466738bb786a6c7849b
24.0,24.0,6602,test,3851.7890461383513,1.0,1.0,"(1, 2)",650a2466738bb786a6c7849b
24.0,24.0,6603,test,3851.7890461383513,1.0,1.0,"(1, 2)",650a2466738bb786a6c7849b
24.0,24.0,6604,test,3851.7890461383513,1.0,1.0,"(1, 2)",650a2466738bb786a6c7849b
24.0,24.0,6605,test,3851.7890461383513,1.0,1.0,"(1, 2)",650a2466738bb786a6c7849b
24.0,24.0,6606,test,3851.7890461383513,1.0,1.0,"(1, 2)",650a2466738bb786a6c7849b
24.0,24.0,6607,test,3851.7890461383513,1.0,1.0,"(1, 2)",650a2466738bb786a6c7849b
24.0,24.0,6608,test,3851.7890461383513,1.0,1.0,"(1, 2)",650a2466738bb786a6c7849b
24.0,24.0,6609,test,3851.7890461383513,1.0,1.0,"(1, 2)",650a2466738bb786a6c7849b
24.0,24.0,6610,test,3851.7890461383513,1.0,1.0,"(1, 2)",650a2466738bb786a6c7849b
24.0,24.0,6611,test,3851.7890461383513,1.0,1.0,"(1, 2)",650a2466738bb786a6c7849b
24.0,24.0,6612,test,3851.7890461383513,1.0,1.0,"(1, 2)",650a2466738bb786a6c7849b
24.0,24.0,6613,test,3851.7890461383513,1.0,1.0,"(1, 2)",650a2466738bb786a6c7849b
24.0,24.0,6614,test,3851.7890461383513,1.0,1.0,"(1, 2)",650a2466738bb786a6c7849b
24.0,24.0,6615,test,3851.7890461383513,1.0,1.0,"(1, 2)",650a2466738bb786a6c7849b
24.0,24.0,6616,test,3851.7890461383513,1.0,1.0,"(1, 2)",650a2466738bb786a6c7849b
24.0,24.0,6617,test,3851.7890461383513,1.0,1.0,"(1, 2)",650a2466738bb786a6c7849b
24.0,24.0,6618,test,3851.7890461383513,1.0,1.0,"(1, 2)",650a2466738bb786a6c7849b
24.0,24.0,6619,test,3851.7890461383513,1.0,1.0,"(1, 2)",650a2466738bb786a6c7849b
24.0,24.0,6620,test,3851.7890461383513,1.0,1.0,"(1, 2)",650a2466738bb786a6c7849b
24.0,24.0,6621,test,3851.7890461383513,1.0,1.0,"(1, 2)",650a2466738bb786a6c7849b
24.0,24.0,6622,test,3851.7890461383513,1.0,1.0,"(1, 2)",650a2466738bb786a6c7849b
24.0,24.0,6623,test,3851.7890461383513,1.0,1.0,"(1, 2)",650a2466738bb786a6c7849b
24.0,24.0,6624,test,3851.7890461383513,1.0,1.0,"(1, 2)",650a2466738bb786a6c7849b
24.0,24.0,6625,test,3851.7890461383513,1.0,1.0,"(1, 2)",650a2466738bb786a6c7849b
24.0,24.0,6626,test,3851.7890461383513,1.0,1.0,"(1, 2)",650a2466738bb786a6c7849b
24.0,24.0,6627,test,3851.7890461383513,1.0,1.0,"(1, 2)",650a2466738bb786a6c7849b
24.0,24.0,6628,test,3851.7890461383513,1.0,1.0,"(1, 2)",650a2466738bb786a6c7849b
24.0,24.0,6629,test,3851.7890461383513,1.0,1.0,"(1, 2)",650a2466738bb786a6c7849b
24.0,24.0,6630,test,3851.7890461383513,1.0,1.0,"(1, 2)",650a2466738bb786a6c7849b
24.0,24.0,6631,test,3851.7890461383513,1.0,1.0,"(1, 2)",650a2466738bb786a6c7849b
24.0,24.0,6632,test,3851.7890461383513,1.0,1.0,"(1, 2)",650a2466738bb786a6c7849b
24.0,24.0,6633,test,3851.7890461383513,1.0,1.0,"(1, 2)",650a2466738bb786a6c7849b
24.0,24.0,6634,test,3851.7890461383513,1.0,1.0,"(1, 2)",650a2466738bb786a6c7849b
24.0,24.0,6635,test,3851.7890461383513,1.0,1.0,"(1, 2)",650a2466738bb786a6c7849b
24.0,24.0,6636,test,3851.7890461383513,1.0,1.0,"(1, 2)",650a2466738bb786a6c7849b
24.0,24.0,6637,test,3851.7890461383513,1.0,1.0,"(1, 2)",650a2466738bb786a6c7849b
24.0,24.0,6638,test,3851.7890461383513,1.0,1.0,"(1, 2)",650a2466738bb786a6c7849b
24.0,24.0,6639,test,3851.7890461383513,1.0,1.0,"(1, 2)",650a2466738bb786a6c7849b
24.0,24.0,6640,test,3851.7890461383513,1.0,1.0,"(1, 2)",650a2466738bb786a6c7849b
24.0,24.0,6641,test,3851.7890461383513,1.0,1.0,"(1, 2)",650a2466738bb786a6c7849b
24.0,24.0,6642,test,3851.7890461383513,1.0,1.0,"(1, 2)",650a2466738bb786a6c7849b
24.0,24.0,6643,test,3851.7890461383513,1.0,1.0,"(1, 2)",650a2466738bb786a6c7849b
24.0,24.0,6644,test,3851.7890461383513,1.0,1.0,"(1, 2)",650a2466738bb786a6c7849b
24.0,24.0,6645,test,3851.7890461383513,1.0,1.0,"(1, 2)",650a2466738bb786a6c7849b
24.0,24.0,6646,test,3851.7890461383513,1.0,1.0,"(1, 2)",650a2466738bb786a6c7849b
24.0,24.0,6647,test,3851.7890461383513,1.0,1.0,"(1, 2)",650a2466738bb786a6c7849b
24.0,24.0,6648,test,3851.7890461383513,1.0,1.0,"(1, 2)",650a2466738bb786a6c7849b
24.0,24.0,6649,test,3851.7890461383513,1.0,1.0,"(1, 2)",650a2466738bb786a6c7849b
24.0,24.0,6650,test,3851.7890461383513,1.0,1.0,"(1, 2)",650a2466738bb786a6c7849b
24.0,24.0,6651,test,3851.7890461383513,1.0,1.0,"(1, 2)",650a2466738bb786a6c7849b
24.0,24.0,6652,test,3851.7890461383513,1.0,1.0,"(1, 2)",650a2466738bb786a6c7849b
24.0,24.0,6653,test,3851.7890461383513,1.0,1.0,"(1, 2)",650a2466738bb786a6c7849b
24.0,24.0,6654,test,3851.7890461383513,1.0,1.0,"(1, 2)",650a2466738bb786a6c7849b
24.0,24.0,6655,test,3851.7890461383513,1.0,1.0,"(1, 2)",650a2466738bb786a6c7849b
24.0,24.0,6656,test,3851.7890461383513,1.0,1.0,"(1, 2)",650a2466738bb786a6c7849b
24.0,24.0,6657,test,3851.7890461383513,1.0,1.0,"(1, 2)",650a2466738bb786a6c7849b
24.0,24.0,6658,test,3851.7890461383513,1.0,1.0,"(1, 2)",650a2466738bb786a6c7849b
24.0,24.0,6659,test,3851.7890461383513,1.0,1.0,"(1, 2)",650a2466738bb786a6c7849b
24.0,24.0,6660,test,3851.7890461383513,1.0,1.0,"(1, 2)",650a2466738bb786a6c7849b
24.0,24.0,6661,test,3851.7890461383513,1.0,1.0,"(1, 2)",650a2466738bb786a6c7849b
24.0,24.0,6662,test,3851.7890461383513,1.0,1.0,"(1, 2)",650a2466738bb786a6c7849b
24.0,24.0,6663,test,3851.7890461383513,1.0,1.0,"(1, 2)",650a2466738bb786a6c7849b
24.0,24.0,6664,test,3851.7890461383513,1.0,1.0,"(1, 2)",650a2466738bb786a6c7849b
24.0,24.0,6665,test,3851.7890461383513,1.0,1.0,"(1, 2)",650a2466738bb786a6c7849b
24.0,24.0,6666,test,3851.7890461383513,1.0,1.0,"(1, 2)",650a2466738bb786a6c7849b
24.0,24.0,6667,test,3851.7890461383513,1.0,1.0,"(1, 2)",650a2466738bb786a6c7849b
24.0,24.0,6668,test,3851.7890461383513,1.0,1.0,"(1, 2)",650a2466738bb786a6c7849b
24.0,24.0,6669,test,3851.7890461383513,1.0,1.0,"(1, 2)",650a2466738bb786a6c7849b
24.0,24.0,6670,test,3851.7890461383513,1.0,1.0,"(1, 2)",650a2466738bb786a6c7849b
24.0,24.0,6671,test,3851.7890461383513,1.0,1.0,"(1, 2)",650a2466738bb786a6c7849b
24.0,24.0,6672,test,3851.7890461383513,1.0,1.0,"(1, 2)",650a2466738bb786a6c7849b
24.0,24.0,6673,test,3851.7890461383513,1.0,1.0,"(1, 2)",650a2466738bb786a6c7849b
24.0,24.0,6674,test,3851.7890461383513,1.0,1.0,"(1, 2)",650a2466738bb786a6c7849b
24.0,24.0,6675,test,3851.7890461383513,1.0,1.0,"(1, 2)",650a2466738bb786a6c7849b
24.0,24.0,6676,test,3851.7890461383513,1.0,1.0,"(1, 2)",650a2466738bb786a6c7849b
24.0,24.0,6677,test,3851.7890461383513,1.0,1.0,"(1, 2)",650a2466738bb786a6c7849b
24.0,24.0,6678,test,3851.7890461383513,1.0,1.0,"(1, 2)",650a2466738bb786a6c7849b
24.0,24.0,6679,test,3851.7890461383513,1.0,1.0,"(1, 2)",650a2466738bb786a6c7849b
24.0,24.0,6680,test,3851.7890461383513,1.0,1.0,"(1, 2)",650a2466738bb786a6c7849b
24.0,24.0,6681,test,3851.7890461383513,1.0,1.0,"(1, 2)",650a2466738bb786a6c7849b
24.0,24.0,6682,test,3851.7890461383513,1.0,1.0,"(1, 2)",650a2466738bb786a6c7849b
24.0,24.0,6683,test,3851.7890461383513,1.0,1.0,"(1, 2)",650a2466738bb786a6c7849b
24.0,25.24999999999993,6684,test,3853.0390461383513,1.0,1.0,"(1, 2)",650a2466738bb786a6c7849b
24.0,26.499999999999858,6685,test,3854.2890461383513,1.0,1.0,"(1, 2)",650a2466738bb786a6c7849b
24.0,27.749999999999787,6686,test,3855.5390461383513,1.0,1.0,"(1, 2)",650a2466738bb786a6c7849b
24.0,28.999999999999716,6687,test,3856.7890461383513,1.0,1.0,"(1, 2)",650a2466738bb786a6c7849b
24.0,30.249999999999645,6688,test,3858.0390461383513,1.0,1.0,"(1, 2)",650a2466738bb786a6c7849b
24.0,31.499999999999574,6689,test,3859.2890461383513,1.0,1.0,"(1, 2)",650a2466738bb786a6c7849b
24.0,32.749999999999716,6690,test,3860.5390461383513,1.0,1.0,"(1, 2)",650a2466738bb786a6c7849b
24.0,34.0,6691,test,3861.7890461383518,1.0,1.0,"(1, 2)",650a2466738bb786a6c7849b
24.0,35.250000000000284,6692,test,3863.039046138352,1.0,1.0,"(1, 2)",650a2466738bb786a6c7849b
24.0,36.50000000000057,6693,test,3864.2890461383527,1.0,1.0,"(1, 2)",650a2466738bb786a6c7849b
24.0,37.75000000000085,6694,test,3865.539046138353,1.0,1.0,"(1, 2)",650a2466738bb786a6c7849b
24.0,39.00000000000114,6695,test,3866.7890461383536,1.0,1.0,"(1, 2)",650a2466738bb786a6c7849b
24.0,40.25000000000142,6696,test,3868.039046138354,1.0,1.0,"(1, 2)",650a2466738bb786a6c7849b
24.0,41.500000000001705,6697,test,3869.2890461383545,1.0,1.0,"(1, 2)",650a2466738bb786a6c7849b
24.0,42.75000000000199,6698,test,3870.539046138355,1.0,1.0,"(1, 2)",650a2466738bb786a6c7849b
24.0,44.000000000002274,6699,test,3871.7890461383554,1.0,1.0,"(1, 2)",650a2466738bb786a6c7849b
24.0,45.25000000000256,6700,test,3873.039046138356,1.0,1.0,"(1, 2)",650a2466738bb786a6c7849b
24.0,46.50000000000284,6701,test,3874.2890461383563,1.0,1.0,"(1, 2)",650a2466738bb786a6c7849b
24.0,47.750000000003126,6702,test,3875.5390461383568,1.0,1.0,"(1, 2)",650a2466738bb786a6c7849b
24.0,49.00000000000341,6703,test,3876.789046138357,1.0,1.0,"(1, 2)",650a2466738bb786a6c7849b
24.0,50.250000000003695,6704,test,3878.0390461383577,1.0,1.0,"(1, 2)",650a2466738bb786a6c7849b
24.0,51.50000000000398,6705,test,3879.289046138358,1.0,1.0,"(1, 2)",650a2466738bb786a6c7849b
24.0,52.75000000000426,6706,test,3880.5390461383586,1.0,1.0,"(1, 2)",650a2466738bb786a6c7849b
24.0,54.00000000000455,6707,test,3881.789046138359,1.0,1.0,"(1, 2)",650a2466738bb786a6c7849b
24.0,55.25000000000483,6708,test,3883.0390461383595,1.0,1.0,"(1, 2)",650a2466738bb786a6c7849b
24.0,56.500000000005116,6709,test,3884.28904613836,1.0,1.0,"(1, 2)",650a2466738bb786a6c7849b
24.0,57.7500000000054,6710,test,3885.5390461383604,1.0,1.0,"(1, 2)",650a2466738bb786a6c7849b
24.0,59.000000000005684,6711,test,3886.789046138361,1.0,1.0,"(1, 2)",650a2466738bb786a6c7849b
24.0,60.25000000000597,6712,test,3888.0390461383613,1.0,1.0,"(1, 2)",650a2466738bb786a6c7849b
24.0,61.50000000000625,6713,test,3889.2890461383618,1.0,1.0,"(1, 2)",650a2466738bb786a6c7849b
24.0,62.75000000000654,6714,test,3890.539046138362,1.0,1.0,"(1, 2)",650a2466738bb786a6c7849b
24.0,64.00000000000682,6715,test,3891.7890461383627,1.0,1.0,"(1, 2)",650a2466738bb786a6c7849b
24.0,65.2500000000071,6716,test,3893.039046138363,1.0,1.0,"(1, 2)",650a2466738bb786a6c7849b
24.0,66.50000000000739,6717,test,3894.2890461383636,1.0,1.0,"(1, 2)",650a2466738bb786a6c7849b
24.0,67.75000000000767,6718,test,3895.539046138364,1.0,1.0,"(1, 2)",650a2466738bb786a6c7849b
24.0,69.00000000000796,6719,test,3896.7890461383645,1.0,1.0,"(1, 2)",650a2466738bb786a6c7849b
24.0,70.25000000000824,6720,test,3898.039046138365,1.0,1.0,"(1, 2)",650a2466738bb786a6c7849b
24.0,71.50000000000853,6721,test,3899.2890461383654,1.0,1.0,"(1, 2)",650a2466738bb786a6c7849b
24.0,72.0,6722,test,3899.7890461383568,1.0,1.0,"(1, 2)",650a2466738bb786a6c7849b
24.0,72.0,6723,test,3899.7890461383568,1.0,1.0,"(1, 2)",650a2466738bb786a6c7849b
24.0,72.0,6724,test,3899.7890461383568,1.0,1.0,"(1, 2)",650a2466738bb786a6c7849b
24.0,72.0,6725,test,3899.7890461383568,1.0,1.0,"(1, 2)",650a2466738bb786a6c7849b
24.0,72.0,6726,test,3899.7890461383568,1.0,1.0,"(1, 2)",650a2466738bb786a6c7849b
24.0,72.0,6727,test,3899.7890461383568,1.0,1.0,"(1, 2)",650a2466738bb786a6c7849b
24.0,72.0,6728,test,3899.7890461383568,1.0,1.0,"(1, 2)",650a2466738bb786a6c7849b
24.0,72.0,6729,test,3899.7890461383568,1.0,1.0,"(1, 2)",650a2466738bb786a6c7849b
24.0,72.0,6730,test,3899.7890461383568,1.0,1.0,"(1, 2)",650a2466738bb786a6c7849b
24.0,72.0,6731,test,3899.7890461383568,1.0,1.0,"(1, 2)",650a2466738bb786a6c7849b
24.0,72.0,6732,test,3899.7890461383568,1.0,1.0,"(1, 2)",650a2466738bb786a6c7849b
24.0,72.0,6733,test,3899.7890461383568,1.0,1.0,"(1, 2)",650a2466738bb786a6c7849b
24.0,72.0,6734,test,3899.7890461383568,1.0,1.0,"(1, 2)",650a2466738bb786a6c7849b
24.0,72.0,6735,test,3899.7890461383568,1.0,1.0,"(1, 2)",650a2466738bb786a6c7849b
24.0,72.0,6736,test,3899.7890461383568,1.0,1.0,"(1, 2)",650a2466738bb786a6c7849b
24.0,72.0,6737,test,3899.7890461383568,1.0,1.0,"(1, 2)",650a2466738bb786a6c7849b
24.0,72.0,6738,test,3899.7890461383568,1.0,1.0,"(1, 2)",650a2466738bb786a6c7849b
24.0,70.74999999999972,6739,test,3901.039046138357,1.0,1.0,"(1, 2)",650a2466738bb786a6c7849b
24.0,69.49999999999943,6740,test,3902.2890461383577,1.0,1.0,"(1, 2)",650a2466738bb786a6c7849b
24.0,68.24999999999915,6741,test,3903.539046138358,1.0,1.0,"(1, 2)",650a2466738bb786a6c7849b
24.0,66.99999999999886,6742,test,3904.7890461383586,1.0,1.0,"(1, 2)",650a2466738bb786a6c7849b
24.0,65.74999999999858,6743,test,3906.039046138359,1.0,1.0,"(1, 2)",650a2466738bb786a6c7849b
24.0,64.4999999999983,6744,test,3907.2890461383595,1.0,1.0,"(1, 2)",650a2466738bb786a6c7849b
24.0,63.24999999999801,6745,test,3908.53904613836,1.0,1.0,"(1, 2)",650a2466738bb786a6c7849b
24.0,61.999999999997726,6746,test,3909.7890461383604,1.0,1.0,"(1, 2)",650a2466738bb786a6c7849b
24.0,60.74999999999744,6747,test,3911.039046138361,1.0,1.0,"(1, 2)",650a2466738bb786a6c7849b
24.0,59.49999999999716,6748,test,3912.2890461383613,1.0,1.0,"(1, 2)",650a2466738bb786a6c7849b
24.0,58.249999999996874,6749,test,3913.5390461383618,1.0,1.0,"(1, 2)",650a2466738bb786a6c7849b
24.0,56.99999999999659,6750,test,3914.789046138362,1.0,1.0,"(1, 2)",650a2466738bb786a6c7849b
24.0,55.749999999996305,6751,test,3916.0390461383627,1.0,1.0,"(1, 2)",650a2466738bb786a6c7849b
24.0,54.49999999999602,6752,test,3917.289046138363,1.0,1.0,"(1, 2)",650a2466738bb786a6c7849b
24.0,53.24999999999574,6753,test,3918.5390461383636,1.0,1.0,"(1, 2)",650a2466738bb786a6c7849b
24.0,51.99999999999545,6754,test,3919.789046138364,1.0,1.0,"(1, 2)",650a2466738bb786a6c7849b
24.0,50.74999999999517,6755,test,3921.0390461383645,1.0,1.0,"(1, 2)",650a2466738bb786a6c7849b
24.0,49.499999999994884,6756,test,3922.289046138365,1.0,1.0,"(1, 2)",650a2466738bb786a6c7849b
24.0,48.2499999999946,6757,test,3923.5390461383654,1.0,1.0,"(1, 2)",650a2466738bb786a6c7849b
24.0,46.999999999994316,6758,test,3924.789046138366,1.0,1.0,"(1, 2)",650a2466738bb786a6c7849b
24.0,45.74999999999403,6759,test,3926.0390461383663,1.0,1.0,"(1, 2)",650a2466738bb786a6c7849b
24.0,44.49999999999375,6760,test,3927.2890461383668,1.0,1.0,"(1, 2)",650a2466738bb786a6c7849b
24.0,43.24999999999346,6761,test,3928.539046138367,1.0,1.0,"(1, 2)",650a2466738bb786a6c7849b
24.0,41.99999999999318,6762,test,3929.7890461383677,1.0,1.0,"(1, 2)",650a2466738bb786a6c7849b
24.0,40.749999999992895,6763,test,3931.039046138368,1.0,1.0,"(1, 2)",650a2466738bb786a6c7849b
24.49189088134284,39.70196048263347,6764,test,3932.196778175195,1.0,1.0,"(1, 2)",650a2466738bb786a6c7849b
25.37026745516934,38.81260420163471,6765,test,3933.4467781751946,1.0,1.0,"(1, 2)",650a2466738bb786a6c7849b
26.24864402899584,37.92324792063596,6766,test,3934.696778175194,1.0,1.0,"(1, 2)",650a2466738bb786a6c7849b
27.12702060282234,37.033891639637005,6767,test,3935.946778175194,1.0,1.0,"(1, 2)",650a2466738bb786a6c7849b
28.00539717664884,36.14453535863804,6768,test,3937.196778175194,1.0,1.0,"(1, 2)",650a2466738bb786a6c7849b
28.883773750475342,35.25517907763907,6769,test,3938.446778175194,1.0,1.0,"(1, 2)",650a2466738bb786a6c7849b
29.762150324301842,34.36582279664011,6770,test,3939.696778175194,1.0,1.0,"(1, 2)",650a2466738bb786a6c7849b
30.640526898128343,33.47646651564114,6771,test,3940.946778175194,1.0,1.0,"(1, 2)",650a2466738bb786a6c7849b
31.518903471954843,32.587110234642175,6772,test,3942.196778175194,1.0,1.0,"(1, 2)",650a2466738bb786a6c7849b
32.39728004578134,31.697753953643165,6773,test,3943.446778175194,1.0,1.0,"(1, 2)",650a2466738bb786a6c7849b
33.275656619607844,30.808397672644055,6774,test,3944.696778175194,1.0,1.0,"(1, 2)",650a2466738bb786a6c7849b
34.154033193434344,29.919041391644946,6775,test,3945.946778175194,1.0,1.0,"(1, 2)",650a2466738bb786a6c7849b
35.032409767260845,29.029685110645836,6776,test,3947.196778175194,1.0,1.0,"(1, 2)",650a2466738bb786a6c7849b
35.910786341087345,28.140328829646727,6777,test,3948.446778175194,1.0,1.0,"(1, 2)",650a2466738bb786a6c7849b
36.789162914913845,27.250972548647617,6778,test,3949.696778175194,1.0,1.0,"(1, 2)",650a2466738bb786a6c7849b
37.667539488740346,26.361616267648508,6779,test,3950.946778175194,1.0,1.0,"(1, 2)",650a2466738bb786a6c7849b
38.54591606256688,25.472259986649725,6780,test,3952.1967781751937,1.0,1.0,"(1, 2)",650a2466738bb786a6c7849b
39.424292636393595,24.58290370565097,6781,test,3953.4467781751937,1.0,1.0,"(1, 2)",650a2466738bb786a6c7849b
40.51072931689117,24.1833035623608,6782,test,3954.6043726358093,1.0,1.0,"(1, 2)",650a2466738bb786a6c7849b
41.76064179548729,24.168511812984512,6783,test,3955.8543726358093,1.0,1.0,"(1, 2)",650a2466738bb786a6c7849b
43.010554274083404,24.153720063608226,6784,test,3957.1043726358093,1.0,1.0,"(1, 2)",650a2466738bb786a6c7849b
44.26046675267952,24.13892831423194,6785,test,3958.3543726358093,1.0,1.0,"(1, 2)",650a2466738bb786a6c7849b
45.510379231275635,24.124136564855654,6786,test,3959.6043726358093,1.0,1.0,"(1, 2)",650a2466738bb786a6c7849b
46.76029170987175,24.109344815479368,6787,test,3960.8543726358093,1.0,1.0,"(1, 2)",650a2466738bb786a6c7849b
48.01020418846787,24.09455306610308,6788,test,3962.1043726358093,1.0,1.0,"(1, 2)",650a2466738bb786a6c7849b
49.26011666706398,24.079761316726795,6789,test,3963.3543726358093,1.0,1.0,"(1, 2)",650a2466738bb786a6c7849b
50.5100291456601,24.06496956735051,6790,test,3964.6043726358093,1.0,1.0,"(1, 2)",650a2466738bb786a6c7849b
51.759941624256214,24.050177817974223,6791,test,3965.8543726358093,1.0,1.0,"(1, 2)",650a2466738bb786a6c7849b
53.00985410285233,24.035386068597937,6792,test,3967.1043726358093,1.0,1.0,"(1, 2)",650a2466738bb786a6c7849b
54.259766581448446,24.02059431922165,6793,test,3968.3543726358093,1.0,1.0,"(1, 2)",650a2466738bb786a6c7849b
55.50967906004456,24.00580256984539,6794,test,3969.6043726358093,1.0,1.0,"(1, 2)",650a2466738bb786a6c7849b
56.75965804571305,24.002120377216816,6795,test,3970.854357044974,1.0,1.0,"(1, 2)",650a2466738bb786a6c7849b
58.009658033614926,24.00194646566651,6796,test,3972.104357044974,1.0,1.0,"(1, 2)",650a2466738bb786a6c7849b
59.2596580215168,24.001772554116283,6797,test,3973.354357044974,1.0,1.0,"(1, 2)",650a2466738bb786a6c7849b
60.50965800941867,24.001598642566055,6798,test,3974.604357044974,1.0,1.0,"(1, 2)",650a2466738bb786a6c7849b
61.759657997320545,24.001424731015828,6799,test,3975.854357044974,1.0,1.0,"(1, 2)",650a2466738bb786a6c7849b
63.00965798522242,24.0012508194656,6800,test,3977.104357044974,1.0,1.0,"(1, 2)",650a2466738bb786a6c7849b
64.25965797312443,24.001076907915373,6801,test,3978.354357044974,1.0,1.0,"(1, 2)",650a2466738bb786a6c7849b
65.50965796102702,24.00090299636514,6802,test,3979.6043570449747,1.0,1.0,"(1, 2)",650a2466738bb786a6c7849b
66.7596579489296,24.000729084814914,6803,test,3980.854357044975,1.0,1.0,"(1, 2)",650a2466738bb786a6c7849b
68.00965793683218,24.000555173264686,6804,test,3982.1043570449756,1.0,1.0,"(1, 2)",650a2466738bb786a6c7849b
69.25965792473477,24.00038126171446,6805,test,3983.354357044976,1.0,1.0,"(1, 2)",650a2466738bb786a6c7849b
70.50965791263735,24.00020735016423,6806,test,3984.6043570449765,1.0,1.0,"(1, 2)",650a2466738bb786a6c7849b
71.75965790053993,24.000033438614004,6807,test,3985.854357044977,1.0,1.0,"(1, 2)",650a2466738bb786a6c7849b
73.00965790005495,24.000024519340897,6808,test,3987.1043570445236,1.0,1.0,"(1, 2)",650a2466738bb786a6c7849b
74.25965790005381,24.000022474746004,6809,test,3988.354357044524,1.0,1.0,"(1, 2)",650a2466738bb786a6c7849b
75.50965790005267,24.00002043015111,6810,test,3989.6043570445245,1.0,1.0,"(1, 2)",650a2466738bb786a6c7849b
76.75965790005154,24.000018385556217,6811,test,3990.854357044525,1.0,1.0,"(1, 2)",650a2466738bb786a6c7849b
78.0096579000504,24.000016340961324,6812,test,3992.1043570445254,1.0,1.0,"(1, 2)",650a2466738bb786a6c7849b
79.25965790004926,24.00001429636643,6813,test,3993.354357044526,1.0,1.0,"(1, 2)",650a2466738bb786a6c7849b
80.50965790004813,24.000012251771537,6814,test,3994.6043570445263,1.0,1.0,"(1, 2)",650a2466738bb786a6c7849b
81.75965790004699,24.000010207176643,6815,test,3995.8543570445268,1.0,1.0,"(1, 2)",650a2466738bb786a6c7849b
83.00965790004585,24.00000816258175,6816,test,3997.104357044527,1.0,1.0,"(1, 2)",650a2466738bb786a6c7849b
84.25965790004472,24.000006117986953,6817,test,3998.3543570445277,1.0,1.0,"(1, 2)",650a2466738bb786a6c7849b
85.50965790004358,24.000004073392237,6818,test,3999.604357044528,1.0,1.0,"(1, 2)",650a2466738bb786a6c7849b
86.75965790004244,24.00000202879752,6819,test,4000.8543570445286,1.0,1.0,"(1, 2)",650a2466738bb786a6c7849b
88.0,24.0,6820,test,4002.094699144488,1.0,1.0,"(1, 2)",650a2466738bb786a6c7849b
88.0,24.0,6821,test,4002.094699144488,1.0,1.0,"(1, 2)",650a2466738bb786a6c7849b
88.0,24.0,6822,test,4002.094699144488,1.0,1.0,"(1, 2)",650a2466738bb786a6c7849b
88.0,24.0,6823,test,4002.094699144488,1.0,1.0,"(1, 2)",650a2466738bb786a6c7849b
88.0,24.0,6824,test,4002.094699144488,1.0,1.0,"(1, 2)",650a2466738bb786a6c7849b
88.0,24.0,6825,test,4002.094699144488,1.0,1.0,"(1, 2)",650a2466738bb786a6c7849b
88.0,24.0,6826,test,4002.094699144488,1.0,1.0,"(1, 2)",650a2466738bb786a6c7849b
88.0,24.0,6827,test,4002.094699144488,1.0,1.0,"(1, 2)",650a2466738bb786a6c7849b
88.0,24.0,6828,test,4002.094699144488,1.0,1.0,"(1, 2)",650a2466738bb786a6c7849b
88.0,24.0,6829,test,4002.094699144488,1.0,1.0,"(1, 2)",650a2466738bb786a6c7849b
88.0,24.0,6830,test,4002.094699144488,1.0,1.0,"(1, 2)",650a2466738bb786a6c7849b
88.0,24.0,6831,test,4002.094699144488,1.0,1.0,"(1, 2)",650a2466738bb786a6c7849b
88.0,24.0,6832,test,4002.094699144488,1.0,1.0,"(1, 2)",650a2466738bb786a6c7849b
88.0,24.0,6833,test,4002.094699144488,1.0,1.0,"(1, 2)",650a2466738bb786a6c7849b
88.0,24.0,6834,test,4002.094699144488,1.0,1.0,"(1, 2)",650a2466738bb786a6c7849b
86.74999999999972,24.0,6835,test,4003.3446991444885,1.0,1.0,"(1, 2)",650a2466738bb786a6c7849b
85.49999999999943,24.0,6836,test,4004.594699144489,1.0,1.0,"(1, 2)",650a2466738bb786a6c7849b
84.24999999999915,24.0,6837,test,4005.8446991444894,1.0,1.0,"(1, 2)",650a2466738bb786a6c7849b
82.99999999999886,24.0,6838,test,4007.09469914449,1.0,1.0,"(1, 2)",650a2466738bb786a6c7849b
81.74999999999858,24.0,6839,test,4008.3446991444903,1.0,1.0,"(1, 2)",650a2466738bb786a6c7849b
80.4999999999983,24.0,6840,test,4009.5946991444907,1.0,1.0,"(1, 2)",650a2466738bb786a6c7849b
79.24999999999801,24.0,6841,test,4010.844699144491,1.0,1.0,"(1, 2)",650a2466738bb786a6c7849b
77.99999999999773,24.0,6842,test,4012.0946991444916,1.0,1.0,"(1, 2)",650a2466738bb786a6c7849b
76.74999999999744,24.0,6843,test,4013.344699144492,1.0,1.0,"(1, 2)",650a2466738bb786a6c7849b
75.49999999999716,24.0,6844,test,4014.5946991444926,1.0,1.0,"(1, 2)",650a2466738bb786a6c7849b
74.24999999999687,24.0,6845,test,4015.844699144493,1.0,1.0,"(1, 2)",650a2466738bb786a6c7849b
72.99999999999659,24.0,6846,test,4017.0946991444935,1.0,1.0,"(1, 2)",650a2466738bb786a6c7849b
71.7499999999963,24.0,6847,test,4018.344699144494,1.0,1.0,"(1, 2)",650a2466738bb786a6c7849b
70.49999999999602,24.0,6848,test,4019.5946991444944,1.0,1.0,"(1, 2)",650a2466738bb786a6c7849b
69.24999999999574,24.0,6849,test,4020.844699144495,1.0,1.0,"(1, 2)",650a2466738bb786a6c7849b
67.99999999999545,24.0,6850,test,4022.0946991444953,1.0,1.0,"(1, 2)",650a2466738bb786a6c7849b
66.74999999999517,24.0,6851,test,4023.3446991444957,1.0,1.0,"(1, 2)",650a2466738bb786a6c7849b
65.49999999999488,24.0,6852,test,4024.594699144496,1.0,1.0,"(1, 2)",650a2466738bb786a6c7849b
64.2499999999946,24.0,6853,test,4025.8446991444966,1.0,1.0,"(1, 2)",650a2466738bb786a6c7849b
62.999999999994316,24.0,6854,test,4027.094699144497,1.0,1.0,"(1, 2)",650a2466738bb786a6c7849b
61.74999999999403,24.0,6855,test,4028.3446991444976,1.0,1.0,"(1, 2)",650a2466738bb786a6c7849b
60.49999999999375,24.0,6856,test,4029.594699144498,1.0,1.0,"(1, 2)",650a2466738bb786a6c7849b
59.24999999999346,24.0,6857,test,4030.8446991444985,1.0,1.0,"(1, 2)",650a2466738bb786a6c7849b
57.99999999999318,24.0,6858,test,4032.094699144499,1.0,1.0,"(1, 2)",650a2466738bb786a6c7849b
56.749999999992895,24.0,6859,test,4033.3446991444994,1.0,1.0,"(1, 2)",650a2466738bb786a6c7849b
55.49999999999261,24.0,6860,test,4034.5946991445,1.0,1.0,"(1, 2)",650a2466738bb786a6c7849b
54.249999999992326,24.0,6861,test,4035.8446991445003,1.0,1.0,"(1, 2)",650a2466738bb786a6c7849b
52.99999999999204,24.0,6862,test,4037.0946991445007,1.0,1.0,"(1, 2)",650a2466738bb786a6c7849b
51.74999999999176,24.0,6863,test,4038.344699144501,1.0,1.0,"(1, 2)",650a2466738bb786a6c7849b
50.49999999999147,24.0,6864,test,4039.5946991445016,1.0,1.0,"(1, 2)",650a2466738bb786a6c7849b
49.24999999999119,24.0,6865,test,4040.844699144502,1.0,1.0,"(1, 2)",650a2466738bb786a6c7849b
47.999999999990905,24.0,6866,test,4042.0946991445026,1.0,1.0,"(1, 2)",650a2466738bb786a6c7849b
46.74999999999062,24.0,6867,test,4043.344699144503,1.0,1.0,"(1, 2)",650a2466738bb786a6c7849b
45.49999999999034,24.0,6868,test,4044.5946991445035,1.0,1.0,"(1, 2)",650a2466738bb786a6c7849b
44.24999999999005,24.0,6869,test,4045.844699144504,1.0,1.0,"(1, 2)",650a2466738bb786a6c7849b
42.99999999998977,24.0,6870,test,4047.0946991445044,1.0,1.0,"(1, 2)",650a2466738bb786a6c7849b
41.749999999989484,24.0,6871,test,4048.344699144505,1.0,1.0,"(1, 2)",650a2466738bb786a6c7849b
40.4999999999892,24.0,6872,test,4049.5946991445053,1.0,1.0,"(1, 2)",650a2466738bb786a6c7849b
39.249999999988916,24.0,6873,test,4050.8446991445057,1.0,1.0,"(1, 2)",650a2466738bb786a6c7849b
37.99999999998863,24.0,6874,test,4052.094699144506,1.0,1.0,"(1, 2)",650a2466738bb786a6c7849b
36.74999999998835,24.0,6875,test,4053.3446991445066,1.0,1.0,"(1, 2)",650a2466738bb786a6c7849b
35.49999999998806,24.0,6876,test,4054.594699144507,1.0,1.0,"(1, 2)",650a2466738bb786a6c7849b
34.24999999998778,24.0,6877,test,4055.8446991445076,1.0,1.0,"(1, 2)",650a2466738bb786a6c7849b
32.999999999987494,24.0,6878,test,4057.094699144508,1.0,1.0,"(1, 2)",650a2466738bb786a6c7849b
31.749999999987285,24.0,6879,test,4058.344699144508,1.0,1.0,"(1, 2)",650a2466738bb786a6c7849b
30.499999999987356,24.0,6880,test,4059.594699144508,1.0,1.0,"(1, 2)",650a2466738bb786a6c7849b
29.249999999987427,24.0,6881,test,4060.844699144508,1.0,1.0,"(1, 2)",650a2466738bb786a6c7849b
27.999999999987498,24.0,6882,test,4062.094699144508,1.0,1.0,"(1, 2)",650a2466738bb786a6c7849b
26.74999999998757,24.0,6883,test,4063.344699144508,1.0,1.0,"(1, 2)",650a2466738bb786a6c7849b
25.49999999998764,24.0,6884,test,4064.594699144508,1.0,1.0,"(1, 2)",650a2466738bb786a6c7849b
24.24999999998771,24.0,6885,test,4065.844699144508,1.0,1.0,"(1, 2)",650a2466738bb786a6c7849b
24.0,24.0,6886,test,4066.0946991444957,1.0,1.0,"(1, 2)",650a2466738bb786a6c7849b
24.0,24.0,6887,test,4066.0946991444957,1.0,1.0,"(1, 2)",650a2466738bb786a6c7849b
24.0,24.0,6888,test,4066.0946991444957,1.0,1.0,"(1, 2)",650a2466738bb786a6c7849b
24.0,24.0,6889,test,4066.0946991444957,1.0,1.0,"(1, 2)",650a2466738bb786a6c7849b
24.0,24.0,6890,test,4066.0946991444957,1.0,1.0,"(1, 2)",650a2466738bb786a6c7849b
24.0,24.0,6891,test,4066.0946991444957,1.0,1.0,"(1, 2)",650a2466738bb786a6c7849b
24.0,24.0,6892,test,4066.0946991444957,1.0,1.0,"(1, 2)",650a2466738bb786a6c7849b
24.0,24.0,6893,test,4066.0946991444957,1.0,1.0,"(1, 2)",650a2466738bb786a6c7849b
24.0,24.0,6894,test,4066.0946991444957,1.0,1.0,"(1, 2)",650a2466738bb786a6c7849b
24.0,24.0,6895,test,4066.0946991444957,1.0,1.0,"(1, 2)",650a2466738bb786a6c7849b
24.0,24.0,6896,test,4066.0946991444957,1.0,1.0,"(1, 2)",650a2466738bb786a6c7849b
24.0,24.0,6897,test,4066.0946991444957,1.0,1.0,"(1, 2)",650a2466738bb786a6c7849b
24.0,24.0,6898,test,4066.0946991444957,1.0,1.0,"(1, 2)",650a2466738bb786a6c7849b
24.0,24.0,6899,test,4066.0946991444957,1.0,1.0,"(1, 2)",650a2466738bb786a6c7849b
24.0,24.0,6900,test,4066.0946991444957,1.0,1.0,"(1, 2)",650a2466738bb786a6c7849b
24.0,24.0,6901,test,4066.0946991444957,1.0,1.0,"(1, 2)",650a2466738bb786a6c7849b
24.0,24.0,6902,test,4066.0946991444957,1.0,1.0,"(1, 2)",650a2466738bb786a6c7849b
24.0,24.0,6903,test,4066.0946991444957,1.0,1.0,"(1, 2)",650a2466738bb786a6c7849b
24.0,24.0,6904,test,4066.0946991444957,1.0,1.0,"(1, 2)",650a2466738bb786a6c7849b
24.0,24.0,6905,test,4066.0946991444957,1.0,1.0,"(1, 2)",650a2466738bb786a6c7849b
24.0,24.0,6906,test,4066.0946991444957,1.0,1.0,"(1, 2)",650a2466738bb786a6c7849b
24.0,24.0,6907,test,4066.0946991444957,1.0,1.0,"(1, 2)",650a2466738bb786a6c7849b
24.0,24.0,6908,test,4066.0946991444957,1.0,1.0,"(1, 2)",650a2466738bb786a6c7849b
24.0,24.0,6909,test,4066.0946991444957,1.0,1.0,"(1, 2)",650a2466738bb786a6c7849b
24.0,24.0,6910,test,4066.0946991444957,1.0,1.0,"(1, 2)",650a2466738bb786a6c7849b
24.0,24.0,6911,test,4066.0946991444957,1.0,1.0,"(1, 2)",650a2466738bb786a6c7849b
24.0,24.0,6912,test,4066.0946991444957,1.0,1.0,"(1, 2)",650a2466738bb786a6c7849b
24.0,24.0,6913,test,4066.0946991444957,1.0,1.0,"(1, 2)",650a2466738bb786a6c7849b
24.0,24.0,6914,test,4066.0946991444957,1.0,1.0,"(1, 2)",650a2466738bb786a6c7849b
24.0,24.0,6915,test,4066.0946991444957,1.0,1.0,"(1, 2)",650a2466738bb786a6c7849b
24.0,24.0,6916,test,4066.0946991444957,1.0,1.0,"(1, 2)",650a2466738bb786a6c7849b
24.0,24.0,6917,test,4066.0946991444957,1.0,1.0,"(1, 2)",650a2466738bb786a6c7849b
24.0,24.0,6918,test,4066.0946991444957,1.0,1.0,"(1, 2)",650a2466738bb786a6c7849b
24.0,24.0,6919,test,4066.0946991444957,1.0,1.0,"(1, 2)",650a2466738bb786a6c7849b
24.0,24.0,6920,test,4066.0946991444957,1.0,1.0,"(1, 2)",650a2466738bb786a6c7849b
24.0,24.0,6921,test,4066.0946991444957,1.0,1.0,"(1, 2)",650a2466738bb786a6c7849b
24.0,24.0,6922,test,4066.0946991444957,1.0,1.0,"(1, 2)",650a2466738bb786a6c7849b
24.0,24.0,6923,test,4066.0946991444957,1.0,1.0,"(1, 2)",650a2466738bb786a6c7849b
24.0,24.0,6924,test,4066.0946991444957,1.0,1.0,"(1, 2)",650a2466738bb786a6c7849b
24.0,24.0,6925,test,4066.0946991444957,1.0,1.0,"(1, 2)",650a2466738bb786a6c7849b
24.0,24.0,6926,test,4066.0946991444957,1.0,1.0,"(1, 2)",650a2466738bb786a6c7849b
24.0,24.0,6927,test,4066.0946991444957,1.0,1.0,"(1, 2)",650a2466738bb786a6c7849b
24.0,24.0,6928,test,4066.0946991444957,1.0,1.0,"(1, 2)",650a2466738bb786a6c7849b
24.0,24.0,6929,test,4066.0946991444957,1.0,1.0,"(1, 2)",650a2466738bb786a6c7849b
24.0,24.0,6930,test,4066.0946991444957,1.0,1.0,"(1, 2)",650a2466738bb786a6c7849b
24.0,24.0,6931,test,4066.0946991444957,1.0,1.0,"(1, 2)",650a2466738bb786a6c7849b
24.0,24.0,6932,test,4066.0946991444957,1.0,1.0,"(1, 2)",650a2466738bb786a6c7849b
24.0,24.0,6933,test,4066.0946991444957,1.0,1.0,"(1, 2)",650a2466738bb786a6c7849b
24.0,24.0,6934,test,4066.0946991444957,1.0,1.0,"(1, 2)",650a2466738bb786a6c7849b
24.0,24.0,6935,test,4066.0946991444957,1.0,1.0,"(1, 2)",650a2466738bb786a6c7849b
24.0,24.0,6936,test,4066.0946991444957,1.0,1.0,"(1, 2)",650a2466738bb786a6c7849b
24.0,24.0,6937,test,4066.0946991444957,1.0,1.0,"(1, 2)",650a2466738bb786a6c7849b
24.0,24.0,6938,test,4066.0946991444957,1.0,1.0,"(1, 2)",650a2466738bb786a6c7849b
24.0,24.0,6939,test,4066.0946991444957,1.0,1.0,"(1, 2)",650a2466738bb786a6c7849b
24.0,24.0,6940,test,4066.0946991444957,1.0,1.0,"(1, 2)",650a2466738bb786a6c7849b
24.0,24.0,6941,test,4066.0946991444957,1.0,1.0,"(1, 2)",650a2466738bb786a6c7849b
24.0,24.0,6942,test,4066.0946991444957,1.0,1.0,"(1, 2)",650a2466738bb786a6c7849b
24.0,24.0,6943,test,4066.0946991444957,1.0,1.0,"(1, 2)",650a2466738bb786a6c7849b
24.0,24.0,6944,test,4066.0946991444957,1.0,1.0,"(1, 2)",650a2466738bb786a6c7849b
24.0,24.0,6945,test,4066.0946991444957,1.0,1.0,"(1, 2)",650a2466738bb786a6c7849b
24.0,24.0,6946,test,4066.0946991444957,1.0,1.0,"(1, 2)",650a2466738bb786a6c7849b
24.0,24.0,6947,test,4066.0946991444957,1.0,1.0,"(1, 2)",650a2466738bb786a6c7849b
24.0,24.0,6948,test,4066.0946991444957,1.0,1.0,"(1, 2)",650a2466738bb786a6c7849b
24.0,24.0,6949,test,4066.0946991444957,1.0,1.0,"(1, 2)",650a2466738bb786a6c7849b
24.0,24.0,6950,test,4066.0946991444957,1.0,1.0,"(1, 2)",650a2466738bb786a6c7849b
24.0,24.0,6951,test,4066.0946991444957,1.0,1.0,"(1, 2)",650a2466738bb786a6c7849b
24.0,24.0,6952,test,4066.0946991444957,1.0,1.0,"(1, 2)",650a2466738bb786a6c7849b
24.0,24.0,6953,test,4066.0946991444957,1.0,1.0,"(1, 2)",650a2466738bb786a6c7849b
24.0,24.0,6954,test,4066.0946991444957,1.0,1.0,"(1, 2)",650a2466738bb786a6c7849b
24.0,24.0,6955,test,4066.0946991444957,1.0,1.0,"(1, 2)",650a2466738bb786a6c7849b
24.0,24.0,6956,test,4066.0946991444957,1.0,1.0,"(1, 2)",650a2466738bb786a6c7849b
24.0,24.0,6957,test,4066.0946991444957,1.0,1.0,"(1, 2)",650a2466738bb786a6c7849b
24.0,24.0,6958,test,4066.0946991444957,1.0,1.0,"(1, 2)",650a2466738bb786a6c7849b
24.0,24.0,6959,test,4066.0946991444957,1.0,1.0,"(1, 2)",650a2466738bb786a6c7849b
24.0,24.0,6960,test,4066.0946991444957,1.0,1.0,"(1, 2)",650a2466738bb786a6c7849b
24.0,24.0,6961,test,4066.0946991444957,1.0,1.0,"(1, 2)",650a2466738bb786a6c7849b
24.0,24.0,6962,test,4066.0946991444957,1.0,1.0,"(1, 2)",650a2466738bb786a6c7849b
24.0,24.0,6963,test,4066.0946991444957,1.0,1.0,"(1, 2)",650a2466738bb786a6c7849b
24.0,24.0,6964,test,4066.0946991444957,1.0,1.0,"(1, 2)",650a2466738bb786a6c7849b
24.0,24.0,6965,test,4066.0946991444957,1.0,1.0,"(1, 2)",650a2466738bb786a6c7849b
24.0,24.0,6966,test,4066.0946991444957,1.0,1.0,"(1, 2)",650a2466738bb786a6c7849b
24.0,24.0,6967,test,4066.0946991444957,1.0,1.0,"(1, 2)",650a2466738bb786a6c7849b
24.0,24.0,6968,test,4066.0946991444957,1.0,1.0,"(1, 2)",650a2466738bb786a6c7849b
24.0,24.0,6969,test,4066.0946991444957,1.0,1.0,"(1, 2)",650a2466738bb786a6c7849b
24.0,24.0,6970,test,4066.0946991444957,1.0,1.0,"(1, 2)",650a2466738bb786a6c7849b
24.0,24.0,6971,test,4066.0946991444957,1.0,1.0,"(1, 2)",650a2466738bb786a6c7849b
24.0,24.0,6972,test,4066.0946991444957,1.0,1.0,"(1, 2)",650a2466738bb786a6c7849b
24.0,24.0,6973,test,4066.0946991444957,1.0,1.0,"(1, 2)",650a2466738bb786a6c7849b
24.0,24.0,6974,test,4066.0946991444957,1.0,1.0,"(1, 2)",650a2466738bb786a6c7849b
24.0,24.0,6975,test,4066.0946991444957,1.0,1.0,"(1, 2)",650a2466738bb786a6c7849b
24.0,24.0,6976,test,4066.0946991444957,1.0,1.0,"(1, 2)",650a2466738bb786a6c7849b
24.0,24.0,6977,test,4066.0946991444957,1.0,1.0,"(1, 2)",650a2466738bb786a6c7849b
24.0,24.0,6978,test,4066.0946991444957,1.0,1.0,"(1, 2)",650a2466738bb786a6c7849b
24.0,24.0,6979,test,4066.0946991444957,1.0,1.0,"(1, 2)",650a2466738bb786a6c7849b
24.0,24.0,6980,test,4066.0946991444957,1.0,1.0,"(1, 2)",650a2466738bb786a6c7849b
25.24999999999993,24.0,6981,test,4067.3446991444957,1.0,1.0,"(1, 2)",650a2466738bb786a6c7849b
26.499999999999858,24.0,6982,test,4068.5946991444957,1.0,1.0,"(1, 2)",650a2466738bb786a6c7849b
27.749999999999787,24.0,6983,test,4069.8446991444957,1.0,1.0,"(1, 2)",650a2466738bb786a6c7849b
28.999999999999716,24.0,6984,test,4071.0946991444957,1.0,1.0,"(1, 2)",650a2466738bb786a6c7849b
30.249999999999645,24.0,6985,test,4072.3446991444957,1.0,1.0,"(1, 2)",650a2466738bb786a6c7849b
31.499999999999574,24.0,6986,test,4073.5946991444957,1.0,1.0,"(1, 2)",650a2466738bb786a6c7849b
32.749999999999716,24.0,6987,test,4074.8446991444957,1.0,1.0,"(1, 2)",650a2466738bb786a6c7849b
34.0,24.0,6988,test,4076.094699144496,1.0,1.0,"(1, 2)",650a2466738bb786a6c7849b
35.250000000000284,24.0,6989,test,4077.3446991444966,1.0,1.0,"(1, 2)",650a2466738bb786a6c7849b
36.50000000000057,24.0,6990,test,4078.594699144497,1.0,1.0,"(1, 2)",650a2466738bb786a6c7849b
37.75000000000085,24.0,6991,test,4079.8446991444976,1.0,1.0,"(1, 2)",650a2466738bb786a6c7849b
39.00000000000114,24.0,6992,test,4081.094699144498,1.0,1.0,"(1, 2)",650a2466738bb786a6c7849b
40.25000000000142,24.0,6993,test,4082.3446991444985,1.0,1.0,"(1, 2)",650a2466738bb786a6c7849b
41.500000000001705,24.0,6994,test,4083.594699144499,1.0,1.0,"(1, 2)",650a2466738bb786a6c7849b
42.75000000000199,24.0,6995,test,4084.8446991444994,1.0,1.0,"(1, 2)",650a2466738bb786a6c7849b
44.000000000002274,24.0,6996,test,4086.0946991445,1.0,1.0,"(1, 2)",650a2466738bb786a6c7849b
45.25000000000256,24.0,6997,test,4087.3446991445003,1.0,1.0,"(1, 2)",650a2466738bb786a6c7849b
46.50000000000284,24.0,6998,test,4088.5946991445007,1.0,1.0,"(1, 2)",650a2466738bb786a6c7849b
47.750000000003126,24.0,6999,test,4089.844699144501,1.0,1.0,"(1, 2)",650a2466738bb786a6c7849b
49.00000000000341,24.0,7000,test,4091.0946991445016,1.0,1.0,"(1, 2)",650a2466738bb786a6c7849b
50.250000000003695,24.0,7001,test,4092.344699144502,1.0,1.0,"(1, 2)",650a2466738bb786a6c7849b
51.50000000000398,24.0,7002,test,4093.5946991445026,1.0,1.0,"(1, 2)",650a2466738bb786a6c7849b
52.75000000000426,24.0,7003,test,4094.844699144503,1.0,1.0,"(1, 2)",650a2466738bb786a6c7849b
54.00000000000455,24.0,7004,test,4096.0946991445035,1.0,1.0,"(1, 2)",650a2466738bb786a6c7849b
55.25000000000483,24.0,7005,test,4097.3446991445035,1.0,1.0,"(1, 2)",650a2466738bb786a6c7849b
56.500000000005116,24.0,7006,test,4098.5946991445035,1.0,1.0,"(1, 2)",650a2466738bb786a6c7849b
57.7500000000054,24.0,7007,test,4099.8446991445035,1.0,1.0,"(1, 2)",650a2466738bb786a6c7849b
59.000000000005684,24.0,7008,test,4101.0946991445035,1.0,1.0,"(1, 2)",650a2466738bb786a6c7849b
60.25000000000597,24.0,7009,test,4102.3446991445035,1.0,1.0,"(1, 2)",650a2466738bb786a6c7849b
61.50000000000625,24.0,7010,test,4103.5946991445035,1.0,1.0,"(1, 2)",650a2466738bb786a6c7849b
62.75000000000654,24.0,7011,test,4104.8446991445035,1.0,1.0,"(1, 2)",650a2466738bb786a6c7849b
64.00000000000682,24.0,7012,test,4106.0946991445035,1.0,1.0,"(1, 2)",650a2466738bb786a6c7849b
65.2500000000071,24.0,7013,test,4107.3446991445035,1.0,1.0,"(1, 2)",650a2466738bb786a6c7849b
66.50000000000739,24.0,7014,test,4108.5946991445035,1.0,1.0,"(1, 2)",650a2466738bb786a6c7849b
67.75000000000767,24.0,7015,test,4109.8446991445035,1.0,1.0,"(1, 2)",650a2466738bb786a6c7849b
69.00000000000796,24.0,7016,test,4111.0946991445035,1.0,1.0,"(1, 2)",650a2466738bb786a6c7849b
70.25000000000824,24.0,7017,test,4112.3446991445035,1.0,1.0,"(1, 2)",650a2466738bb786a6c7849b
71.50000000000853,24.0,7018,test,4113.5946991445035,1.0,1.0,"(1, 2)",650a2466738bb786a6c7849b
72.75000000000881,24.0,7019,test,4114.8446991445035,1.0,1.0,"(1, 2)",650a2466738bb786a6c7849b
74.0000000000091,24.0,7020,test,4116.0946991445035,1.0,1.0,"(1, 2)",650a2466738bb786a6c7849b
75.25000000000938,24.0,7021,test,4117.3446991445035,1.0,1.0,"(1, 2)",650a2466738bb786a6c7849b
76.50000000000966,24.0,7022,test,4118.5946991445035,1.0,1.0,"(1, 2)",650a2466738bb786a6c7849b
77.75000000000995,24.0,7023,test,4119.8446991445035,1.0,1.0,"(1, 2)",650a2466738bb786a6c7849b
79.00000000001023,24.0,7024,test,4121.0946991445035,1.0,1.0,"(1, 2)",650a2466738bb786a6c7849b
80.25000000001052,24.0,7025,test,4122.3446991445035,1.0,1.0,"(1, 2)",650a2466738bb786a6c7849b
81.5000000000108,24.0,7026,test,4123.5946991445035,1.0,1.0,"(1, 2)",650a2466738bb786a6c7849b
82.75000000001108,24.0,7027,test,4124.8446991445035,1.0,1.0,"(1, 2)",650a2466738bb786a6c7849b
84.00000000001137,24.0,7028,test,4126.0946991445035,1.0,1.0,"(1, 2)",650a2466738bb786a6c7849b
85.25000000001165,24.0,7029,test,4127.3446991445035,1.0,1.0,"(1, 2)",650a2466738bb786a6c7849b
86.50000000001194,24.0,7030,test,4128.5946991445035,1.0,1.0,"(1, 2)",650a2466738bb786a6c7849b
87.75000000001222,24.0,7031,test,4129.8446991445035,1.0,1.0,"(1, 2)",650a2466738bb786a6c7849b
88.0,24.0,7032,test,4130.094699144492,1.0,1.0,"(1, 2)",650a2466738bb786a6c7849b
88.0,24.0,7033,test,4130.094699144492,1.0,1.0,"(1, 2)",650a2466738bb786a6c7849b
88.0,24.0,7034,test,4130.094699144492,1.0,1.0,"(1, 2)",650a2466738bb786a6c7849b
88.0,24.0,7035,test,4130.094699144492,1.0,1.0,"(1, 2)",650a2466738bb786a6c7849b
88.0,24.0,7036,test,4130.094699144492,1.0,1.0,"(1, 2)",650a2466738bb786a6c7849b
88.0,24.0,7037,test,4130.094699144492,1.0,1.0,"(1, 2)",650a2466738bb786a6c7849b
88.0,24.0,7038,test,4130.094699144492,1.0,1.0,"(1, 2)",650a2466738bb786a6c7849b
88.0,24.0,7039,test,4130.094699144492,1.0,1.0,"(1, 2)",650a2466738bb786a6c7849b
88.0,24.0,7040,test,4130.094699144492,1.0,1.0,"(1, 2)",650a2466738bb786a6c7849b
88.0,24.0,7041,test,4130.094699144492,1.0,1.0,"(1, 2)",650a2466738bb786a6c7849b
88.0,24.0,7042,test,4130.094699144492,1.0,1.0,"(1, 2)",650a2466738bb786a6c7849b
88.0,24.0,7043,test,4130.094699144492,1.0,1.0,"(1, 2)",650a2466738bb786a6c7849b
88.0,24.0,7044,test,4130.094699144492,1.0,1.0,"(1, 2)",650a2466738bb786a6c7849b
88.0,24.0,7045,test,4130.094699144492,1.0,1.0,"(1, 2)",650a2466738bb786a6c7849b
86.74999999999972,24.0,7046,test,4131.344699144492,1.0,1.0,"(1, 2)",650a2466738bb786a6c7849b
85.49999999999943,24.0,7047,test,4132.594699144492,1.0,1.0,"(1, 2)",650a2466738bb786a6c7849b
84.24999999999915,24.0,7048,test,4133.844699144492,1.0,1.0,"(1, 2)",650a2466738bb786a6c7849b
82.99999999999886,24.0,7049,test,4135.094699144492,1.0,1.0,"(1, 2)",650a2466738bb786a6c7849b
81.74999999999858,24.0,7050,test,4136.344699144492,1.0,1.0,"(1, 2)",650a2466738bb786a6c7849b
80.4999999999983,24.0,7051,test,4137.594699144492,1.0,1.0,"(1, 2)",650a2466738bb786a6c7849b
79.24999999999801,24.0,7052,test,4138.844699144492,1.0,1.0,"(1, 2)",650a2466738bb786a6c7849b
77.99999999999773,24.0,7053,test,4140.094699144492,1.0,1.0,"(1, 2)",650a2466738bb786a6c7849b
76.74999999999744,24.0,7054,test,4141.344699144492,1.0,1.0,"(1, 2)",650a2466738bb786a6c7849b
75.49999999999716,24.0,7055,test,4142.594699144492,1.0,1.0,"(1, 2)",650a2466738bb786a6c7849b
74.24999999999687,24.0,7056,test,4143.844699144492,1.0,1.0,"(1, 2)",650a2466738bb786a6c7849b
72.99999999999659,24.0,7057,test,4145.094699144492,1.0,1.0,"(1, 2)",650a2466738bb786a6c7849b
71.7499999999963,24.0,7058,test,4146.344699144492,1.0,1.0,"(1, 2)",650a2466738bb786a6c7849b
70.49999999999602,24.0,7059,test,4147.594699144492,1.0,1.0,"(1, 2)",650a2466738bb786a6c7849b
69.24999999999574,24.0,7060,test,4148.844699144492,1.0,1.0,"(1, 2)",650a2466738bb786a6c7849b
67.99999999999545,24.0,7061,test,4150.094699144492,1.0,1.0,"(1, 2)",650a2466738bb786a6c7849b
66.74999999999517,24.0,7062,test,4151.344699144492,1.0,1.0,"(1, 2)",650a2466738bb786a6c7849b
65.49999999999488,24.0,7063,test,4152.594699144492,1.0,1.0,"(1, 2)",650a2466738bb786a6c7849b
64.2499999999946,24.0,7064,test,4153.844699144492,1.0,1.0,"(1, 2)",650a2466738bb786a6c7849b
62.999999999994316,24.0,7065,test,4155.094699144492,1.0,1.0,"(1, 2)",650a2466738bb786a6c7849b
61.74999999999403,24.0,7066,test,4156.344699144492,1.0,1.0,"(1, 2)",650a2466738bb786a6c7849b
60.49999999999375,24.0,7067,test,4157.594699144492,1.0,1.0,"(1, 2)",650a2466738bb786a6c7849b
59.24999999999346,24.0,7068,test,4158.844699144492,1.0,1.0,"(1, 2)",650a2466738bb786a6c7849b
57.99999999999318,24.0,7069,test,4160.094699144492,1.0,1.0,"(1, 2)",650a2466738bb786a6c7849b
56.749999999992895,24.0,7070,test,4161.344699144492,1.0,1.0,"(1, 2)",650a2466738bb786a6c7849b
55.49999999999261,24.0,7071,test,4162.594699144492,1.0,1.0,"(1, 2)",650a2466738bb786a6c7849b
54.249999999992326,24.0,7072,test,4163.844699144492,1.0,1.0,"(1, 2)",650a2466738bb786a6c7849b
52.99999999999204,24.0,7073,test,4165.094699144492,1.0,1.0,"(1, 2)",650a2466738bb786a6c7849b
51.74999999999176,24.0,7074,test,4166.344699144492,1.0,1.0,"(1, 2)",650a2466738bb786a6c7849b
50.49999999999147,24.0,7075,test,4167.594699144492,1.0,1.0,"(1, 2)",650a2466738bb786a6c7849b
49.24999999999119,24.0,7076,test,4168.844699144492,1.0,1.0,"(1, 2)",650a2466738bb786a6c7849b
47.999999999990905,24.0,7077,test,4170.094699144492,1.0,1.0,"(1, 2)",650a2466738bb786a6c7849b
46.74999999999062,24.0,7078,test,4171.344699144492,1.0,1.0,"(1, 2)",650a2466738bb786a6c7849b
45.49999999999034,24.0,7079,test,4172.594699144492,1.0,1.0,"(1, 2)",650a2466738bb786a6c7849b
44.24999999999005,24.0,7080,test,4173.844699144492,1.0,1.0,"(1, 2)",650a2466738bb786a6c7849b
42.99999999998977,24.0,7081,test,4175.094699144492,1.0,1.0,"(1, 2)",650a2466738bb786a6c7849b
41.749999999989484,24.0,7082,test,4176.344699144492,1.0,1.0,"(1, 2)",650a2466738bb786a6c7849b
40.4999999999892,24.0,7083,test,4177.594699144492,1.0,1.0,"(1, 2)",650a2466738bb786a6c7849b
39.249999999988916,24.0,7084,test,4178.844699144492,1.0,1.0,"(1, 2)",650a2466738bb786a6c7849b
37.99999999998863,24.0,7085,test,4180.094699144492,1.0,1.0,"(1, 2)",650a2466738bb786a6c7849b
36.74999999998835,24.0,7086,test,4181.344699144492,1.0,1.0,"(1, 2)",650a2466738bb786a6c7849b
35.49999999998806,24.0,7087,test,4182.594699144492,1.0,1.0,"(1, 2)",650a2466738bb786a6c7849b
34.24999999998778,24.0,7088,test,4183.844699144492,1.0,1.0,"(1, 2)",650a2466738bb786a6c7849b
32.999999999987494,24.0,7089,test,4185.094699144492,1.0,1.0,"(1, 2)",650a2466738bb786a6c7849b
31.749999999987285,24.0,7090,test,4186.344699144492,1.0,1.0,"(1, 2)",650a2466738bb786a6c7849b
30.499999999987356,24.0,7091,test,4187.594699144492,1.0,1.0,"(1, 2)",650a2466738bb786a6c7849b
29.249999999987427,24.0,7092,test,4188.844699144492,1.0,1.0,"(1, 2)",650a2466738bb786a6c7849b
27.999999999987498,24.0,7093,test,4190.094699144492,1.0,1.0,"(1, 2)",650a2466738bb786a6c7849b
26.74999999998757,24.0,7094,test,4191.344699144492,1.0,1.0,"(1, 2)",650a2466738bb786a6c7849b
25.49999999998764,24.0,7095,test,4192.594699144492,1.0,1.0,"(1, 2)",650a2466738bb786a6c7849b
24.24999999998771,24.0,7096,test,4193.844699144492,1.0,1.0,"(1, 2)",650a2466738bb786a6c7849b
24.0,24.0,7097,test,4194.094699144479,1.0,1.0,"(1, 2)",650a2466738bb786a6c7849b
24.0,24.0,7098,test,4194.094699144479,1.0,1.0,"(1, 2)",650a2466738bb786a6c7849b
24.0,24.0,7099,test,4194.094699144479,1.0,1.0,"(1, 2)",650a2466738bb786a6c7849b
24.0,24.0,7100,test,4194.094699144479,1.0,1.0,"(1, 2)",650a2466738bb786a6c7849b
24.0,24.0,7101,test,4194.094699144479,1.0,1.0,"(1, 2)",650a2466738bb786a6c7849b
24.0,24.0,7102,test,4194.094699144479,1.0,1.0,"(1, 2)",650a2466738bb786a6c7849b
24.0,24.0,7103,test,4194.094699144479,1.0,1.0,"(1, 2)",650a2466738bb786a6c7849b
24.0,24.0,7104,test,4194.094699144479,1.0,1.0,"(1, 2)",650a2466738bb786a6c7849b
24.0,24.0,7105,test,4194.094699144479,1.0,1.0,"(1, 2)",650a2466738bb786a6c7849b
24.0,24.0,7106,test,4194.094699144479,1.0,1.0,"(1, 2)",650a2466738bb786a6c7849b
24.0,24.0,7107,test,4194.094699144479,1.0,1.0,"(1, 2)",650a2466738bb786a6c7849b
24.0,24.0,7108,test,4194.094699144479,1.0,1.0,"(1, 2)",650a2466738bb786a6c7849b
24.0,24.0,7109,test,4194.094699144479,1.0,1.0,"(1, 2)",650a2466738bb786a6c7849b
24.0,24.0,7110,test,4194.094699144479,1.0,1.0,"(1, 2)",650a2466738bb786a6c7849b
24.0,24.0,7111,test,4194.094699144479,1.0,1.0,"(1, 2)",650a2466738bb786a6c7849b
24.0,24.0,7112,test,4194.094699144479,1.0,1.0,"(1, 2)",650a2466738bb786a6c7849b
24.0,24.0,7113,test,4194.094699144479,1.0,1.0,"(1, 2)",650a2466738bb786a6c7849b
24.0,24.0,7114,test,4194.094699144479,1.0,1.0,"(1, 2)",650a2466738bb786a6c7849b
24.0,24.0,7115,test,4194.094699144479,1.0,1.0,"(1, 2)",650a2466738bb786a6c7849b
24.0,24.0,7116,test,4194.094699144479,1.0,1.0,"(1, 2)",650a2466738bb786a6c7849b
24.0,24.0,7117,test,4194.094699144479,1.0,1.0,"(1, 2)",650a2466738bb786a6c7849b
24.0,24.0,7118,test,4194.094699144479,1.0,1.0,"(1, 2)",650a2466738bb786a6c7849b
24.0,24.0,7119,test,4194.094699144479,1.0,1.0,"(1, 2)",650a2466738bb786a6c7849b
24.0,24.0,7120,test,4194.094699144479,1.0,1.0,"(1, 2)",650a2466738bb786a6c7849b
24.0,24.0,7121,test,4194.094699144479,1.0,1.0,"(1, 2)",650a2466738bb786a6c7849b
24.0,24.0,7122,test,4194.094699144479,1.0,1.0,"(1, 2)",650a2466738bb786a6c7849b
24.0,24.0,7123,test,4194.094699144479,1.0,1.0,"(1, 2)",650a2466738bb786a6c7849b
24.0,24.0,7124,test,4194.094699144479,1.0,1.0,"(1, 2)",650a2466738bb786a6c7849b
24.0,24.0,7125,test,4194.094699144479,1.0,1.0,"(1, 2)",650a2466738bb786a6c7849b
24.0,24.0,7126,test,4194.094699144479,1.0,1.0,"(1, 2)",650a2466738bb786a6c7849b
24.0,24.0,7127,test,4194.094699144479,1.0,1.0,"(1, 2)",650a2466738bb786a6c7849b
24.0,24.0,7128,test,4194.094699144479,1.0,1.0,"(1, 2)",650a2466738bb786a6c7849b
24.0,24.0,7129,test,4194.094699144479,1.0,1.0,"(1, 2)",650a2466738bb786a6c7849b
24.0,24.0,7130,test,4194.094699144479,1.0,1.0,"(1, 2)",650a2466738bb786a6c7849b
24.0,24.0,7131,test,4194.094699144479,1.0,1.0,"(1, 2)",650a2466738bb786a6c7849b
24.0,24.0,7132,test,4194.094699144479,1.0,1.0,"(1, 2)",650a2466738bb786a6c7849b
24.0,24.0,7133,test,4194.094699144479,1.0,1.0,"(1, 2)",650a2466738bb786a6c7849b
24.0,24.0,7134,test,4194.094699144479,1.0,1.0,"(1, 2)",650a2466738bb786a6c7849b
24.0,24.0,7135,test,4194.094699144479,1.0,1.0,"(1, 2)",650a2466738bb786a6c7849b
24.0,24.0,7136,test,4194.094699144479,1.0,1.0,"(1, 2)",650a2466738bb786a6c7849b
24.0,24.0,7137,test,4194.094699144479,1.0,1.0,"(1, 2)",650a2466738bb786a6c7849b
24.0,24.0,7138,test,4194.094699144479,1.0,1.0,"(1, 2)",650a2466738bb786a6c7849b
24.0,24.0,7139,test,4194.094699144479,1.0,1.0,"(1, 2)",650a2466738bb786a6c7849b
24.0,24.0,7140,test,4194.094699144479,1.0,1.0,"(1, 2)",650a2466738bb786a6c7849b
24.0,24.0,7141,test,4194.094699144479,1.0,1.0,"(1, 2)",650a2466738bb786a6c7849b
24.0,24.0,7142,test,4194.094699144479,1.0,1.0,"(1, 2)",650a2466738bb786a6c7849b
24.0,24.0,7143,test,4194.094699144479,1.0,1.0,"(1, 2)",650a2466738bb786a6c7849b
24.0,24.0,7144,test,4194.094699144479,1.0,1.0,"(1, 2)",650a2466738bb786a6c7849b
24.0,24.0,7145,test,4194.094699144479,1.0,1.0,"(1, 2)",650a2466738bb786a6c7849b
24.0,24.0,7146,test,4194.094699144479,1.0,1.0,"(1, 2)",650a2466738bb786a6c7849b
24.0,24.0,7147,test,4194.094699144479,1.0,1.0,"(1, 2)",650a2466738bb786a6c7849b
24.0,24.0,7148,test,4194.094699144479,1.0,1.0,"(1, 2)",650a2466738bb786a6c7849b
24.0,24.0,7149,test,4194.094699144479,1.0,1.0,"(1, 2)",650a2466738bb786a6c7849b
24.0,24.0,7150,test,4194.094699144479,1.0,1.0,"(1, 2)",650a2466738bb786a6c7849b
24.0,24.0,7151,test,4194.094699144479,1.0,1.0,"(1, 2)",650a2466738bb786a6c7849b
24.0,24.0,7152,test,4194.094699144479,1.0,1.0,"(1, 2)",650a2466738bb786a6c7849b
24.0,24.0,7153,test,4194.094699144479,1.0,1.0,"(1, 2)",650a2466738bb786a6c7849b
24.0,24.0,7154,test,4194.094699144479,1.0,1.0,"(1, 2)",650a2466738bb786a6c7849b
24.0,24.0,7155,test,4194.094699144479,1.0,1.0,"(1, 2)",650a2466738bb786a6c7849b
24.0,24.0,7156,test,4194.094699144479,1.0,1.0,"(1, 2)",650a2466738bb786a6c7849b
24.0,24.0,7157,test,4194.094699144479,1.0,1.0,"(1, 2)",650a2466738bb786a6c7849b
24.0,24.0,7158,test,4194.094699144479,1.0,1.0,"(1, 2)",650a2466738bb786a6c7849b
24.0,24.0,7159,test,4194.094699144479,1.0,1.0,"(1, 2)",650a2466738bb786a6c7849b
24.0,24.0,7160,test,4194.094699144479,1.0,1.0,"(1, 2)",650a2466738bb786a6c7849b
24.0,24.0,7161,test,4194.094699144479,1.0,1.0,"(1, 2)",650a2466738bb786a6c7849b
24.0,24.0,7162,test,4194.094699144479,1.0,1.0,"(1, 2)",650a2466738bb786a6c7849b
24.0,24.0,7163,test,4194.094699144479,1.0,1.0,"(1, 2)",650a2466738bb786a6c7849b
24.0,24.0,7164,test,4194.094699144479,1.0,1.0,"(1, 2)",650a2466738bb786a6c7849b
24.0,24.0,7165,test,4194.094699144479,1.0,1.0,"(1, 2)",650a2466738bb786a6c7849b
24.0,24.0,7166,test,4194.094699144479,1.0,1.0,"(1, 2)",650a2466738bb786a6c7849b
24.0,24.0,7167,test,4194.094699144479,1.0,1.0,"(1, 2)",650a2466738bb786a6c7849b
24.0,24.0,7168,test,4194.094699144479,1.0,1.0,"(1, 2)",650a2466738bb786a6c7849b
24.0,24.0,7169,test,4194.094699144479,1.0,1.0,"(1, 2)",650a2466738bb786a6c7849b
24.0,24.0,7170,test,4194.094699144479,1.0,1.0,"(1, 2)",650a2466738bb786a6c7849b
24.0,24.0,7171,test,4194.094699144479,1.0,1.0,"(1, 2)",650a2466738bb786a6c7849b
24.0,24.0,7172,test,4194.094699144479,1.0,1.0,"(1, 2)",650a2466738bb786a6c7849b
24.0,24.0,7173,test,4194.094699144479,1.0,1.0,"(1, 2)",650a2466738bb786a6c7849b
24.0,24.0,7174,test,4194.094699144479,1.0,1.0,"(1, 2)",650a2466738bb786a6c7849b
24.0,24.0,7175,test,4194.094699144479,1.0,1.0,"(1, 2)",650a2466738bb786a6c7849b
24.0,24.0,7176,test,4194.094699144479,1.0,1.0,"(1, 2)",650a2466738bb786a6c7849b
24.0,24.0,7177,test,4194.094699144479,1.0,1.0,"(1, 2)",650a2466738bb786a6c7849b
24.0,24.0,7178,test,4194.094699144479,1.0,1.0,"(1, 2)",650a2466738bb786a6c7849b
25.24999999999993,24.0,7179,test,4195.344699144479,1.0,1.0,"(1, 2)",650a2466738bb786a6c7849b
26.499999999999858,24.0,7180,test,4196.594699144479,1.0,1.0,"(1, 2)",650a2466738bb786a6c7849b
27.749999999999787,24.0,7181,test,4197.844699144479,1.0,1.0,"(1, 2)",650a2466738bb786a6c7849b
28.999999999999716,24.0,7182,test,4199.094699144479,1.0,1.0,"(1, 2)",650a2466738bb786a6c7849b
30.249999999999645,24.0,7183,test,4200.344699144479,1.0,1.0,"(1, 2)",650a2466738bb786a6c7849b
31.499999999999574,24.0,7184,test,4201.594699144479,1.0,1.0,"(1, 2)",650a2466738bb786a6c7849b
32.749999999999716,24.0,7185,test,4202.844699144479,1.0,1.0,"(1, 2)",650a2466738bb786a6c7849b
34.0,24.0,7186,test,4204.094699144479,1.0,1.0,"(1, 2)",650a2466738bb786a6c7849b
35.250000000000284,24.0,7187,test,4205.344699144479,1.0,1.0,"(1, 2)",650a2466738bb786a6c7849b
36.50000000000057,24.0,7188,test,4206.594699144479,1.0,1.0,"(1, 2)",650a2466738bb786a6c7849b
37.75000000000085,24.0,7189,test,4207.844699144479,1.0,1.0,"(1, 2)",650a2466738bb786a6c7849b
39.00000000000114,24.0,7190,test,4209.094699144479,1.0,1.0,"(1, 2)",650a2466738bb786a6c7849b
40.25000000000142,24.0,7191,test,4210.344699144479,1.0,1.0,"(1, 2)",650a2466738bb786a6c7849b
41.500000000001705,24.0,7192,test,4211.594699144479,1.0,1.0,"(1, 2)",650a2466738bb786a6c7849b
42.75000000000199,24.0,7193,test,4212.844699144479,1.0,1.0,"(1, 2)",650a2466738bb786a6c7849b
44.000000000002274,24.0,7194,test,4214.094699144479,1.0,1.0,"(1, 2)",650a2466738bb786a6c7849b
45.25000000000256,24.0,7195,test,4215.344699144479,1.0,1.0,"(1, 2)",650a2466738bb786a6c7849b
46.50000000000284,24.0,7196,test,4216.594699144479,1.0,1.0,"(1, 2)",650a2466738bb786a6c7849b
47.750000000003126,24.0,7197,test,4217.844699144479,1.0,1.0,"(1, 2)",650a2466738bb786a6c7849b
49.00000000000341,24.0,7198,test,4219.094699144479,1.0,1.0,"(1, 2)",650a2466738bb786a6c7849b
50.250000000003695,24.0,7199,test,4220.344699144479,1.0,1.0,"(1, 2)",650a2466738bb786a6c7849b
51.50000000000398,24.0,7200,test,4221.594699144479,1.0,1.0,"(1, 2)",650a2466738bb786a6c7849b
52.75000000000426,24.0,7201,test,4222.844699144479,1.0,1.0,"(1, 2)",650a2466738bb786a6c7849b
54.00000000000455,24.0,7202,test,4224.094699144479,1.0,1.0,"(1, 2)",650a2466738bb786a6c7849b
55.25000000000483,24.0,7203,test,4225.344699144479,1.0,1.0,"(1, 2)",650a2466738bb786a6c7849b
56.500000000005116,24.0,7204,test,4226.594699144479,1.0,1.0,"(1, 2)",650a2466738bb786a6c7849b
57.7500000000054,24.0,7205,test,4227.844699144479,1.0,1.0,"(1, 2)",650a2466738bb786a6c7849b
59.000000000005684,24.0,7206,test,4229.094699144479,1.0,1.0,"(1, 2)",650a2466738bb786a6c7849b
60.25000000000597,24.0,7207,test,4230.344699144479,1.0,1.0,"(1, 2)",650a2466738bb786a6c7849b
61.50000000000625,24.0,7208,test,4231.594699144479,1.0,1.0,"(1, 2)",650a2466738bb786a6c7849b
62.75000000000654,24.0,7209,test,4232.844699144479,1.0,1.0,"(1, 2)",650a2466738bb786a6c7849b
64.00000000000682,24.0,7210,test,4234.094699144479,1.0,1.0,"(1, 2)",650a2466738bb786a6c7849b
65.2500000000071,24.0,7211,test,4235.344699144479,1.0,1.0,"(1, 2)",650a2466738bb786a6c7849b
66.50000000000739,24.0,7212,test,4236.594699144479,1.0,1.0,"(1, 2)",650a2466738bb786a6c7849b
67.75000000000767,24.0,7213,test,4237.844699144479,1.0,1.0,"(1, 2)",650a2466738bb786a6c7849b
69.00000000000796,24.0,7214,test,4239.094699144479,1.0,1.0,"(1, 2)",650a2466738bb786a6c7849b
70.25000000000824,24.0,7215,test,4240.344699144479,1.0,1.0,"(1, 2)",650a2466738bb786a6c7849b
71.50000000000853,24.0,7216,test,4241.594699144479,1.0,1.0,"(1, 2)",650a2466738bb786a6c7849b
72.75000000000881,24.0,7217,test,4242.844699144479,1.0,1.0,"(1, 2)",650a2466738bb786a6c7849b
74.0000000000091,24.0,7218,test,4244.094699144479,1.0,1.0,"(1, 2)",650a2466738bb786a6c7849b
75.25000000000938,24.0,7219,test,4245.344699144479,1.0,1.0,"(1, 2)",650a2466738bb786a6c7849b
76.50000000000966,24.0,7220,test,4246.594699144479,1.0,1.0,"(1, 2)",650a2466738bb786a6c7849b
77.75000000000995,24.0,7221,test,4247.844699144479,1.0,1.0,"(1, 2)",650a2466738bb786a6c7849b
79.00000000001023,24.0,7222,test,4249.094699144479,1.0,1.0,"(1, 2)",650a2466738bb786a6c7849b
80.25000000001052,24.0,7223,test,4250.344699144479,1.0,1.0,"(1, 2)",650a2466738bb786a6c7849b
81.5000000000108,24.0,7224,test,4251.594699144479,1.0,1.0,"(1, 2)",650a2466738bb786a6c7849b
82.75000000001108,24.0,7225,test,4252.844699144479,1.0,1.0,"(1, 2)",650a2466738bb786a6c7849b
84.00000000001137,24.0,7226,test,4254.094699144479,1.0,1.0,"(1, 2)",650a2466738bb786a6c7849b
85.25000000001165,24.0,7227,test,4255.344699144479,1.0,1.0,"(1, 2)",650a2466738bb786a6c7849b
86.50000000001194,24.0,7228,test,4256.594699144479,1.0,1.0,"(1, 2)",650a2466738bb786a6c7849b
87.75000000001222,24.0,7229,test,4257.844699144479,1.0,1.0,"(1, 2)",650a2466738bb786a6c7849b
88.0,24.0,7230,test,4258.094699144467,1.0,1.0,"(1, 2)",650a2466738bb786a6c7849b
88.0,24.0,7231,test,4258.094699144467,1.0,1.0,"(1, 2)",650a2466738bb786a6c7849b
88.0,24.0,7232,test,4258.094699144467,1.0,1.0,"(1, 2)",650a2466738bb786a6c7849b
88.0,24.0,7233,test,4258.094699144467,1.0,1.0,"(1, 2)",650a2466738bb786a6c7849b
88.0,24.0,7234,test,4258.094699144467,1.0,1.0,"(1, 2)",650a2466738bb786a6c7849b
88.0,24.0,7235,test,4258.094699144467,1.0,1.0,"(1, 2)",650a2466738bb786a6c7849b
88.0,24.0,7236,test,4258.094699144467,1.0,1.0,"(1, 2)",650a2466738bb786a6c7849b
88.0,24.0,7237,test,4258.094699144467,1.0,1.0,"(1, 2)",650a2466738bb786a6c7849b
88.0,24.0,7238,test,4258.094699144467,1.0,1.0,"(1, 2)",650a2466738bb786a6c7849b
88.0,24.0,7239,test,4258.094699144467,1.0,1.0,"(1, 2)",650a2466738bb786a6c7849b
88.0,24.0,7240,test,4258.094699144467,1.0,1.0,"(1, 2)",650a2466738bb786a6c7849b
88.0,24.0,7241,test,4258.094699144467,1.0,1.0,"(1, 2)",650a2466738bb786a6c7849b
88.0,24.0,7242,test,4258.094699144467,1.0,1.0,"(1, 2)",650a2466738bb786a6c7849b
88.0,24.0,7243,test,4258.094699144467,1.0,1.0,"(1, 2)",650a2466738bb786a6c7849b
88.0,24.0,7244,test,4258.094699144467,1.0,1.0,"(1, 2)",650a2466738bb786a6c7849b
88.0,24.0,7245,test,4258.094699144467,1.0,1.0,"(1, 2)",650a2466738bb786a6c7849b
88.0,24.0,7246,test,4258.094699144467,1.0,1.0,"(1, 2)",650a2466738bb786a6c7849b
88.0,24.0,7247,test,4258.094699144467,1.0,1.0,"(1, 2)",650a2466738bb786a6c7849b
88.0,24.0,7248,test,4258.094699144467,1.0,1.0,"(1, 2)",650a2466738bb786a6c7849b
86.74999999999972,24.0,7249,test,4259.344699144467,1.0,1.0,"(1, 2)",650a2466738bb786a6c7849b
85.49999999999943,24.0,7250,test,4260.594699144467,1.0,1.0,"(1, 2)",650a2466738bb786a6c7849b
84.24999999999915,24.0,7251,test,4261.844699144467,1.0,1.0,"(1, 2)",650a2466738bb786a6c7849b
82.99999999999886,24.0,7252,test,4263.094699144467,1.0,1.0,"(1, 2)",650a2466738bb786a6c7849b
81.74999999999858,24.0,7253,test,4264.344699144467,1.0,1.0,"(1, 2)",650a2466738bb786a6c7849b
80.4999999999983,24.0,7254,test,4265.594699144467,1.0,1.0,"(1, 2)",650a2466738bb786a6c7849b
79.24999999999801,24.0,7255,test,4266.844699144467,1.0,1.0,"(1, 2)",650a2466738bb786a6c7849b
77.99999999999773,24.0,7256,test,4268.094699144467,1.0,1.0,"(1, 2)",650a2466738bb786a6c7849b
76.74999999999744,24.0,7257,test,4269.344699144467,1.0,1.0,"(1, 2)",650a2466738bb786a6c7849b
75.49999999999716,24.0,7258,test,4270.594699144467,1.0,1.0,"(1, 2)",650a2466738bb786a6c7849b
74.24999999999687,24.0,7259,test,4271.844699144467,1.0,1.0,"(1, 2)",650a2466738bb786a6c7849b
72.99999999999659,24.0,7260,test,4273.094699144467,1.0,1.0,"(1, 2)",650a2466738bb786a6c7849b
71.7499999999963,24.0,7261,test,4274.344699144467,1.0,1.0,"(1, 2)",650a2466738bb786a6c7849b
70.49999999999602,24.0,7262,test,4275.594699144467,1.0,1.0,"(1, 2)",650a2466738bb786a6c7849b
69.24999999999574,24.0,7263,test,4276.844699144467,1.0,1.0,"(1, 2)",650a2466738bb786a6c7849b
67.99999999999545,24.0,7264,test,4278.094699144467,1.0,1.0,"(1, 2)",650a2466738bb786a6c7849b
66.74999999999517,24.0,7265,test,4279.344699144467,1.0,1.0,"(1, 2)",650a2466738bb786a6c7849b
65.49999999999488,24.0,7266,test,4280.594699144467,1.0,1.0,"(1, 2)",650a2466738bb786a6c7849b
64.2499999999946,24.0,7267,test,4281.844699144467,1.0,1.0,"(1, 2)",650a2466738bb786a6c7849b
62.999999999994316,24.0,7268,test,4283.094699144467,1.0,1.0,"(1, 2)",650a2466738bb786a6c7849b
61.74999999999403,24.0,7269,test,4284.344699144467,1.0,1.0,"(1, 2)",650a2466738bb786a6c7849b
60.49999999999375,24.0,7270,test,4285.594699144467,1.0,1.0,"(1, 2)",650a2466738bb786a6c7849b
59.24999999999346,24.0,7271,test,4286.844699144467,1.0,1.0,"(1, 2)",650a2466738bb786a6c7849b
57.99999999999318,24.0,7272,test,4288.094699144467,1.0,1.0,"(1, 2)",650a2466738bb786a6c7849b
56.749999999992895,24.0,7273,test,4289.344699144467,1.0,1.0,"(1, 2)",650a2466738bb786a6c7849b
55.49999999999261,24.0,7274,test,4290.594699144467,1.0,1.0,"(1, 2)",650a2466738bb786a6c7849b
54.249999999992326,24.0,7275,test,4291.844699144467,1.0,1.0,"(1, 2)",650a2466738bb786a6c7849b
52.99999999999204,24.0,7276,test,4293.094699144467,1.0,1.0,"(1, 2)",650a2466738bb786a6c7849b
51.74999999999176,24.0,7277,test,4294.344699144467,1.0,1.0,"(1, 2)",650a2466738bb786a6c7849b
50.49999999999147,24.0,7278,test,4295.594699144467,1.0,1.0,"(1, 2)",650a2466738bb786a6c7849b
49.24999999999119,24.0,7279,test,4296.844699144467,1.0,1.0,"(1, 2)",650a2466738bb786a6c7849b
47.999999999990905,24.0,7280,test,4298.094699144467,1.0,1.0,"(1, 2)",650a2466738bb786a6c7849b
46.74999999999062,24.0,7281,test,4299.344699144467,1.0,1.0,"(1, 2)",650a2466738bb786a6c7849b
45.49999999999034,24.0,7282,test,4300.594699144467,1.0,1.0,"(1, 2)",650a2466738bb786a6c7849b
44.24999999999005,24.0,7283,test,4301.844699144467,1.0,1.0,"(1, 2)",650a2466738bb786a6c7849b
42.99999999998977,24.0,7284,test,4303.094699144467,1.0,1.0,"(1, 2)",650a2466738bb786a6c7849b
41.749999999989484,24.0,7285,test,4304.344699144467,1.0,1.0,"(1, 2)",650a2466738bb786a6c7849b
40.4999999999892,24.0,7286,test,4305.594699144467,1.0,1.0,"(1, 2)",650a2466738bb786a6c7849b
39.52408922643008,24.66756619610841,7287,test,4306.777089293333,1.0,1.0,"(1, 2)",650a2466738bb786a6c7849b
38.634732945431324,25.545942769935266,7288,test,4308.027089293333,1.0,1.0,"(1, 2)",650a2466738bb786a6c7849b
37.74537666443257,26.42431934376212,7289,test,4309.277089293333,1.0,1.0,"(1, 2)",650a2466738bb786a6c7849b
36.856020383433815,27.302695917588977,7290,test,4310.527089293333,1.0,1.0,"(1, 2)",650a2466738bb786a6c7849b
35.96666410243506,28.181072491415833,7291,test,4311.777089293333,1.0,1.0,"(1, 2)",650a2466738bb786a6c7849b
35.07730782143631,29.05944906524269,7292,test,4313.027089293333,1.0,1.0,"(1, 2)",650a2466738bb786a6c7849b
34.18795154043755,29.937825639069217,7293,test,4314.277089293333,1.0,1.0,"(1, 2)",650a2466738bb786a6c7849b
33.2985952594388,30.816202212895718,7294,test,4315.527089293333,1.0,1.0,"(1, 2)",650a2466738bb786a6c7849b
32.409238978440044,31.694578786722218,7295,test,4316.777089293333,1.0,1.0,"(1, 2)",650a2466738bb786a6c7849b
31.519882697441098,32.57295536054872,7296,test,4318.027089293333,1.0,1.0,"(1, 2)",650a2466738bb786a6c7849b
30.630526416441988,33.45133193437522,7297,test,4319.277089293333,1.0,1.0,"(1, 2)",650a2466738bb786a6c7849b
29.74117013544288,34.32970850820172,7298,test,4320.527089293333,1.0,1.0,"(1, 2)",650a2466738bb786a6c7849b
28.85181385444377,35.20808508202822,7299,test,4321.777089293333,1.0,1.0,"(1, 2)",650a2466738bb786a6c7849b
27.96245757344466,36.08646165585472,7300,test,4323.027089293333,1.0,1.0,"(1, 2)",650a2466738bb786a6c7849b
27.07310129244555,36.96483822968122,7301,test,4324.277089293333,1.0,1.0,"(1, 2)",650a2466738bb786a6c7849b
26.183745011446586,37.84321480350772,7302,test,4325.527089293333,1.0,1.0,"(1, 2)",650a2466738bb786a6c7849b
25.29438873044783,38.72159137733434,7303,test,4326.777089293333,1.0,1.0,"(1, 2)",650a2466738bb786a6c7849b
24.405032449449077,39.59996795116105,7304,test,4328.027089293333,1.0,1.0,"(1, 2)",650a2466738bb786a6c7849b
24.0,40.0,7305,test,4328.596366840058,1.0,1.0,"(1, 2)",650a2466738bb786a6c7849b
24.0,40.0,7306,test,4328.596366840058,1.0,1.0,"(1, 2)",650a2466738bb786a6c7849b
24.0,40.0,7307,test,4328.596366840058,1.0,1.0,"(1, 2)",650a2466738bb786a6c7849b
24.0,40.0,7308,test,4328.596366840058,1.0,1.0,"(1, 2)",650a2466738bb786a6c7849b
24.0,40.0,7309,test,4328.596366840058,1.0,1.0,"(1, 2)",650a2466738bb786a6c7849b
24.0,40.0,7310,test,4328.596366840058,1.0,1.0,"(1, 2)",650a2466738bb786a6c7849b
24.0,40.0,7311,test,4328.596366840058,1.0,1.0,"(1, 2)",650a2466738bb786a6c7849b
24.0,40.0,7312,test,4328.596366840058,1.0,1.0,"(1, 2)",650a2466738bb786a6c7849b
24.0,40.0,7313,test,4328.596366840058,1.0,1.0,"(1, 2)",650a2466738bb786a6c7849b
24.0,40.0,7314,test,4328.596366840058,1.0,1.0,"(1, 2)",650a2466738bb786a6c7849b
24.0,40.0,7315,test,4328.596366840058,1.0,1.0,"(1, 2)",650a2466738bb786a6c7849b
24.0,40.0,7316,test,4328.596366840058,1.0,1.0,"(1, 2)",650a2466738bb786a6c7849b
24.0,40.0,7317,test,4328.596366840058,1.0,1.0,"(1, 2)",650a2466738bb786a6c7849b
24.0,40.0,7318,test,4328.596366840058,1.0,1.0,"(1, 2)",650a2466738bb786a6c7849b
24.0,40.0,7319,test,4328.596366840058,1.0,1.0,"(1, 2)",650a2466738bb786a6c7849b
24.0,40.0,7320,test,4328.596366840058,1.0,1.0,"(1, 2)",650a2466738bb786a6c7849b
