tick,item,action,target,target_type,target_position,action_long,player_id,map_name,game_id,phase,distance_walked,distance_walked_since_last_action,overall_score,player_score_change,player_score,walking_speed,cutting_speed,start_pos,prolific_id,condition,source,last_touched,touched_list,tomato_history,plate_history,is_exchange_collaboration
179,tomato,pick up,Dispenser_60,Dispenser,60,pick up tomato from dispenser,player_613c2208,encouraged_division_of_labor_large,8a565e88d1194811,train,22.627416997969515,0.0,0.0,0.0,0.0,1.0,0.2,"(5, 2)",6418bbe97ce6b1644060b8c6,"[p(1, 2)_cs(1.0)_ws(0.4)]_[p(5, 2)_cs(0.2)_ws(1.0)]_ability_hints_large_map_with_collision",player_613c2208_actions,,[],,,
414,tomato,put down,Counter_27,Counter,27,put down tomato on counter,player_613c2208,encouraged_division_of_labor_large,8a565e88d1194811,train,170.1603624334356,147.5329454354661,0.0,0.0,0.0,1.0,0.2,"(5, 2)",6418bbe97ce6b1644060b8c6,"[p(1, 2)_cs(1.0)_ws(0.4)]_[p(5, 2)_cs(0.2)_ws(1.0)]_ability_hints_large_map_with_collision",player_613c2208_actions,player_613c2208,['player_613c2208'],,,
560,tomato,pick up,Counter_27,Counter,27,pick up tomato from counter,player_d98dd280,encouraged_division_of_labor_large,8a565e88d1194811,train,234.9804149414204,0.0,0.0,0.0,0.0,0.4,1.0,"(1, 2)",5e1ba7e1085a1c3dd2db39fc,"[p(1, 2)_cs(1.0)_ws(0.4)]_[p(5, 2)_cs(0.2)_ws(1.0)]_ability_hints_large_map_with_collision",player_d98dd280_actions,player_613c2208,['player_613c2208'],,,True
582,tomato,pick up,Dispenser_50,Dispenser,50,pick up tomato from dispenser,player_613c2208,encouraged_division_of_labor_large,8a565e88d1194811,train,346.66112256511985,176.50076013168425,0.0,0.0,0.0,1.0,0.2,"(5, 2)",6418bbe97ce6b1644060b8c6,"[p(1, 2)_cs(1.0)_ws(0.4)]_[p(5, 2)_cs(0.2)_ws(1.0)]_ability_hints_large_map_with_collision",player_613c2208_actions,,[],,,
694,tomato,put down,Counter_26,Counter,26,put down tomato on counter,player_613c2208,encouraged_division_of_labor_large,8a565e88d1194811,train,439.82818827121105,93.1670657060912,0.0,0.0,0.0,1.0,0.2,"(5, 2)",6418bbe97ce6b1644060b8c6,"[p(1, 2)_cs(1.0)_ws(0.4)]_[p(5, 2)_cs(0.2)_ws(1.0)]_ability_hints_large_map_with_collision",player_613c2208_actions,player_613c2208,['player_613c2208'],,,
751,tomato,start cutting,CuttingBoard_02,CuttingBoard,2,start cutting tomato,player_d98dd280,encouraged_division_of_labor_large,8a565e88d1194811,train,314.9804149414191,79.99999999999869,0.0,0.0,0.0,0.4,1.0,"(1, 2)",5e1ba7e1085a1c3dd2db39fc,"[p(1, 2)_cs(1.0)_ws(0.4)]_[p(5, 2)_cs(0.2)_ws(1.0)]_ability_hints_large_map_with_collision",player_d98dd280_actions,player_d98dd280,"['player_613c2208', 'player_d98dd280']",,,
803,tomato,pick up,Dispenser_50,Dispenser,50,pick up tomato from dispenser,player_613c2208,encouraged_division_of_labor_large,8a565e88d1194811,train,532.9572635367919,93.1290752655808,0.0,0.0,0.0,1.0,0.2,"(5, 2)",6418bbe97ce6b1644060b8c6,"[p(1, 2)_cs(1.0)_ws(0.4)]_[p(5, 2)_cs(0.2)_ws(1.0)]_ability_hints_large_map_with_collision",player_613c2208_actions,,[],,,
895,tomato,put down,Counter_25,Counter,25,put down tomato on counter,player_613c2208,encouraged_division_of_labor_large,8a565e88d1194811,train,610.124329248444,77.16706571165219,0.0,0.0,0.0,1.0,0.2,"(5, 2)",6418bbe97ce6b1644060b8c6,"[p(1, 2)_cs(1.0)_ws(0.4)]_[p(5, 2)_cs(0.2)_ws(1.0)]_ability_hints_large_map_with_collision",player_613c2208_actions,player_613c2208,['player_613c2208'],,,
1014,tomato,pick up,Counter_26,Counter,26,pick up tomato from counter,player_d98dd280,encouraged_division_of_labor_large,8a565e88d1194811,train,416.9804149414337,102.00000000001457,0.0,0.0,0.0,0.4,1.0,"(1, 2)",5e1ba7e1085a1c3dd2db39fc,"[p(1, 2)_cs(1.0)_ws(0.4)]_[p(5, 2)_cs(0.2)_ws(1.0)]_ability_hints_large_map_with_collision",player_d98dd280_actions,player_613c2208,['player_613c2208'],,,True
1036,plate,pick up,Dispenser_80,Dispenser,80,pick up plate from dispenser,player_613c2208,encouraged_division_of_labor_large,8a565e88d1194811,train,734.5763993210037,124.45207007255964,0.0,0.0,0.0,1.0,0.2,"(5, 2)",6418bbe97ce6b1644060b8c6,"[p(1, 2)_cs(1.0)_ws(0.4)]_[p(5, 2)_cs(0.2)_ws(1.0)]_ability_hints_large_map_with_collision",player_613c2208_actions,,[],,,
1139,plate,put down,Counter_22,Counter,22,put down plate on counter,player_613c2208,encouraged_division_of_labor_large,8a565e88d1194811,train,821.13175057224,86.55535125123629,0.0,0.0,0.0,1.0,0.2,"(5, 2)",6418bbe97ce6b1644060b8c6,"[p(1, 2)_cs(1.0)_ws(0.4)]_[p(5, 2)_cs(0.2)_ws(1.0)]_ability_hints_large_map_with_collision",player_613c2208_actions,player_613c2208,['player_613c2208'],,,
1205,tomato,start cutting,CuttingBoard_01,CuttingBoard,1,start cutting tomato,player_d98dd280,encouraged_division_of_labor_large,8a565e88d1194811,train,496.9804149414316,79.99999999999795,0.0,0.0,0.0,0.4,1.0,"(1, 2)",5e1ba7e1085a1c3dd2db39fc,"[p(1, 2)_cs(1.0)_ws(0.4)]_[p(5, 2)_cs(0.2)_ws(1.0)]_ability_hints_large_map_with_collision",player_d98dd280_actions,player_d98dd280,"['player_613c2208', 'player_d98dd280']",,,
1233,plate,pick up,Dispenser_91,Dispenser,91,pick up plate from dispenser,player_613c2208,encouraged_division_of_labor_large,8a565e88d1194811,train,907.6871018234784,86.55535125123845,0.0,0.0,0.0,1.0,0.2,"(5, 2)",6418bbe97ce6b1644060b8c6,"[p(1, 2)_cs(1.0)_ws(0.4)]_[p(5, 2)_cs(0.2)_ws(1.0)]_ability_hints_large_map_with_collision",player_613c2208_actions,,[],,,
1299,plate,pick up,Counter_22,Counter,22,pick up plate from counter,player_d98dd280,encouraged_division_of_labor_large,8a565e88d1194811,train,512.9804149414309,15.999999999999318,0.0,0.0,0.0,0.4,1.0,"(1, 2)",5e1ba7e1085a1c3dd2db39fc,"[p(1, 2)_cs(1.0)_ws(0.4)]_[p(5, 2)_cs(0.2)_ws(1.0)]_ability_hints_large_map_with_collision",player_d98dd280_actions,player_613c2208,['player_613c2208'],,,True
1337,plate,put down,Counter_23,Counter,23,put down plate on counter,player_613c2208,encouraged_division_of_labor_large,8a565e88d1194811,train,1000.5167584189865,92.82965659550804,0.0,0.0,0.0,1.0,0.2,"(5, 2)",6418bbe97ce6b1644060b8c6,"[p(1, 2)_cs(1.0)_ws(0.4)]_[p(5, 2)_cs(0.2)_ws(1.0)]_ability_hints_large_map_with_collision",player_613c2208_actions,player_613c2208,['player_613c2208'],,,
1350,plate,put down,CuttingBoard_02,CuttingBoard,2,put down plate on cuttingboard,player_d98dd280,encouraged_division_of_labor_large,8a565e88d1194811,train,512.9804149414309,0.0,0.0,0.0,0.0,0.4,1.0,"(1, 2)",5e1ba7e1085a1c3dd2db39fc,"[p(1, 2)_cs(1.0)_ws(0.4)]_[p(5, 2)_cs(0.2)_ws(1.0)]_ability_hints_large_map_with_collision",player_d98dd280_actions,player_d98dd280,"['player_613c2208', 'player_d98dd280']",,,
1350,tomato_cut,pick up,CuttingBoard_02,CuttingBoard,2,pick up tomato_cut from cuttingboard,player_d98dd280,encouraged_division_of_labor_large,8a565e88d1194811,train,512.9804149414309,0.0,0.0,0.0,0.0,0.4,1.0,"(1, 2)",5e1ba7e1085a1c3dd2db39fc,"[p(1, 2)_cs(1.0)_ws(0.4)]_[p(5, 2)_cs(0.2)_ws(1.0)]_ability_hints_large_map_with_collision",player_d98dd280_actions,player_d98dd280,"['player_613c2208', 'player_d98dd280']",,,False
1388,tomato_cut,put down,Counter_22,Counter,22,put down tomato_cut on counter,player_d98dd280,encouraged_division_of_labor_large,8a565e88d1194811,train,512.9804149414309,0.0,0.0,0.0,0.0,0.4,1.0,"(1, 2)",5e1ba7e1085a1c3dd2db39fc,"[p(1, 2)_cs(1.0)_ws(0.4)]_[p(5, 2)_cs(0.2)_ws(1.0)]_ability_hints_large_map_with_collision",player_d98dd280_actions,player_d98dd280,"['player_613c2208', 'player_d98dd280', 'player_d98dd280']",,,
1464,plate,pick up,Dispenser_80,Dispenser,80,pick up plate from dispenser,player_613c2208,encouraged_division_of_labor_large,8a565e88d1194811,train,1093.5210344766974,93.00427605771095,0.0,0.0,0.0,1.0,0.2,"(5, 2)",6418bbe97ce6b1644060b8c6,"[p(1, 2)_cs(1.0)_ws(0.4)]_[p(5, 2)_cs(0.2)_ws(1.0)]_ability_hints_large_map_with_collision",player_613c2208_actions,,[],,,
1552,plate,pick up,Counter_23,Counter,23,pick up plate from counter,player_d98dd280,encouraged_division_of_labor_large,8a565e88d1194811,train,576.9804149414477,64.00000000001683,0.0,0.0,0.0,0.4,1.0,"(1, 2)",5e1ba7e1085a1c3dd2db39fc,"[p(1, 2)_cs(1.0)_ws(0.4)]_[p(5, 2)_cs(0.2)_ws(1.0)]_ability_hints_large_map_with_collision",player_d98dd280_actions,player_613c2208,['player_613c2208'],,,True
1588,plate,put down,Counter_24,Counter,24,put down plate on counter,player_613c2208,encouraged_division_of_labor_large,8a565e88d1194811,train,1202.2331397552828,108.71210527858534,0.0,0.0,0.0,1.0,0.2,"(5, 2)",6418bbe97ce6b1644060b8c6,"[p(1, 2)_cs(1.0)_ws(0.4)]_[p(5, 2)_cs(0.2)_ws(1.0)]_ability_hints_large_map_with_collision",player_613c2208_actions,player_613c2208,['player_613c2208'],,,
1651,tomato_cut,pick up,Counter_22,Counter,22,pick up tomato_cut from counter,player_613c2208,encouraged_division_of_labor_large,8a565e88d1194811,train,1234.2331397552814,31.999999999998636,0.0,0.0,0.0,1.0,0.2,"(5, 2)",6418bbe97ce6b1644060b8c6,"[p(1, 2)_cs(1.0)_ws(0.4)]_[p(5, 2)_cs(0.2)_ws(1.0)]_ability_hints_large_map_with_collision",player_613c2208_actions,player_d98dd280,"['player_613c2208', 'player_d98dd280', 'player_d98dd280']",,,True
1701,tomato_cut,assemble salad,Counter_24,Counter,24,assemble salad,player_613c2208,encouraged_division_of_labor_large,8a565e88d1194811,train,1266.2331397552805,31.999999999998863,0.0,0.0,0.0,1.0,0.2,"(5, 2)",6418bbe97ce6b1644060b8c6,"[p(1, 2)_cs(1.0)_ws(0.4)]_[p(5, 2)_cs(0.2)_ws(1.0)]_ability_hints_large_map_with_collision",player_613c2208_actions,player_613c2208,['player_613c2208'],"['player_613c2208', 'player_d98dd280', 'player_d98dd280', 'player_613c2208']",['player_613c2208'],False
1734,tomato_salad,pick up,Counter_24,Counter,24,pick up tomato_salad from counter,player_613c2208,encouraged_division_of_labor_large,8a565e88d1194811,train,1266.2331397552805,0.0,0.0,0.0,0.0,1.0,0.2,"(5, 2)",6418bbe97ce6b1644060b8c6,"[p(1, 2)_cs(1.0)_ws(0.4)]_[p(5, 2)_cs(0.2)_ws(1.0)]_ability_hints_large_map_with_collision",player_613c2208_actions,player_613c2208,['player_613c2208'],"['player_613c2208', 'player_d98dd280', 'player_d98dd280', 'player_613c2208']",['player_613c2208'],False
1746,plate,put down,Counter_23,Counter,23,put down plate on counter,player_d98dd280,encouraged_division_of_labor_large,8a565e88d1194811,train,640.9804149414446,63.99999999999682,0.0,0.0,0.0,0.4,1.0,"(1, 2)",5e1ba7e1085a1c3dd2db39fc,"[p(1, 2)_cs(1.0)_ws(0.4)]_[p(5, 2)_cs(0.2)_ws(1.0)]_ability_hints_large_map_with_collision",player_d98dd280_actions,player_d98dd280,"['player_613c2208', 'player_d98dd280']",,,
1749,tomato_salad,put down,Counter_24,Counter,24,put down tomato_salad on counter,player_613c2208,encouraged_division_of_labor_large,8a565e88d1194811,train,1266.2331397552805,0.0,0.0,0.0,0.0,1.0,0.2,"(5, 2)",6418bbe97ce6b1644060b8c6,"[p(1, 2)_cs(1.0)_ws(0.4)]_[p(5, 2)_cs(0.2)_ws(1.0)]_ability_hints_large_map_with_collision",player_613c2208_actions,player_613c2208,"['player_613c2208', 'player_613c2208']","['player_613c2208', 'player_d98dd280', 'player_d98dd280', 'player_613c2208']",['player_613c2208'],
1868,tomato_salad,pick up,Counter_24,Counter,24,pick up tomato_salad from counter,player_613c2208,encouraged_division_of_labor_large,8a565e88d1194811,train,1374.8693765471205,108.63623679184002,0.0,0.0,0.0,1.0,0.2,"(5, 2)",6418bbe97ce6b1644060b8c6,"[p(1, 2)_cs(1.0)_ws(0.4)]_[p(5, 2)_cs(0.2)_ws(1.0)]_ability_hints_large_map_with_collision",player_613c2208_actions,player_613c2208,"['player_613c2208', 'player_613c2208']","['player_613c2208', 'player_d98dd280', 'player_d98dd280', 'player_613c2208']",['player_613c2208'],False
1946,plate,pick up,Counter_23,Counter,23,pick up plate from counter,player_d98dd280,encouraged_division_of_labor_large,8a565e88d1194811,train,704.9804149414414,63.99999999999682,0.0,0.0,0.0,0.4,1.0,"(1, 2)",5e1ba7e1085a1c3dd2db39fc,"[p(1, 2)_cs(1.0)_ws(0.4)]_[p(5, 2)_cs(0.2)_ws(1.0)]_ability_hints_large_map_with_collision",player_d98dd280_actions,player_d98dd280,"['player_613c2208', 'player_d98dd280']",,,False
1976,tomato_salad,deliver,Delivery_73,Delivery,73,deliver tomato_salad,player_613c2208,encouraged_division_of_labor_large,8a565e88d1194811,train,1461.1874607062848,86.31808415916453,1.0,1.0,1.0,1.0,0.2,"(5, 2)",6418bbe97ce6b1644060b8c6,"[p(1, 2)_cs(1.0)_ws(0.4)]_[p(5, 2)_cs(0.2)_ws(1.0)]_ability_hints_large_map_with_collision",player_613c2208_actions,player_613c2208,"['player_613c2208', 'player_613c2208', 'player_613c2208']","['player_613c2208', 'player_d98dd280', 'player_d98dd280', 'player_613c2208']",['player_613c2208'],
2030,plate,put down,CuttingBoard_01,CuttingBoard,1,put down plate on cuttingboard,player_d98dd280,encouraged_division_of_labor_large,8a565e88d1194811,train,736.9804149414398,31.99999999999841,1.0,0.0,0.0,0.4,1.0,"(1, 2)",5e1ba7e1085a1c3dd2db39fc,"[p(1, 2)_cs(1.0)_ws(0.4)]_[p(5, 2)_cs(0.2)_ws(1.0)]_ability_hints_large_map_with_collision",player_d98dd280_actions,player_d98dd280,"['player_613c2208', 'player_d98dd280', 'player_d98dd280']",,,
2030,tomato_cut,pick up,CuttingBoard_01,CuttingBoard,1,pick up tomato_cut from cuttingboard,player_d98dd280,encouraged_division_of_labor_large,8a565e88d1194811,train,736.9804149414398,0.0,1.0,0.0,0.0,0.4,1.0,"(1, 2)",5e1ba7e1085a1c3dd2db39fc,"[p(1, 2)_cs(1.0)_ws(0.4)]_[p(5, 2)_cs(0.2)_ws(1.0)]_ability_hints_large_map_with_collision",player_d98dd280_actions,player_d98dd280,"['player_613c2208', 'player_d98dd280', 'player_d98dd280']",,,False
2036,tomato,pick up,Dispenser_60,Dispenser,60,pick up tomato from dispenser,player_613c2208,encouraged_division_of_labor_large,8a565e88d1194811,train,1483.8148777042536,22.62741699796879,1.0,0.0,1.0,1.0,0.2,"(5, 2)",6418bbe97ce6b1644060b8c6,"[p(1, 2)_cs(1.0)_ws(0.4)]_[p(5, 2)_cs(0.2)_ws(1.0)]_ability_hints_large_map_with_collision",player_613c2208_actions,,[],,,
2114,tomato_cut,put down,Counter_23,Counter,23,put down tomato_cut on counter,player_d98dd280,encouraged_division_of_labor_large,8a565e88d1194811,train,768.9804149414382,31.99999999999841,1.0,0.0,0.0,0.4,1.0,"(1, 2)",5e1ba7e1085a1c3dd2db39fc,"[p(1, 2)_cs(1.0)_ws(0.4)]_[p(5, 2)_cs(0.2)_ws(1.0)]_ability_hints_large_map_with_collision",player_d98dd280_actions,player_d98dd280,"['player_613c2208', 'player_d98dd280', 'player_d98dd280', 'player_d98dd280']",,,
2130,tomato,put down,Counter_22,Counter,22,put down tomato on counter,player_613c2208,encouraged_division_of_labor_large,8a565e88d1194811,train,1536.8327291564958,53.01785145224221,1.0,0.0,1.0,1.0,0.2,"(5, 2)",6418bbe97ce6b1644060b8c6,"[p(1, 2)_cs(1.0)_ws(0.4)]_[p(5, 2)_cs(0.2)_ws(1.0)]_ability_hints_large_map_with_collision",player_613c2208_actions,player_613c2208,['player_613c2208'],,,
2198,tomato,pick up,Counter_25,Counter,25,pick up tomato from counter,player_d98dd280,encouraged_division_of_labor_large,8a565e88d1194811,train,800.9804149414377,31.999999999999545,1.0,0.0,0.0,0.4,1.0,"(1, 2)",5e1ba7e1085a1c3dd2db39fc,"[p(1, 2)_cs(1.0)_ws(0.4)]_[p(5, 2)_cs(0.2)_ws(1.0)]_ability_hints_large_map_with_collision",player_d98dd280_actions,player_613c2208,['player_613c2208'],,,True
2230,plate,pick up,Dispenser_80,Dispenser,80,pick up plate from dispenser,player_613c2208,encouraged_division_of_labor_large,8a565e88d1194811,train,1623.3880804077346,86.55535125123879,1.0,0.0,1.0,1.0,0.2,"(5, 2)",6418bbe97ce6b1644060b8c6,"[p(1, 2)_cs(1.0)_ws(0.4)]_[p(5, 2)_cs(0.2)_ws(1.0)]_ability_hints_large_map_with_collision",player_613c2208_actions,,[],,,
2335,tomato,start cutting,CuttingBoard_02,CuttingBoard,2,start cutting tomato,player_d98dd280,encouraged_division_of_labor_large,8a565e88d1194811,train,848.9804149414364,47.99999999999864,1.0,0.0,0.0,0.4,1.0,"(1, 2)",5e1ba7e1085a1c3dd2db39fc,"[p(1, 2)_cs(1.0)_ws(0.4)]_[p(5, 2)_cs(0.2)_ws(1.0)]_ability_hints_large_map_with_collision",player_d98dd280_actions,player_d98dd280,"['player_613c2208', 'player_d98dd280']",,,
2357,plate,put down,Counter_24,Counter,24,put down plate on counter,player_613c2208,encouraged_division_of_labor_large,8a565e88d1194811,train,1732.2371513577314,108.84907094999676,1.0,0.0,1.0,1.0,0.2,"(5, 2)",6418bbe97ce6b1644060b8c6,"[p(1, 2)_cs(1.0)_ws(0.4)]_[p(5, 2)_cs(0.2)_ws(1.0)]_ability_hints_large_map_with_collision",player_613c2208_actions,player_613c2208,['player_613c2208'],,,
2374,tomato,pick up,Counter_22,Counter,22,pick up tomato from counter,player_d98dd280,encouraged_division_of_labor_large,8a565e88d1194811,train,848.9804149414364,0.0,1.0,0.0,0.0,0.4,1.0,"(1, 2)",5e1ba7e1085a1c3dd2db39fc,"[p(1, 2)_cs(1.0)_ws(0.4)]_[p(5, 2)_cs(0.2)_ws(1.0)]_ability_hints_large_map_with_collision",player_d98dd280_actions,player_613c2208,['player_613c2208'],,,True
2399,tomato_cut,pick up,Counter_23,Counter,23,pick up tomato_cut from counter,player_613c2208,encouraged_division_of_labor_large,8a565e88d1194811,train,1748.237151357731,15.999999999999318,1.0,0.0,1.0,1.0,0.2,"(5, 2)",6418bbe97ce6b1644060b8c6,"[p(1, 2)_cs(1.0)_ws(0.4)]_[p(5, 2)_cs(0.2)_ws(1.0)]_ability_hints_large_map_with_collision",player_613c2208_actions,player_d98dd280,"['player_613c2208', 'player_d98dd280', 'player_d98dd280', 'player_d98dd280']",,,True
2437,tomato,start cutting,CuttingBoard_01,CuttingBoard,1,start cutting tomato,player_d98dd280,encouraged_division_of_labor_large,8a565e88d1194811,train,864.9804149414357,15.999999999999318,1.0,0.0,0.0,0.4,1.0,"(1, 2)",5e1ba7e1085a1c3dd2db39fc,"[p(1, 2)_cs(1.0)_ws(0.4)]_[p(5, 2)_cs(0.2)_ws(1.0)]_ability_hints_large_map_with_collision",player_d98dd280_actions,player_d98dd280,"['player_613c2208', 'player_d98dd280']",,,
2439,tomato_cut,assemble salad,Counter_24,Counter,24,assemble salad,player_613c2208,encouraged_division_of_labor_large,8a565e88d1194811,train,1764.23715135773,15.999999999999318,1.0,0.0,1.0,1.0,0.2,"(5, 2)",6418bbe97ce6b1644060b8c6,"[p(1, 2)_cs(1.0)_ws(0.4)]_[p(5, 2)_cs(0.2)_ws(1.0)]_ability_hints_large_map_with_collision",player_613c2208_actions,player_613c2208,['player_613c2208'],"['player_613c2208', 'player_d98dd280', 'player_d98dd280', 'player_d98dd280', 'player_613c2208']",['player_613c2208'],False
2464,tomato_salad,pick up,Counter_24,Counter,24,pick up tomato_salad from counter,player_613c2208,encouraged_division_of_labor_large,8a565e88d1194811,train,1764.23715135773,0.0,1.0,0.0,1.0,1.0,0.2,"(5, 2)",6418bbe97ce6b1644060b8c6,"[p(1, 2)_cs(1.0)_ws(0.4)]_[p(5, 2)_cs(0.2)_ws(1.0)]_ability_hints_large_map_with_collision",player_613c2208_actions,player_613c2208,['player_613c2208'],"['player_613c2208', 'player_d98dd280', 'player_d98dd280', 'player_d98dd280', 'player_613c2208']",['player_613c2208'],False
2553,tomato_salad,deliver,Delivery_63,Delivery,63,deliver tomato_salad,player_613c2208,encouraged_division_of_labor_large,8a565e88d1194811,train,1834.555235520871,70.31808416314107,2.0,1.0,2.0,1.0,0.2,"(5, 2)",6418bbe97ce6b1644060b8c6,"[p(1, 2)_cs(1.0)_ws(0.4)]_[p(5, 2)_cs(0.2)_ws(1.0)]_ability_hints_large_map_with_collision",player_613c2208_actions,player_613c2208,"['player_613c2208', 'player_613c2208']","['player_613c2208', 'player_d98dd280', 'player_d98dd280', 'player_d98dd280', 'player_613c2208']",['player_613c2208'],
2609,plate,pick up,Dispenser_80,Dispenser,80,pick up plate from dispenser,player_613c2208,encouraged_division_of_labor_large,8a565e88d1194811,train,1873.0384586066416,38.48322308577053,2.0,0.0,2.0,1.0,0.2,"(5, 2)",6418bbe97ce6b1644060b8c6,"[p(1, 2)_cs(1.0)_ws(0.4)]_[p(5, 2)_cs(0.2)_ws(1.0)]_ability_hints_large_map_with_collision",player_613c2208_actions,,[],,,
2704,plate,put down,Counter_22,Counter,22,put down plate on counter,player_613c2208,encouraged_division_of_labor_large,8a565e88d1194811,train,1959.5938098578777,86.55535125123606,2.0,0.0,2.0,1.0,0.2,"(5, 2)",6418bbe97ce6b1644060b8c6,"[p(1, 2)_cs(1.0)_ws(0.4)]_[p(5, 2)_cs(0.2)_ws(1.0)]_ability_hints_large_map_with_collision",player_613c2208_actions,player_613c2208,['player_613c2208'],,,
2707,tomato_cut,pick up,CuttingBoard_01,CuttingBoard,1,pick up tomato_cut from cuttingboard,player_d98dd280,encouraged_division_of_labor_large,8a565e88d1194811,train,864.9804149414357,0.0,2.0,0.0,0.0,0.4,1.0,"(1, 2)",5e1ba7e1085a1c3dd2db39fc,"[p(1, 2)_cs(1.0)_ws(0.4)]_[p(5, 2)_cs(0.2)_ws(1.0)]_ability_hints_large_map_with_collision",player_d98dd280_actions,player_d98dd280,"['player_613c2208', 'player_d98dd280']",,,False
2780,tomato_cut,assemble salad,Counter_22,Counter,22,assemble salad,player_d98dd280,encouraged_division_of_labor_large,8a565e88d1194811,train,880.980414941435,15.999999999999318,2.0,0.0,0.0,0.4,1.0,"(1, 2)",5e1ba7e1085a1c3dd2db39fc,"[p(1, 2)_cs(1.0)_ws(0.4)]_[p(5, 2)_cs(0.2)_ws(1.0)]_ability_hints_large_map_with_collision",player_d98dd280_actions,player_613c2208,['player_d98dd280'],"['player_613c2208', 'player_d98dd280', 'player_d98dd280']",['player_613c2208'],True
2806,plate,pick up,Dispenser_80,Dispenser,80,pick up plate from dispenser,player_613c2208,encouraged_division_of_labor_large,8a565e88d1194811,train,2046.1491611091164,86.55535125123879,2.0,0.0,2.0,1.0,0.2,"(5, 2)",6418bbe97ce6b1644060b8c6,"[p(1, 2)_cs(1.0)_ws(0.4)]_[p(5, 2)_cs(0.2)_ws(1.0)]_ability_hints_large_map_with_collision",player_613c2208_actions,,[],,,
2879,plate,put down,Counter_23,Counter,23,put down plate on counter,player_613c2208,encouraged_division_of_labor_large,8a565e88d1194811,train,2083.564146537698,37.41498542858153,0.0,-2.0,0.0,1.0,0.2,"(5, 2)",6418bbe97ce6b1644060b8c6,"[p(1, 2)_cs(1.0)_ws(0.4)]_[p(5, 2)_cs(0.2)_ws(1.0)]_ability_hints_large_map_with_collision",player_613c2208_actions,player_613c2208,['player_613c2208'],,,
3061,tomato,pick up,Dispenser_50,Dispenser,50,pick up tomato from dispenser,player_613c2208,encouraged_division_of_labor_large,8a565e88d1194811,test,2116.3441560226315,32.780009484933544,0.0,0.0,0.0,1.0,0.2,"(5, 2)",6418bbe97ce6b1644060b8c6,"[p(1, 2)_cs(1.0)_ws(0.4)]_[p(5, 2)_cs(0.2)_ws(1.0)]_ability_hints_large_map_with_collision",player_613c2208_actions,,[],,,
3120,tomato,put down,Counter_22,Counter,22,put down tomato on counter,player_613c2208,encouraged_division_of_labor_large,8a565e88d1194811,test,2154.827379108404,38.48322308577235,0.0,0.0,0.0,1.0,0.2,"(5, 2)",6418bbe97ce6b1644060b8c6,"[p(1, 2)_cs(1.0)_ws(0.4)]_[p(5, 2)_cs(0.2)_ws(1.0)]_ability_hints_large_map_with_collision",player_613c2208_actions,player_613c2208,['player_613c2208'],,,
3156,tomato,pick up,Counter_22,Counter,22,pick up tomato from counter,player_d98dd280,encouraged_division_of_labor_large,8a565e88d1194811,test,880.980414941435,0.0,0.0,0.0,0.0,0.4,1.0,"(1, 2)",5e1ba7e1085a1c3dd2db39fc,"[p(1, 2)_cs(1.0)_ws(0.4)]_[p(5, 2)_cs(0.2)_ws(1.0)]_ability_hints_large_map_with_collision",player_d98dd280_actions,player_613c2208,['player_613c2208'],,,True
3176,tomato,pick up,Dispenser_50,Dispenser,50,pick up tomato from dispenser,player_613c2208,encouraged_division_of_labor_large,8a565e88d1194811,test,2193.3106021941785,38.483223085774625,0.0,0.0,0.0,1.0,0.2,"(5, 2)",6418bbe97ce6b1644060b8c6,"[p(1, 2)_cs(1.0)_ws(0.4)]_[p(5, 2)_cs(0.2)_ws(1.0)]_ability_hints_large_map_with_collision",player_613c2208_actions,,[],,,
3239,tomato,put down,Counter_23,Counter,23,put down tomato on counter,player_613c2208,encouraged_division_of_labor_large,8a565e88d1194811,test,2238.5654361901243,45.25483399594577,0.0,0.0,0.0,1.0,0.2,"(5, 2)",6418bbe97ce6b1644060b8c6,"[p(1, 2)_cs(1.0)_ws(0.4)]_[p(5, 2)_cs(0.2)_ws(1.0)]_ability_hints_large_map_with_collision",player_613c2208_actions,player_613c2208,['player_613c2208'],,,
3251,tomato,start cutting,CuttingBoard_10,CuttingBoard,10,start cutting tomato,player_d98dd280,encouraged_division_of_labor_large,8a565e88d1194811,test,896.9804149414343,15.999999999999318,0.0,0.0,0.0,0.4,1.0,"(1, 2)",5e1ba7e1085a1c3dd2db39fc,"[p(1, 2)_cs(1.0)_ws(0.4)]_[p(5, 2)_cs(0.2)_ws(1.0)]_ability_hints_large_map_with_collision",player_d98dd280_actions,player_d98dd280,"['player_613c2208', 'player_d98dd280']",,,
3335,plate,pick up,Dispenser_80,Dispenser,80,pick up plate from dispenser,player_613c2208,encouraged_division_of_labor_large,8a565e88d1194811,test,2331.5697122478437,93.00427605771938,0.0,0.0,0.0,1.0,0.2,"(5, 2)",6418bbe97ce6b1644060b8c6,"[p(1, 2)_cs(1.0)_ws(0.4)]_[p(5, 2)_cs(0.2)_ws(1.0)]_ability_hints_large_map_with_collision",player_613c2208_actions,,[],,,
3418,tomato,pick up,Counter_23,Counter,23,pick up tomato from counter,player_d98dd280,encouraged_division_of_labor_large,8a565e88d1194811,test,928.9804149414329,31.99999999999841,0.0,0.0,0.0,0.4,1.0,"(1, 2)",5e1ba7e1085a1c3dd2db39fc,"[p(1, 2)_cs(1.0)_ws(0.4)]_[p(5, 2)_cs(0.2)_ws(1.0)]_ability_hints_large_map_with_collision",player_d98dd280_actions,player_613c2208,['player_613c2208'],,,True
3434,plate,put down,Counter_22,Counter,22,put down plate on counter,player_613c2208,encouraged_division_of_labor_large,8a565e88d1194811,test,2418.1250634990893,86.55535125124561,0.0,0.0,0.0,1.0,0.2,"(5, 2)",6418bbe97ce6b1644060b8c6,"[p(1, 2)_cs(1.0)_ws(0.4)]_[p(5, 2)_cs(0.2)_ws(1.0)]_ability_hints_large_map_with_collision",player_613c2208_actions,player_613c2208,['player_613c2208'],,,
3525,tomato,start cutting,CuttingBoard_01,CuttingBoard,1,start cutting tomato,player_d98dd280,encouraged_division_of_labor_large,8a565e88d1194811,test,960.9804149414311,31.99999999999841,0.0,0.0,0.0,0.4,1.0,"(1, 2)",5e1ba7e1085a1c3dd2db39fc,"[p(1, 2)_cs(1.0)_ws(0.4)]_[p(5, 2)_cs(0.2)_ws(1.0)]_ability_hints_large_map_with_collision",player_d98dd280_actions,player_d98dd280,"['player_613c2208', 'player_d98dd280']",,,
3531,plate,pick up,Dispenser_80,Dispenser,80,pick up plate from dispenser,player_613c2208,encouraged_division_of_labor_large,8a565e88d1194811,test,2504.6804147503417,86.55535125125243,0.0,0.0,0.0,1.0,0.2,"(5, 2)",6418bbe97ce6b1644060b8c6,"[p(1, 2)_cs(1.0)_ws(0.4)]_[p(5, 2)_cs(0.2)_ws(1.0)]_ability_hints_large_map_with_collision",player_613c2208_actions,,[],,,
3635,plate,put down,Counter_23,Counter,23,put down plate on counter,player_613c2208,encouraged_division_of_labor_large,8a565e88d1194811,test,2597.510071345855,92.82965659551336,0.0,0.0,0.0,1.0,0.2,"(5, 2)",6418bbe97ce6b1644060b8c6,"[p(1, 2)_cs(1.0)_ws(0.4)]_[p(5, 2)_cs(0.2)_ws(1.0)]_ability_hints_large_map_with_collision",player_613c2208_actions,player_613c2208,['player_613c2208'],,,
3659,plate,pick up,Counter_22,Counter,22,pick up plate from counter,player_d98dd280,encouraged_division_of_labor_large,8a565e88d1194811,test,976.9804149414304,15.999999999999318,0.0,0.0,0.0,0.4,1.0,"(1, 2)",5e1ba7e1085a1c3dd2db39fc,"[p(1, 2)_cs(1.0)_ws(0.4)]_[p(5, 2)_cs(0.2)_ws(1.0)]_ability_hints_large_map_with_collision",player_d98dd280_actions,player_613c2208,['player_613c2208'],,,True
3725,tomato,pick up,Dispenser_50,Dispenser,50,pick up tomato from dispenser,player_613c2208,encouraged_division_of_labor_large,8a565e88d1194811,test,2642.764905341801,45.25483399594577,0.0,0.0,0.0,1.0,0.2,"(5, 2)",6418bbe97ce6b1644060b8c6,"[p(1, 2)_cs(1.0)_ws(0.4)]_[p(5, 2)_cs(0.2)_ws(1.0)]_ability_hints_large_map_with_collision",player_613c2208_actions,,[],,,
3748,plate,put down,CuttingBoard_10,CuttingBoard,10,put down plate on cuttingboard,player_d98dd280,encouraged_division_of_labor_large,8a565e88d1194811,test,992.9804149414298,15.999999999999318,0.0,0.0,0.0,0.4,1.0,"(1, 2)",5e1ba7e1085a1c3dd2db39fc,"[p(1, 2)_cs(1.0)_ws(0.4)]_[p(5, 2)_cs(0.2)_ws(1.0)]_ability_hints_large_map_with_collision",player_d98dd280_actions,player_d98dd280,"['player_613c2208', 'player_d98dd280']",,,
3748,tomato_cut,pick up,CuttingBoard_10,CuttingBoard,10,pick up tomato_cut from cuttingboard,player_d98dd280,encouraged_division_of_labor_large,8a565e88d1194811,test,992.9804149414298,0.0,0.0,0.0,0.0,0.4,1.0,"(1, 2)",5e1ba7e1085a1c3dd2db39fc,"[p(1, 2)_cs(1.0)_ws(0.4)]_[p(5, 2)_cs(0.2)_ws(1.0)]_ability_hints_large_map_with_collision",player_d98dd280_actions,player_d98dd280,"['player_613c2208', 'player_d98dd280']",,,False
3809,tomato,put down,Counter_24,Counter,24,put down tomato on counter,player_613c2208,encouraged_division_of_labor_large,8a565e88d1194811,test,2703.9320013359325,61.167095994131614,0.0,0.0,0.0,1.0,0.2,"(5, 2)",6418bbe97ce6b1644060b8c6,"[p(1, 2)_cs(1.0)_ws(0.4)]_[p(5, 2)_cs(0.2)_ws(1.0)]_ability_hints_large_map_with_collision",player_613c2208_actions,player_613c2208,['player_613c2208'],,,
3820,tomato_cut,put down,Counter_22,Counter,22,put down tomato_cut on counter,player_d98dd280,encouraged_division_of_labor_large,8a565e88d1194811,test,1008.9804149414292,15.999999999999318,0.0,0.0,0.0,0.4,1.0,"(1, 2)",5e1ba7e1085a1c3dd2db39fc,"[p(1, 2)_cs(1.0)_ws(0.4)]_[p(5, 2)_cs(0.2)_ws(1.0)]_ability_hints_large_map_with_collision",player_d98dd280_actions,player_d98dd280,"['player_613c2208', 'player_d98dd280', 'player_d98dd280']",,,
3887,tomato_cut,pick up,Counter_22,Counter,22,pick up tomato_cut from counter,player_613c2208,encouraged_division_of_labor_large,8a565e88d1194811,test,2735.9320013359365,32.00000000000409,0.0,0.0,0.0,1.0,0.2,"(5, 2)",6418bbe97ce6b1644060b8c6,"[p(1, 2)_cs(1.0)_ws(0.4)]_[p(5, 2)_cs(0.2)_ws(1.0)]_ability_hints_large_map_with_collision",player_613c2208_actions,player_d98dd280,"['player_613c2208', 'player_d98dd280', 'player_d98dd280']",,,True
3887,plate,pick up,Counter_23,Counter,23,pick up plate from counter,player_d98dd280,encouraged_division_of_labor_large,8a565e88d1194811,test,1024.9804149414283,15.999999999999204,0.0,0.0,0.0,0.4,1.0,"(1, 2)",5e1ba7e1085a1c3dd2db39fc,"[p(1, 2)_cs(1.0)_ws(0.4)]_[p(5, 2)_cs(0.2)_ws(1.0)]_ability_hints_large_map_with_collision",player_d98dd280_actions,player_613c2208,['player_613c2208'],,,True
3947,tomato_cut,put down,Counter_22,Counter,22,put down tomato_cut on counter,player_613c2208,encouraged_division_of_labor_large,8a565e88d1194811,test,2735.9320013359365,0.0,0.0,0.0,0.0,1.0,0.2,"(5, 2)",6418bbe97ce6b1644060b8c6,"[p(1, 2)_cs(1.0)_ws(0.4)]_[p(5, 2)_cs(0.2)_ws(1.0)]_ability_hints_large_map_with_collision",player_613c2208_actions,player_613c2208,"['player_613c2208', 'player_d98dd280', 'player_d98dd280', 'player_613c2208']",,,
3986,plate,put down,CuttingBoard_01,CuttingBoard,1,put down plate on cuttingboard,player_d98dd280,encouraged_division_of_labor_large,8a565e88d1194811,test,1056.9804149414283,32.00000000000023,0.0,0.0,0.0,0.4,1.0,"(1, 2)",5e1ba7e1085a1c3dd2db39fc,"[p(1, 2)_cs(1.0)_ws(0.4)]_[p(5, 2)_cs(0.2)_ws(1.0)]_ability_hints_large_map_with_collision",player_d98dd280_actions,player_d98dd280,"['player_613c2208', 'player_d98dd280']",,,
3986,tomato_cut,pick up,CuttingBoard_01,CuttingBoard,1,pick up tomato_cut from cuttingboard,player_d98dd280,encouraged_division_of_labor_large,8a565e88d1194811,test,1056.9804149414283,0.0,0.0,0.0,0.0,0.4,1.0,"(1, 2)",5e1ba7e1085a1c3dd2db39fc,"[p(1, 2)_cs(1.0)_ws(0.4)]_[p(5, 2)_cs(0.2)_ws(1.0)]_ability_hints_large_map_with_collision",player_d98dd280_actions,player_d98dd280,"['player_613c2208', 'player_d98dd280']",,,False
4089,tomato_cut,put down,Counter_23,Counter,23,put down tomato_cut on counter,player_d98dd280,encouraged_division_of_labor_large,8a565e88d1194811,test,1088.9804149414288,32.00000000000023,0.0,0.0,0.0,0.4,1.0,"(1, 2)",5e1ba7e1085a1c3dd2db39fc,"[p(1, 2)_cs(1.0)_ws(0.4)]_[p(5, 2)_cs(0.2)_ws(1.0)]_ability_hints_large_map_with_collision",player_d98dd280_actions,player_d98dd280,"['player_613c2208', 'player_d98dd280', 'player_d98dd280']",,,
4108,tomato,pick up,Dispenser_60,Dispenser,60,pick up tomato from dispenser,player_613c2208,encouraged_division_of_labor_large,8a565e88d1194811,test,2790.409010919498,54.47700958356154,0.0,0.0,0.0,1.0,0.2,"(5, 2)",6418bbe97ce6b1644060b8c6,"[p(1, 2)_cs(1.0)_ws(0.4)]_[p(5, 2)_cs(0.2)_ws(1.0)]_ability_hints_large_map_with_collision",player_613c2208_actions,,[],,,
4152,tomato,pick up,Counter_24,Counter,24,pick up tomato from counter,player_d98dd280,encouraged_division_of_labor_large,8a565e88d1194811,test,1104.9804149414283,15.999999999999543,0.0,0.0,0.0,0.4,1.0,"(1, 2)",5e1ba7e1085a1c3dd2db39fc,"[p(1, 2)_cs(1.0)_ws(0.4)]_[p(5, 2)_cs(0.2)_ws(1.0)]_ability_hints_large_map_with_collision",player_d98dd280_actions,player_613c2208,['player_613c2208'],,,True
4210,tomato,put down,Counter_25,Counter,25,put down tomato on counter,player_613c2208,encouraged_division_of_labor_large,8a565e88d1194811,test,2883.251209613561,92.84219869406296,0.0,0.0,0.0,1.0,0.2,"(5, 2)",6418bbe97ce6b1644060b8c6,"[p(1, 2)_cs(1.0)_ws(0.4)]_[p(5, 2)_cs(0.2)_ws(1.0)]_ability_hints_large_map_with_collision",player_613c2208_actions,player_613c2208,['player_613c2208'],,,
4247,tomato,start cutting,CuttingBoard_02,CuttingBoard,2,start cutting tomato,player_d98dd280,encouraged_division_of_labor_large,8a565e88d1194811,test,1136.980414941427,31.999999999998636,0.0,0.0,0.0,0.4,1.0,"(1, 2)",5e1ba7e1085a1c3dd2db39fc,"[p(1, 2)_cs(1.0)_ws(0.4)]_[p(5, 2)_cs(0.2)_ws(1.0)]_ability_hints_large_map_with_collision",player_d98dd280_actions,player_d98dd280,"['player_613c2208', 'player_d98dd280']",,,
4277,tomato_cut,pick up,Counter_22,Counter,22,pick up tomato_cut from counter,player_613c2208,encouraged_division_of_labor_large,8a565e88d1194811,test,2931.2512096135674,48.00000000000637,0.0,0.0,0.0,1.0,0.2,"(5, 2)",6418bbe97ce6b1644060b8c6,"[p(1, 2)_cs(1.0)_ws(0.4)]_[p(5, 2)_cs(0.2)_ws(1.0)]_ability_hints_large_map_with_collision",player_613c2208_actions,player_613c2208,"['player_613c2208', 'player_d98dd280', 'player_d98dd280', 'player_613c2208']",,,False
4402,tomato_cut,put down,Counter_22,Counter,22,put down tomato_cut on counter,player_613c2208,encouraged_division_of_labor_large,8a565e88d1194811,test,2995.2512096135756,64.00000000000819,0.0,0.0,0.0,1.0,0.2,"(5, 2)",6418bbe97ce6b1644060b8c6,"[p(1, 2)_cs(1.0)_ws(0.4)]_[p(5, 2)_cs(0.2)_ws(1.0)]_ability_hints_large_map_with_collision",player_613c2208_actions,player_613c2208,"['player_613c2208', 'player_d98dd280', 'player_d98dd280', 'player_613c2208', 'player_613c2208']",,,
4452,tomato,pick up,Counter_25,Counter,25,pick up tomato from counter,player_d98dd280,encouraged_division_of_labor_large,8a565e88d1194811,test,1184.9804149414256,47.99999999999864,0.0,0.0,0.0,0.4,1.0,"(1, 2)",5e1ba7e1085a1c3dd2db39fc,"[p(1, 2)_cs(1.0)_ws(0.4)]_[p(5, 2)_cs(0.2)_ws(1.0)]_ability_hints_large_map_with_collision",player_d98dd280_actions,player_613c2208,['player_613c2208'],,,True
4501,plate,pick up,Dispenser_80,Dispenser,80,pick up plate from dispenser,player_613c2208,encouraged_division_of_labor_large,8a565e88d1194811,test,3081.806560864828,86.55535125125243,0.0,0.0,0.0,1.0,0.2,"(5, 2)",6418bbe97ce6b1644060b8c6,"[p(1, 2)_cs(1.0)_ws(0.4)]_[p(5, 2)_cs(0.2)_ws(1.0)]_ability_hints_large_map_with_collision",player_613c2208_actions,,[],,,
4624,tomato,start cutting,CuttingBoard_01,CuttingBoard,1,start cutting tomato,player_d98dd280,encouraged_division_of_labor_large,8a565e88d1194811,test,1248.9804149414254,63.99999999999977,0.0,0.0,0.0,0.4,1.0,"(1, 2)",5e1ba7e1085a1c3dd2db39fc,"[p(1, 2)_cs(1.0)_ws(0.4)]_[p(5, 2)_cs(0.2)_ws(1.0)]_ability_hints_large_map_with_collision",player_d98dd280_actions,player_d98dd280,"['player_613c2208', 'player_d98dd280']",,,
4658,plate,put down,Counter_24,Counter,24,put down plate on counter,player_613c2208,encouraged_division_of_labor_large,8a565e88d1194811,test,3190.655631814828,108.84907094999971,0.0,0.0,0.0,1.0,0.2,"(5, 2)",6418bbe97ce6b1644060b8c6,"[p(1, 2)_cs(1.0)_ws(0.4)]_[p(5, 2)_cs(0.2)_ws(1.0)]_ability_hints_large_map_with_collision",player_613c2208_actions,player_613c2208,['player_613c2208'],,,
4696,tomato_cut,pick up,Counter_23,Counter,23,pick up tomato_cut from counter,player_613c2208,encouraged_division_of_labor_large,8a565e88d1194811,test,3206.6556318148296,16.00000000000182,0.0,0.0,0.0,1.0,0.2,"(5, 2)",6418bbe97ce6b1644060b8c6,"[p(1, 2)_cs(1.0)_ws(0.4)]_[p(5, 2)_cs(0.2)_ws(1.0)]_ability_hints_large_map_with_collision",player_613c2208_actions,player_d98dd280,"['player_613c2208', 'player_d98dd280', 'player_d98dd280']",,,True
4736,tomato_cut,assemble salad,Counter_24,Counter,24,assemble salad,player_613c2208,encouraged_division_of_labor_large,8a565e88d1194811,test,3222.6556318148314,16.00000000000182,0.0,0.0,0.0,1.0,0.2,"(5, 2)",6418bbe97ce6b1644060b8c6,"[p(1, 2)_cs(1.0)_ws(0.4)]_[p(5, 2)_cs(0.2)_ws(1.0)]_ability_hints_large_map_with_collision",player_613c2208_actions,player_613c2208,['player_613c2208'],"['player_613c2208', 'player_d98dd280', 'player_d98dd280', 'player_613c2208']",['player_613c2208'],False
4746,tomato_salad,pick up,Counter_24,Counter,24,pick up tomato_salad from counter,player_613c2208,encouraged_division_of_labor_large,8a565e88d1194811,test,3222.6556318148314,0.0,0.0,0.0,0.0,1.0,0.2,"(5, 2)",6418bbe97ce6b1644060b8c6,"[p(1, 2)_cs(1.0)_ws(0.4)]_[p(5, 2)_cs(0.2)_ws(1.0)]_ability_hints_large_map_with_collision",player_613c2208_actions,player_613c2208,['player_613c2208'],"['player_613c2208', 'player_d98dd280', 'player_d98dd280', 'player_613c2208']",['player_613c2208'],False
4766,tomato_salad,put down,Counter_24,Counter,24,put down tomato_salad on counter,player_613c2208,encouraged_division_of_labor_large,8a565e88d1194811,test,3222.6556318148314,0.0,0.0,0.0,0.0,1.0,0.2,"(5, 2)",6418bbe97ce6b1644060b8c6,"[p(1, 2)_cs(1.0)_ws(0.4)]_[p(5, 2)_cs(0.2)_ws(1.0)]_ability_hints_large_map_with_collision",player_613c2208_actions,player_613c2208,"['player_613c2208', 'player_613c2208']","['player_613c2208', 'player_d98dd280', 'player_d98dd280', 'player_613c2208']",['player_613c2208'],
4836,tomato_salad,pick up,Counter_24,Counter,24,pick up tomato_salad from counter,player_613c2208,encouraged_division_of_labor_large,8a565e88d1194811,test,3294.154390261274,71.49875844644248,0.0,0.0,0.0,1.0,0.2,"(5, 2)",6418bbe97ce6b1644060b8c6,"[p(1, 2)_cs(1.0)_ws(0.4)]_[p(5, 2)_cs(0.2)_ws(1.0)]_ability_hints_large_map_with_collision",player_613c2208_actions,player_613c2208,"['player_613c2208', 'player_613c2208']","['player_613c2208', 'player_d98dd280', 'player_d98dd280', 'player_613c2208']",['player_613c2208'],False
4838,tomato_cut,pick up,CuttingBoard_01,CuttingBoard,1,pick up tomato_cut from cuttingboard,player_d98dd280,encouraged_division_of_labor_large,8a565e88d1194811,test,1248.9804149414254,0.0,0.0,0.0,0.0,0.4,1.0,"(1, 2)",5e1ba7e1085a1c3dd2db39fc,"[p(1, 2)_cs(1.0)_ws(0.4)]_[p(5, 2)_cs(0.2)_ws(1.0)]_ability_hints_large_map_with_collision",player_d98dd280_actions,player_d98dd280,"['player_613c2208', 'player_d98dd280']",,,False
4927,tomato_salad,deliver,Delivery_63,Delivery,63,deliver tomato_salad,player_613c2208,encouraged_division_of_labor_large,8a565e88d1194811,test,3364.472474424414,70.31808416314016,1.0,1.0,1.0,1.0,0.2,"(5, 2)",6418bbe97ce6b1644060b8c6,"[p(1, 2)_cs(1.0)_ws(0.4)]_[p(5, 2)_cs(0.2)_ws(1.0)]_ability_hints_large_map_with_collision",player_613c2208_actions,player_613c2208,"['player_613c2208', 'player_613c2208', 'player_613c2208']","['player_613c2208', 'player_d98dd280', 'player_d98dd280', 'player_613c2208']",['player_613c2208'],
4932,tomato_cut,put down,Counter_23,Counter,23,put down tomato_cut on counter,player_d98dd280,encouraged_division_of_labor_large,8a565e88d1194811,test,1280.9804149414256,32.00000000000023,1.0,0.0,0.0,0.4,1.0,"(1, 2)",5e1ba7e1085a1c3dd2db39fc,"[p(1, 2)_cs(1.0)_ws(0.4)]_[p(5, 2)_cs(0.2)_ws(1.0)]_ability_hints_large_map_with_collision",player_d98dd280_actions,player_d98dd280,"['player_613c2208', 'player_d98dd280', 'player_d98dd280']",,,
4979,plate,pick up,Dispenser_80,Dispenser,80,pick up plate from dispenser,player_613c2208,encouraged_division_of_labor_large,8a565e88d1194811,test,3402.9556975101877,38.48322308577371,1.0,0.0,1.0,1.0,0.2,"(5, 2)",6418bbe97ce6b1644060b8c6,"[p(1, 2)_cs(1.0)_ws(0.4)]_[p(5, 2)_cs(0.2)_ws(1.0)]_ability_hints_large_map_with_collision",player_613c2208_actions,,[],,,
4991,tomato_cut,pick up,CuttingBoard_02,CuttingBoard,2,pick up tomato_cut from cuttingboard,player_d98dd280,encouraged_division_of_labor_large,8a565e88d1194811,test,1296.980414941425,15.99999999999909,1.0,0.0,0.0,0.4,1.0,"(1, 2)",5e1ba7e1085a1c3dd2db39fc,"[p(1, 2)_cs(1.0)_ws(0.4)]_[p(5, 2)_cs(0.2)_ws(1.0)]_ability_hints_large_map_with_collision",player_d98dd280_actions,player_d98dd280,"['player_613c2208', 'player_d98dd280']",,,False
5075,tomato_cut,put down,Counter_24,Counter,24,put down tomato_cut on counter,player_d98dd280,encouraged_division_of_labor_large,8a565e88d1194811,test,1328.9804149414233,31.999999999998636,1.0,0.0,0.0,0.4,1.0,"(1, 2)",5e1ba7e1085a1c3dd2db39fc,"[p(1, 2)_cs(1.0)_ws(0.4)]_[p(5, 2)_cs(0.2)_ws(1.0)]_ability_hints_large_map_with_collision",player_d98dd280_actions,player_d98dd280,"['player_613c2208', 'player_d98dd280', 'player_d98dd280']",,,
5099,plate,assemble salad,Counter_24,Counter,24,assemble salad,player_613c2208,encouraged_division_of_labor_large,8a565e88d1194811,test,3511.8047684601875,108.84907094999971,1.0,0.0,1.0,1.0,0.2,"(5, 2)",6418bbe97ce6b1644060b8c6,"[p(1, 2)_cs(1.0)_ws(0.4)]_[p(5, 2)_cs(0.2)_ws(1.0)]_ability_hints_large_map_with_collision",player_613c2208_actions,player_d98dd280,['player_613c2208'],"['player_613c2208', 'player_d98dd280', 'player_d98dd280']",['player_613c2208'],True
5138,tomato_salad,pick up,Counter_24,Counter,24,pick up tomato_salad from counter,player_613c2208,encouraged_division_of_labor_large,8a565e88d1194811,test,3511.8047684601875,0.0,1.0,0.0,1.0,1.0,0.2,"(5, 2)",6418bbe97ce6b1644060b8c6,"[p(1, 2)_cs(1.0)_ws(0.4)]_[p(5, 2)_cs(0.2)_ws(1.0)]_ability_hints_large_map_with_collision",player_613c2208_actions,player_613c2208,['player_613c2208'],"['player_613c2208', 'player_d98dd280', 'player_d98dd280']",['player_613c2208'],False
5225,tomato_salad,deliver,Delivery_63,Delivery,63,deliver tomato_salad,player_613c2208,encouraged_division_of_labor_large,8a565e88d1194811,test,3582.1228526233276,70.31808416314016,2.0,1.0,2.0,1.0,0.2,"(5, 2)",6418bbe97ce6b1644060b8c6,"[p(1, 2)_cs(1.0)_ws(0.4)]_[p(5, 2)_cs(0.2)_ws(1.0)]_ability_hints_large_map_with_collision",player_613c2208_actions,player_613c2208,"['player_613c2208', 'player_613c2208']","['player_613c2208', 'player_d98dd280', 'player_d98dd280']",['player_613c2208'],
5281,plate,pick up,Dispenser_80,Dispenser,80,pick up plate from dispenser,player_613c2208,encouraged_division_of_labor_large,8a565e88d1194811,test,3620.606075709102,38.48322308577371,2.0,0.0,2.0,1.0,0.2,"(5, 2)",6418bbe97ce6b1644060b8c6,"[p(1, 2)_cs(1.0)_ws(0.4)]_[p(5, 2)_cs(0.2)_ws(1.0)]_ability_hints_large_map_with_collision",player_613c2208_actions,,[],,,
5384,plate,assemble salad,Counter_22,Counter,22,assemble salad,player_613c2208,encouraged_division_of_labor_large,8a565e88d1194811,test,3707.161426960347,86.55535125124561,2.0,0.0,2.0,1.0,0.2,"(5, 2)",6418bbe97ce6b1644060b8c6,"[p(1, 2)_cs(1.0)_ws(0.4)]_[p(5, 2)_cs(0.2)_ws(1.0)]_ability_hints_large_map_with_collision",player_613c2208_actions,player_613c2208,['player_613c2208'],"['player_613c2208', 'player_d98dd280', 'player_d98dd280', 'player_613c2208', 'player_613c2208']",['player_613c2208'],False
5415,tomato_salad,pick up,Counter_22,Counter,22,pick up tomato_salad from counter,player_613c2208,encouraged_division_of_labor_large,8a565e88d1194811,test,3707.161426960347,0.0,2.0,0.0,2.0,1.0,0.2,"(5, 2)",6418bbe97ce6b1644060b8c6,"[p(1, 2)_cs(1.0)_ws(0.4)]_[p(5, 2)_cs(0.2)_ws(1.0)]_ability_hints_large_map_with_collision",player_613c2208_actions,player_613c2208,['player_613c2208'],"['player_613c2208', 'player_d98dd280', 'player_d98dd280', 'player_613c2208', 'player_613c2208']",['player_613c2208'],False
5482,tomato_salad,deliver,Delivery_63,Delivery,63,deliver tomato_salad,player_613c2208,encouraged_division_of_labor_large,8a565e88d1194811,test,3755.1614269603538,48.00000000000637,3.0,1.0,3.0,1.0,0.2,"(5, 2)",6418bbe97ce6b1644060b8c6,"[p(1, 2)_cs(1.0)_ws(0.4)]_[p(5, 2)_cs(0.2)_ws(1.0)]_ability_hints_large_map_with_collision",player_613c2208_actions,player_613c2208,"['player_613c2208', 'player_613c2208']","['player_613c2208', 'player_d98dd280', 'player_d98dd280', 'player_613c2208', 'player_613c2208']",['player_613c2208'],
5540,plate,pick up,Dispenser_80,Dispenser,80,pick up plate from dispenser,player_613c2208,encouraged_division_of_labor_large,8a565e88d1194811,test,3793.644650046127,38.48322308577371,3.0,0.0,3.0,1.0,0.2,"(5, 2)",6418bbe97ce6b1644060b8c6,"[p(1, 2)_cs(1.0)_ws(0.4)]_[p(5, 2)_cs(0.2)_ws(1.0)]_ability_hints_large_map_with_collision",player_613c2208_actions,,[],,,
5646,plate,assemble salad,Counter_23,Counter,23,assemble salad,player_613c2208,encouraged_division_of_labor_large,8a565e88d1194811,test,3886.47430664164,92.82965659551336,3.0,0.0,3.0,1.0,0.2,"(5, 2)",6418bbe97ce6b1644060b8c6,"[p(1, 2)_cs(1.0)_ws(0.4)]_[p(5, 2)_cs(0.2)_ws(1.0)]_ability_hints_large_map_with_collision",player_613c2208_actions,player_d98dd280,['player_613c2208'],"['player_613c2208', 'player_d98dd280', 'player_d98dd280']",['player_613c2208'],True
5677,tomato_salad,pick up,Counter_23,Counter,23,pick up tomato_salad from counter,player_613c2208,encouraged_division_of_labor_large,8a565e88d1194811,test,3886.47430664164,0.0,3.0,0.0,3.0,1.0,0.2,"(5, 2)",6418bbe97ce6b1644060b8c6,"[p(1, 2)_cs(1.0)_ws(0.4)]_[p(5, 2)_cs(0.2)_ws(1.0)]_ability_hints_large_map_with_collision",player_613c2208_actions,player_613c2208,['player_613c2208'],"['player_613c2208', 'player_d98dd280', 'player_d98dd280']",['player_613c2208'],False
5749,tomato_salad,deliver,Delivery_63,Delivery,63,deliver tomato_salad,player_613c2208,encouraged_division_of_labor_large,8a565e88d1194811,test,3940.983504625585,54.50919798394443,4.0,1.0,4.0,1.0,0.2,"(5, 2)",6418bbe97ce6b1644060b8c6,"[p(1, 2)_cs(1.0)_ws(0.4)]_[p(5, 2)_cs(0.2)_ws(1.0)]_ability_hints_large_map_with_collision",player_613c2208_actions,player_613c2208,"['player_613c2208', 'player_613c2208']","['player_613c2208', 'player_d98dd280', 'player_d98dd280']",['player_613c2208'],
5792,tomato,pick up,Dispenser_50,Dispenser,50,pick up tomato from dispenser,player_613c2208,encouraged_division_of_labor_large,8a565e88d1194811,test,3963.6109216235577,22.627416997972887,4.0,0.0,4.0,1.0,0.2,"(5, 2)",6418bbe97ce6b1644060b8c6,"[p(1, 2)_cs(1.0)_ws(0.4)]_[p(5, 2)_cs(0.2)_ws(1.0)]_ability_hints_large_map_with_collision",player_613c2208_actions,,[],,,
5849,tomato,put down,Counter_22,Counter,22,put down tomato on counter,player_613c2208,encouraged_division_of_labor_large,8a565e88d1194811,test,4002.09414470933,38.48322308577235,4.0,0.0,4.0,1.0,0.2,"(5, 2)",6418bbe97ce6b1644060b8c6,"[p(1, 2)_cs(1.0)_ws(0.4)]_[p(5, 2)_cs(0.2)_ws(1.0)]_ability_hints_large_map_with_collision",player_613c2208_actions,player_613c2208,['player_613c2208'],,,
5902,tomato,pick up,Dispenser_50,Dispenser,50,pick up tomato from dispenser,player_613c2208,encouraged_division_of_labor_large,8a565e88d1194811,test,4040.5773677951047,38.483223085774625,4.0,0.0,4.0,1.0,0.2,"(5, 2)",6418bbe97ce6b1644060b8c6,"[p(1, 2)_cs(1.0)_ws(0.4)]_[p(5, 2)_cs(0.2)_ws(1.0)]_ability_hints_large_map_with_collision",player_613c2208_actions,,[],,,
5956,tomato,pick up,Counter_22,Counter,22,pick up tomato from counter,player_d98dd280,encouraged_division_of_labor_large,8a565e88d1194811,test,1360.980414941422,31.999999999998636,4.0,0.0,0.0,0.4,1.0,"(1, 2)",5e1ba7e1085a1c3dd2db39fc,"[p(1, 2)_cs(1.0)_ws(0.4)]_[p(5, 2)_cs(0.2)_ws(1.0)]_ability_hints_large_map_with_collision",player_d98dd280_actions,player_613c2208,['player_613c2208'],,,True
5964,tomato,put down,Counter_23,Counter,23,put down tomato on counter,player_613c2208,encouraged_division_of_labor_large,8a565e88d1194811,test,4085.8322017910505,45.25483399594577,4.0,0.0,4.0,1.0,0.2,"(5, 2)",6418bbe97ce6b1644060b8c6,"[p(1, 2)_cs(1.0)_ws(0.4)]_[p(5, 2)_cs(0.2)_ws(1.0)]_ability_hints_large_map_with_collision",player_613c2208_actions,player_613c2208,['player_613c2208'],,,
6023,tomato,start cutting,CuttingBoard_10,CuttingBoard,10,start cutting tomato,player_d98dd280,encouraged_division_of_labor_large,8a565e88d1194811,test,1376.980414941423,16.000000000001137,4.0,0.0,0.0,0.4,1.0,"(1, 2)",5e1ba7e1085a1c3dd2db39fc,"[p(1, 2)_cs(1.0)_ws(0.4)]_[p(5, 2)_cs(0.2)_ws(1.0)]_ability_hints_large_map_with_collision",player_d98dd280_actions,player_d98dd280,"['player_613c2208', 'player_d98dd280']",,,
6064,plate,pick up,Dispenser_80,Dispenser,80,pick up plate from dispenser,player_613c2208,encouraged_division_of_labor_large,8a565e88d1194811,test,4178.83647784875,93.00427605769984,4.0,0.0,4.0,1.0,0.2,"(5, 2)",6418bbe97ce6b1644060b8c6,"[p(1, 2)_cs(1.0)_ws(0.4)]_[p(5, 2)_cs(0.2)_ws(1.0)]_ability_hints_large_map_with_collision",player_613c2208_actions,,[],,,
6164,plate,put down,Counter_22,Counter,22,put down plate on counter,player_613c2208,encouraged_division_of_labor_large,8a565e88d1194811,test,4265.391829099981,86.5553512512306,4.0,0.0,4.0,1.0,0.2,"(5, 2)",6418bbe97ce6b1644060b8c6,"[p(1, 2)_cs(1.0)_ws(0.4)]_[p(5, 2)_cs(0.2)_ws(1.0)]_ability_hints_large_map_with_collision",player_613c2208_actions,player_613c2208,['player_613c2208'],,,
6201,tomato,pick up,Counter_23,Counter,23,pick up tomato from counter,player_d98dd280,encouraged_division_of_labor_large,8a565e88d1194811,test,1408.9804149414233,32.00000000000023,4.0,0.0,0.0,0.4,1.0,"(1, 2)",5e1ba7e1085a1c3dd2db39fc,"[p(1, 2)_cs(1.0)_ws(0.4)]_[p(5, 2)_cs(0.2)_ws(1.0)]_ability_hints_large_map_with_collision",player_d98dd280_actions,player_613c2208,['player_613c2208'],,,True
6282,plate,pick up,Dispenser_80,Dispenser,80,pick up plate from dispenser,player_613c2208,encouraged_division_of_labor_large,8a565e88d1194811,test,4351.947180351211,86.5553512512297,4.0,0.0,4.0,1.0,0.2,"(5, 2)",6418bbe97ce6b1644060b8c6,"[p(1, 2)_cs(1.0)_ws(0.4)]_[p(5, 2)_cs(0.2)_ws(1.0)]_ability_hints_large_map_with_collision",player_613c2208_actions,,[],,,
6297,tomato,start cutting,CuttingBoard_01,CuttingBoard,1,start cutting tomato,player_d98dd280,encouraged_division_of_labor_large,8a565e88d1194811,test,1440.9804149414235,32.00000000000023,4.0,0.0,0.0,0.4,1.0,"(1, 2)",5e1ba7e1085a1c3dd2db39fc,"[p(1, 2)_cs(1.0)_ws(0.4)]_[p(5, 2)_cs(0.2)_ws(1.0)]_ability_hints_large_map_with_collision",player_d98dd280_actions,player_d98dd280,"['player_613c2208', 'player_d98dd280']",,,
6385,plate,put down,Counter_23,Counter,23,put down plate on counter,player_613c2208,encouraged_division_of_labor_large,8a565e88d1194811,test,4444.776836946713,92.82965659550246,4.0,0.0,4.0,1.0,0.2,"(5, 2)",6418bbe97ce6b1644060b8c6,"[p(1, 2)_cs(1.0)_ws(0.4)]_[p(5, 2)_cs(0.2)_ws(1.0)]_ability_hints_large_map_with_collision",player_613c2208_actions,player_613c2208,['player_613c2208'],,,
6448,tomato_cut,pick up,CuttingBoard_10,CuttingBoard,10,pick up tomato_cut from cuttingboard,player_d98dd280,encouraged_division_of_labor_large,8a565e88d1194811,test,1440.9804149414235,0.0,4.0,0.0,0.0,0.4,1.0,"(1, 2)",5e1ba7e1085a1c3dd2db39fc,"[p(1, 2)_cs(1.0)_ws(0.4)]_[p(5, 2)_cs(0.2)_ws(1.0)]_ability_hints_large_map_with_collision",player_d98dd280_actions,player_d98dd280,"['player_613c2208', 'player_d98dd280']",,,False
6451,tomato,pick up,Dispenser_50,Dispenser,50,pick up tomato from dispenser,player_613c2208,encouraged_division_of_labor_large,8a565e88d1194811,test,4490.031670942659,45.25483399594577,4.0,0.0,4.0,1.0,0.2,"(5, 2)",6418bbe97ce6b1644060b8c6,"[p(1, 2)_cs(1.0)_ws(0.4)]_[p(5, 2)_cs(0.2)_ws(1.0)]_ability_hints_large_map_with_collision",player_613c2208_actions,,[],,,
6514,tomato_cut,assemble salad,Counter_22,Counter,22,assemble salad,player_d98dd280,encouraged_division_of_labor_large,8a565e88d1194811,test,1456.980414941425,16.000000000001137,4.0,0.0,0.0,0.4,1.0,"(1, 2)",5e1ba7e1085a1c3dd2db39fc,"[p(1, 2)_cs(1.0)_ws(0.4)]_[p(5, 2)_cs(0.2)_ws(1.0)]_ability_hints_large_map_with_collision",player_d98dd280_actions,player_613c2208,['player_d98dd280'],"['player_613c2208', 'player_d98dd280', 'player_d98dd280']",['player_613c2208'],True
6546,tomato,put down,Counter_24,Counter,24,put down tomato on counter,player_613c2208,encouraged_division_of_labor_large,8a565e88d1194811,test,4551.198766936792,61.16709599413298,4.0,0.0,4.0,1.0,0.2,"(5, 2)",6418bbe97ce6b1644060b8c6,"[p(1, 2)_cs(1.0)_ws(0.4)]_[p(5, 2)_cs(0.2)_ws(1.0)]_ability_hints_large_map_with_collision",player_613c2208_actions,player_613c2208,['player_613c2208'],,,
6595,tomato_salad,pick up,Counter_22,Counter,22,pick up tomato_salad from counter,player_613c2208,encouraged_division_of_labor_large,8a565e88d1194811,test,4583.1987669367845,31.999999999992724,4.0,0.0,4.0,1.0,0.2,"(5, 2)",6418bbe97ce6b1644060b8c6,"[p(1, 2)_cs(1.0)_ws(0.4)]_[p(5, 2)_cs(0.2)_ws(1.0)]_ability_hints_large_map_with_collision",player_613c2208_actions,player_d98dd280,['player_d98dd280'],"['player_613c2208', 'player_d98dd280', 'player_d98dd280']",['player_613c2208'],True
6645,tomato_salad,deliver,Delivery_53,Delivery,53,deliver tomato_salad,player_613c2208,encouraged_division_of_labor_large,8a565e88d1194811,test,4615.198766936777,31.999999999992724,5.0,1.0,5.0,1.0,0.2,"(5, 2)",6418bbe97ce6b1644060b8c6,"[p(1, 2)_cs(1.0)_ws(0.4)]_[p(5, 2)_cs(0.2)_ws(1.0)]_ability_hints_large_map_with_collision",player_613c2208_actions,player_613c2208,"['player_d98dd280', 'player_613c2208']","['player_613c2208', 'player_d98dd280', 'player_d98dd280']",['player_613c2208'],
6659,tomato,pick up,Counter_24,Counter,24,pick up tomato from counter,player_d98dd280,encouraged_division_of_labor_large,8a565e88d1194811,test,1488.9804149414233,31.999999999998636,5.0,0.0,0.0,0.4,1.0,"(1, 2)",5e1ba7e1085a1c3dd2db39fc,"[p(1, 2)_cs(1.0)_ws(0.4)]_[p(5, 2)_cs(0.2)_ws(1.0)]_ability_hints_large_map_with_collision",player_d98dd280_actions,player_613c2208,['player_613c2208'],,,True
6719,plate,pick up,Dispenser_80,Dispenser,80,pick up plate from dispenser,player_613c2208,encouraged_division_of_labor_large,8a565e88d1194811,test,4669.675776520333,54.47700958355563,5.0,0.0,5.0,1.0,0.2,"(5, 2)",6418bbe97ce6b1644060b8c6,"[p(1, 2)_cs(1.0)_ws(0.4)]_[p(5, 2)_cs(0.2)_ws(1.0)]_ability_hints_large_map_with_collision",player_613c2208_actions,,[],,,
6789,tomato,start cutting,CuttingBoard_10,CuttingBoard,10,start cutting tomato,player_d98dd280,encouraged_division_of_labor_large,8a565e88d1194811,test,1536.980414941423,47.99999999999977,5.0,0.0,0.0,0.4,1.0,"(1, 2)",5e1ba7e1085a1c3dd2db39fc,"[p(1, 2)_cs(1.0)_ws(0.4)]_[p(5, 2)_cs(0.2)_ws(1.0)]_ability_hints_large_map_with_collision",player_d98dd280_actions,player_d98dd280,"['player_613c2208', 'player_d98dd280']",,,
6840,plate,put down,Counter_24,Counter,24,put down plate on counter,player_613c2208,encouraged_division_of_labor_large,8a565e88d1194811,test,4778.524847470314,108.84907094998108,5.0,0.0,5.0,1.0,0.2,"(5, 2)",6418bbe97ce6b1644060b8c6,"[p(1, 2)_cs(1.0)_ws(0.4)]_[p(5, 2)_cs(0.2)_ws(1.0)]_ability_hints_large_map_with_collision",player_613c2208_actions,player_613c2208,['player_613c2208'],,,
6886,tomato_cut,pick up,CuttingBoard_01,CuttingBoard,1,pick up tomato_cut from cuttingboard,player_d98dd280,encouraged_division_of_labor_large,8a565e88d1194811,test,1536.980414941423,0.0,5.0,0.0,0.0,0.4,1.0,"(1, 2)",5e1ba7e1085a1c3dd2db39fc,"[p(1, 2)_cs(1.0)_ws(0.4)]_[p(5, 2)_cs(0.2)_ws(1.0)]_ability_hints_large_map_with_collision",player_d98dd280_actions,player_d98dd280,"['player_613c2208', 'player_d98dd280']",,,False
6920,tomato,pick up,Dispenser_50,Dispenser,50,pick up tomato from dispenser,player_613c2208,encouraged_division_of_labor_large,8a565e88d1194811,test,4839.635476995789,61.110629525474906,5.0,0.0,5.0,1.0,0.2,"(5, 2)",6418bbe97ce6b1644060b8c6,"[p(1, 2)_cs(1.0)_ws(0.4)]_[p(5, 2)_cs(0.2)_ws(1.0)]_ability_hints_large_map_with_collision",player_613c2208_actions,,[],,,
6988,tomato_cut,assemble salad,Counter_23,Counter,23,assemble salad,player_d98dd280,encouraged_division_of_labor_large,8a565e88d1194811,test,1568.9804149414233,32.00000000000023,5.0,0.0,0.0,0.4,1.0,"(1, 2)",5e1ba7e1085a1c3dd2db39fc,"[p(1, 2)_cs(1.0)_ws(0.4)]_[p(5, 2)_cs(0.2)_ws(1.0)]_ability_hints_large_map_with_collision",player_d98dd280_actions,player_613c2208,['player_d98dd280'],"['player_613c2208', 'player_d98dd280', 'player_d98dd280']",['player_613c2208'],True
7017,tomato,put down,Counter_22,Counter,22,put down tomato on counter,player_613c2208,encouraged_division_of_labor_large,8a565e88d1194811,test,4878.11870008156,38.48322308577099,5.0,0.0,5.0,1.0,0.2,"(5, 2)",6418bbe97ce6b1644060b8c6,"[p(1, 2)_cs(1.0)_ws(0.4)]_[p(5, 2)_cs(0.2)_ws(1.0)]_ability_hints_large_map_with_collision",player_613c2208_actions,player_613c2208,['player_613c2208'],,,
7055,tomato_salad,pick up,Counter_23,Counter,23,pick up tomato_salad from counter,player_613c2208,encouraged_division_of_labor_large,8a565e88d1194811,test,4894.118700081556,15.999999999996362,5.0,0.0,5.0,1.0,0.2,"(5, 2)",6418bbe97ce6b1644060b8c6,"[p(1, 2)_cs(1.0)_ws(0.4)]_[p(5, 2)_cs(0.2)_ws(1.0)]_ability_hints_large_map_with_collision",player_613c2208_actions,player_d98dd280,['player_d98dd280'],"['player_613c2208', 'player_d98dd280', 'player_d98dd280']",['player_613c2208'],True
7091,tomato_cut,pick up,CuttingBoard_10,CuttingBoard,10,pick up tomato_cut from cuttingboard,player_d98dd280,encouraged_division_of_labor_large,8a565e88d1194811,test,1600.9804149414235,32.00000000000023,5.0,0.0,0.0,0.4,1.0,"(1, 2)",5e1ba7e1085a1c3dd2db39fc,"[p(1, 2)_cs(1.0)_ws(0.4)]_[p(5, 2)_cs(0.2)_ws(1.0)]_ability_hints_large_map_with_collision",player_d98dd280_actions,player_d98dd280,"['player_613c2208', 'player_d98dd280']",,,False
7109,tomato_salad,deliver,Delivery_53,Delivery,53,deliver tomato_salad,player_613c2208,encouraged_division_of_labor_large,8a565e88d1194811,test,4932.627931827863,38.5092317463068,6.0,1.0,6.0,1.0,0.2,"(5, 2)",6418bbe97ce6b1644060b8c6,"[p(1, 2)_cs(1.0)_ws(0.4)]_[p(5, 2)_cs(0.2)_ws(1.0)]_ability_hints_large_map_with_collision",player_613c2208_actions,player_613c2208,"['player_d98dd280', 'player_613c2208']","['player_613c2208', 'player_d98dd280', 'player_d98dd280']",['player_613c2208'],
7184,plate,pick up,Dispenser_80,Dispenser,80,pick up plate from dispenser,player_613c2208,encouraged_division_of_labor_large,8a565e88d1194811,test,4987.104941411419,54.47700958355563,6.0,0.0,6.0,1.0,0.2,"(5, 2)",6418bbe97ce6b1644060b8c6,"[p(1, 2)_cs(1.0)_ws(0.4)]_[p(5, 2)_cs(0.2)_ws(1.0)]_ability_hints_large_map_with_collision",player_613c2208_actions,,[],,,
7212,tomato_cut,assemble salad,Counter_24,Counter,24,assemble salad,player_d98dd280,encouraged_division_of_labor_large,8a565e88d1194811,test,1648.9804149414233,47.99999999999977,6.0,0.0,0.0,0.4,1.0,"(1, 2)",5e1ba7e1085a1c3dd2db39fc,"[p(1, 2)_cs(1.0)_ws(0.4)]_[p(5, 2)_cs(0.2)_ws(1.0)]_ability_hints_large_map_with_collision",player_d98dd280_actions,player_613c2208,['player_d98dd280'],"['player_613c2208', 'player_d98dd280', 'player_d98dd280']",['player_613c2208'],True
7282,plate,put down,Counter_23,Counter,23,put down plate on counter,player_613c2208,encouraged_division_of_labor_large,8a565e88d1194811,test,5079.934598006921,92.82965659550246,6.0,0.0,6.0,1.0,0.2,"(5, 2)",6418bbe97ce6b1644060b8c6,"[p(1, 2)_cs(1.0)_ws(0.4)]_[p(5, 2)_cs(0.2)_ws(1.0)]_ability_hints_large_map_with_collision",player_613c2208_actions,player_613c2208,['player_613c2208'],,,
7300,tomato,pick up,Counter_22,Counter,22,pick up tomato from counter,player_d98dd280,encouraged_division_of_labor_large,8a565e88d1194811,test,1680.980414941422,31.999999999998636,6.0,0.0,0.0,0.4,1.0,"(1, 2)",5e1ba7e1085a1c3dd2db39fc,"[p(1, 2)_cs(1.0)_ws(0.4)]_[p(5, 2)_cs(0.2)_ws(1.0)]_ability_hints_large_map_with_collision",player_d98dd280_actions,player_613c2208,['player_613c2208'],,,True
7319,tomato_salad,pick up,Counter_24,Counter,24,pick up tomato_salad from counter,player_613c2208,encouraged_division_of_labor_large,8a565e88d1194811,test,5095.934598006917,15.999999999996362,6.0,0.0,6.0,1.0,0.2,"(5, 2)",6418bbe97ce6b1644060b8c6,"[p(1, 2)_cs(1.0)_ws(0.4)]_[p(5, 2)_cs(0.2)_ws(1.0)]_ability_hints_large_map_with_collision",player_613c2208_actions,player_d98dd280,['player_d98dd280'],"['player_613c2208', 'player_d98dd280', 'player_d98dd280']",['player_613c2208'],True
